$SPEC_ID:
This is a background count of our setup with no radioisotope in 
$SPEC_REM:
DET# 1
DETDESC# DLAB-PHY-L3-49 926 Right
AP# Maestro Version 7.01
$DATE_MEA:
10/24/2024 15:00:50
$MEAS_TIM:
509 931
$DATA:
0 8191
       1
       4
       1
       2
       3
       4
       4
       2
       4
       0
       1
       0
       5
       3
       1
       3
       3
       5
       5
       1
       4
       3
       9
      12
      27
      40
      55
     128
     186
     303
     419
     618
     848
    1285
    1856
    2901
    4505
    6542
    8452
    9911
   11418
   11834
   12254
   12204
   12173
   11958
   11558
   11301
   11121
   10968
   10715
   10777
   10528
   10332
   10136
    9822
    9700
    9422
    9345
    9150
    9155
    8966
    8795
    8601
    8474
    8589
    8234
    8153
    7963
    7942
    7920
    7778
    7571
    7546
    7369
    7326
    7474
    7194
    7191
    7194
    6974
    6866
    6813
    6642
    6648
    6883
    6507
    6591
    6559
    6556
    6346
    6365
    6357
    6257
    6372
    6341
    6081
    6250
    6034
    6215
    6052
    5960
    6094
    6186
    6016
    5839
    5799
    6014
    5849
    6023
    5838
    5773
    5845
    5970
    5713
    5812
    5833
    5756
    5726
    5769
    5655
    5622
    5606
    5694
    5609
    5564
    5668
    5616
    5636
    5694
    5575
    5685
    5527
    5530
    5392
    5588
    5547
    5462
    5468
    5585
    5402
    5584
    5401
    5399
    5537
    5552
    5439
    5283
    5538
    5311
    5388
    5391
    5525
    5494
    5427
    5374
    5324
    5250
    5168
    5265
    5185
    5421
    5271
    5247
    5272
    5223
    5107
    5208
    5358
    5360
    5198
    5215
    5269
    5232
    5230
    5253
    5089
    5207
    5237
    5239
    5130
    5125
    5131
    5201
    5084
    5139
    5103
    5041
    5084
    5105
    5151
    5023
    5090
    5110
    5073
    5036
    5008
    5005
    5020
    4946
    5069
    4981
    5068
    5057
    5000
    5063
    5124
    4958
    4885
    5005
    4943
    4965
    5131
    5013
    5118
    4902
    4994
    4983
    4953
    5023
    4952
    4930
    5093
    4948
    4882
    5013
    4969
    5087
    4809
    4904
    4918
    5019
    4900
    5007
    5046
    5029
    4972
    4902
    4874
    4940
    4860
    5014
    4933
    4963
    4929
    4977
    4958
    4915
    4935
    4918
    4937
    4971
    4886
    4768
    4905
    5016
    4982
    4967
    5169
    4857
    4901
    4802
    4905
    5000
    5031
    4862
    4974
    4981
    4886
    5012
    5140
    4851
    4932
    4879
    4950
    4985
    4848
    4979
    5027
    4899
    5031
    4942
    4913
    4945
    5031
    4817
    5039
    4824
    5013
    5049
    4952
    4989
    4904
    5057
    5014
    5077
    5030
    4889
    5087
    4976
    5040
    5153
    5050
    4995
    5063
    5272
    5147
    5079
    5210
    5181
    5208
    5268
    5333
    5407
    5378
    5351
    5616
    5427
    5422
    5467
    5547
    5511
    5531
    5598
    5641
    5742
    5659
    5893
    5899
    5847
    5807
    6030
    5889
    6169
    6011
    6019
    6031
    6063
    5927
    5989
    6025
    6108
    6013
    6092
    6094
    5795
    5976
    5944
    5938
    5915
    5993
    5888
    5857
    5775
    5714
    5953
    5893
    5614
    5716
    5661
    5707
    5641
    5589
    5426
    5448
    5522
    5307
    5437
    5402
    5398
    5337
    5371
    5228
    5252
    5398
    5320
    5319
    5356
    5274
    5297
    5335
    5285
    5412
    5376
    5374
    5285
    5401
    5414
    5487
    5362
    5367
    5344
    5482
    5372
    5324
    5297
    5393
    5271
    5386
    5403
    5279
    5367
    5202
    5396
    5340
    5285
    5218
    5142
    5152
    5189
    5324
    5218
    5265
    5204
    5123
    5140
    5008
    5061
    5091
    4871
    4981
    4800
    4977
    4895
    4905
    4752
    4854
    4863
    4720
    4826
    4767
    4684
    4677
    4586
    4765
    4570
    4633
    4571
    4592
    4535
    4707
    4592
    4575
    4502
    4643
    4633
    4607
    4421
    4528
    4601
    4688
    4488
    4478
    4482
    4402
    4422
    4427
    4400
    4487
    4446
    4474
    4598
    4487
    4367
    4408
    4361
    4577
    4488
    4319
    4546
    4465
    4443
    4441
    4271
    4399
    4478
    4316
    4525
    4492
    4383
    4409
    4385
    4526
    4401
    4414
    4295
    4462
    4410
    4278
    4329
    4383
    4321
    4336
    4285
    4375
    4363
    4374
    4245
    4376
    4332
    4316
    4362
    4274
    4508
    4382
    4355
    4376
    4319
    4384
    4327
    4266
    4363
    4430
    4254
    4251
    4405
    4339
    4370
    4378
    4278
    4232
    4313
    4363
    4202
    4195
    4258
    4393
    4254
    4340
    4284
    4295
    4321
    4197
    4293
    4365
    4220
    4311
    4355
    4273
    4297
    4352
    4267
    4205
    4414
    4221
    4296
    4255
    4188
    4479
    4318
    4315
    4296
    4339
    4222
    4406
    4361
    4224
    4243
    4243
    4332
    4293
    4224
    4353
    4295
    4214
    4310
    4284
    4209
    4181
    4211
    4254
    4296
    4274
    4254
    4221
    4275
    4338
    4081
    4270
    4233
    4150
    4359
    4201
    4198
    4172
    4222
    4289
    4222
    4268
    4269
    4201
    4238
    4204
    4123
    4255
    4170
    4198
    4155
    4269
    4186
    4251
    4301
    4201
    4311
    4296
    4316
    4230
    4294
    4287
    4168
    4297
    4162
    4202
    4178
    4187
    4198
    4276
    4191
    4284
    4347
    4097
    4309
    4261
    4189
    4192
    4325
    4211
    4295
    4202
    4351
    4249
    4278
    4238
    4280
    4084
    4195
    4274
    4260
    4142
    4260
    4204
    4167
    4252
    4145
    4213
    4171
    4335
    4298
    4284
    4151
    4192
    4223
    4285
    4243
    4225
    4255
    4150
    4248
    4294
    4175
    4054
    4123
    4230
    4194
    4376
    4180
    4281
    4158
    4236
    4144
    4236
    4314
    4223
    4303
    4229
    4317
    4211
    4261
    4252
    4202
    4186
    4334
    4206
    4176
    4237
    4220
    4221
    4089
    4152
    4130
    4107
    4169
    4315
    4207
    4254
    4200
    4208
    4210
    4245
    4211
    4334
    4239
    4398
    4106
    4240
    4230
    4165
    4133
    4168
    4305
    4306
    4189
    4231
    4141
    4307
    4149
    4165
    4139
    4249
    4090
    4135
    4222
    4211
    4152
    4258
    4236
    4220
    4176
    4265
    4085
    4278
    4211
    4276
    4191
    4106
    4248
    4122
    4278
    4185
    4225
    4173
    4168
    4197
    4292
    4341
    4071
    4212
    4166
    4254
    4139
    4282
    4243
    4266
    4178
    4207
    4219
    4204
    4219
    4093
    4095
    4137
    4191
    4249
    4156
    4222
    4145
    4185
    4152
    4203
    4257
    4206
    4145
    4237
    4137
    4149
    4257
    4139
    4173
    4103
    4236
    4139
    4045
    4005
    4118
    4242
    4151
    4099
    4053
    4237
    4220
    4179
    4212
    4174
    4127
    4225
    4104
    4173
    4171
    4228
    4158
    4197
    4131
    4174
    4144
    4174
    4114
    4108
    4107
    4177
    4093
    4109
    4126
    4205
    4181
    4073
    4246
    4089
    3996
    4041
    4233
    4173
    4190
    4143
    4148
    4113
    4070
    4096
    3990
    4163
    4136
    4035
    4170
    4132
    4109
    4101
    4148
    4124
    4053
    4097
    4137
    4098
    4227
    4258
    4077
    4050
    4107
    4170
    4144
    4155
    4061
    4114
    4074
    4057
    4249
    4137
    4101
    4068
    4028
    4078
    4029
    4111
    4055
    4030
    4172
    4093
    4060
    3888
    4018
    4078
    4004
    4132
    4102
    4053
    3970
    4118
    4074
    4124
    4135
    4175
    4025
    4111
    4132
    3993
    4153
    4122
    4061
    4094
    4069
    4109
    3958
    4092
    4079
    3967
    4008
    4015
    4055
    3986
    4090
    4026
    4033
    4091
    3975
    4031
    4024
    4062
    4028
    3944
    4073
    3961
    4081
    4136
    4110
    3978
    4067
    4107
    3970
    4077
    4034
    4074
    4053
    3981
    4053
    3948
    3980
    3948
    4062
    4031
    3957
    3910
    3919
    3942
    3852
    4092
    4027
    4122
    4009
    3998
    3991
    4046
    4050
    4011
    3984
    3954
    3905
    3999
    4039
    4118
    4054
    3941
    3951
    3993
    4033
    4057
    4027
    3939
    4107
    4025
    3957
    3916
    3985
    4050
    4045
    3930
    4018
    3910
    4029
    3917
    4054
    3970
    3947
    3975
    3861
    4026
    4111
    4032
    3999
    3952
    4057
    3996
    3917
    3979
    3917
    3917
    3965
    4075
    3912
    3953
    3896
    3939
    4026
    3946
    4001
    3924
    3960
    4063
    3911
    3973
    3893
    3957
    3877
    3977
    3828
    3932
    4028
    4037
    3942
    3898
    4059
    3990
    3982
    4009
    3996
    4058
    4026
    4042
    3996
    3982
    3902
    4073
    4059
    4051
    3960
    4006
    4004
    4031
    3960
    3969
    4075
    3974
    4084
    4105
    4139
    4014
    4160
    4120
    4064
    4103
    3920
    4086
    4124
    3970
    4073
    4084
    4050
    4088
    4106
    3981
    4157
    4212
    4133
    4165
    4230
    4195
    4156
    4247
    4202
    4263
    4282
    4187
    4215
    4250
    4246
    4219
    4253
    4318
    4286
    4340
    4385
    4251
    4281
    4188
    4328
    4320
    4373
    4235
    4381
    4351
    4446
    4311
    4569
    4353
    4333
    4306
    4453
    4285
    4420
    4287
    4371
    4304
    4403
    4440
    4454
    4438
    4474
    4413
    4487
    4429
    4436
    4461
    4475
    4606
    4540
    4421
    4362
    4401
    4396
    4641
    4343
    4515
    4603
    4453
    4547
    4484
    4443
    4397
    4315
    4325
    4312
    4314
    4386
    4346
    4414
    4398
    4345
    4305
    4365
    4322
    4372
    4479
    4249
    4375
    4304
    4379
    4341
    4324
    4317
    4332
    4401
    4370
    4329
    4397
    4283
    4339
    4370
    4316
    4425
    4300
    4338
    4263
    4288
    4248
    4209
    4286
    4376
    4288
    4286
    4227
    4356
    4194
    4317
    4273
    4299
    4267
    4158
    4218
    4134
    4311
    4202
    4251
    4223
    4200
    4311
    4271
    4163
    4267
    4170
    4242
    4267
    4265
    4172
    4151
    4194
    4211
    4112
    4244
    4195
    4124
    4167
    4288
    4146
    4305
    4246
    4160
    4191
    4177
    4233
    4270
    4233
    4208
    4167
    4143
    4262
    4151
    4171
    4099
    4147
    4088
    4113
    4187
    4264
    4259
    4059
    4211
    4176
    4149
    4170
    4119
    4090
    4120
    4117
    4048
    4194
    4163
    4177
    4153
    4099
    4151
    4162
    4272
    4190
    4107
    4142
    4182
    4174
    4039
    4176
    4040
    4161
    4175
    4175
    4225
    4156
    4095
    4185
    4078
    4050
    4146
    4063
    4109
    4143
    4214
    4173
    4058
    4107
    4034
    4000
    4209
    4093
    4186
    4021
    3994
    4029
    4125
    3982
    4080
    4098
    4079
    4083
    4105
    4054
    4051
    4126
    4144
    3989
    4061
    3980
    4088
    4105
    4110
    4015
    4045
    4156
    4112
    4006
    4041
    4064
    3955
    4046
    3927
    3993
    4098
    4026
    3980
    4032
    4099
    4015
    4043
    4037
    3978
    4043
    3964
    4044
    4033
    4076
    4057
    4116
    4053
    3986
    4140
    4067
    4066
    4044
    4106
    3948
    4094
    4090
    3970
    3885
    3987
    3995
    4061
    4161
    3955
    3968
    4033
    3884
    3989
    3925
    3951
    4002
    3883
    3933
    3963
    4092
    3885
    3828
    3971
    4050
    4187
    3988
    3904
    4049
    3873
    4083
    3957
    4034
    4062
    4010
    3936
    3940
    3902
    4038
    4023
    3867
    3909
    3962
    3938
    3829
    3875
    3960
    3946
    4007
    4018
    3983
    3960
    4018
    4013
    4013
    3957
    3893
    3868
    3891
    3927
    3966
    3912
    3951
    3897
    3863
    3868
    3965
    3889
    4005
    3817
    3985
    3844
    3818
    3854
    3930
    3873
    3856
    3841
    3859
    3973
    3991
    3895
    3988
    3985
    3823
    3837
    3865
    4009
    3871
    3949
    3933
    3907
    3840
    3957
    3919
    3856
    3882
    3874
    3897
    3864
    3857
    3939
    3834
    3786
    3824
    3828
    3769
    3753
    3909
    3931
    3900
    3813
    3780
    4011
    3812
    3832
    3866
    4014
    3823
    3907
    3836
    3954
    3813
    3894
    3857
    3846
    3875
    3888
    3855
    3887
    3845
    3787
    3794
    3831
    3894
    3848
    3800
    3866
    3913
    3858
    3859
    3887
    3814
    3761
    3830
    3788
    3766
    3740
    3675
    3894
    3774
    3917
    3857
    3752
    3917
    3816
    3868
    3756
    3809
    3844
    3718
    3858
    3822
    3737
    3732
    3766
    3816
    3740
    3847
    3903
    3805
    3857
    3901
    3933
    3825
    3826
    3697
    3656
    3791
    3913
    3858
    3740
    3741
    3721
    3756
    3740
    3822
    3753
    3768
    3792
    3855
    3775
    3752
    3798
    3748
    3793
    3760
    3770
    3709
    3737
    3748
    3718
    3648
    3775
    3800
    3806
    3720
    3756
    3791
    3643
    3857
    3794
    3770
    3834
    3679
    3859
    3777
    3794
    3764
    3779
    3709
    3747
    3726
    3711
    3750
    3637
    3643
    3699
    3695
    3804
    3738
    3793
    3774
    3768
    3852
    3726
    3682
    3693
    3768
    3762
    3785
    3664
    3812
    3826
    3805
    3860
    3774
    3728
    3767
    3852
    3861
    3798
    3799
    3775
    3801
    3828
    3791
    3830
    3922
    3763
    3831
    3992
    3825
    4002
    3699
    3755
    3845
    3813
    3919
    3964
    3857
    3883
    3772
    3965
    3832
    3828
    3925
    3747
    3791
    3869
    3760
    3826
    3895
    3824
    3855
    3854
    3781
    3760
    3885
    3882
    3866
    3783
    3789
    3790
    3782
    3756
    3806
    3712
    3739
    3767
    3742
    3811
    3665
    3853
    3705
    3745
    3645
    3664
    3762
    3689
    3609
    3731
    3620
    3663
    3697
    3687
    3743
    3842
    3698
    3634
    3664
    3666
    3745
    3700
    3584
    3617
    3714
    3665
    3717
    3595
    3621
    3593
    3654
    3628
    3694
    3594
    3654
    3670
    3636
    3666
    3659
    3602
    3520
    3620
    3677
    3693
    3642
    3560
    3658
    3551
    3655
    3644
    3772
    3588
    3562
    3585
    3796
    3602
    3697
    3619
    3703
    3619
    3627
    3595
    3670
    3600
    3646
    3556
    3648
    3618
    3734
    3523
    3605
    3436
    3598
    3590
    3578
    3498
    3519
    3605
    3609
    3637
    3655
    3482
    3539
    3597
    3655
    3477
    3596
    3533
    3566
    3649
    3698
    3592
    3631
    3549
    3533
    3614
    3597
    3490
    3650
    3586
    3571
    3558
    3558
    3455
    3553
    3556
    3514
    3482
    3653
    3539
    3556
    3681
    3478
    3502
    3556
    3504
    3598
    3615
    3505
    3678
    3547
    3601
    3578
    3583
    3387
    3518
    3510
    3502
    3581
    3466
    3540
    3487
    3453
    3442
    3571
    3523
    3533
    3449
    3659
    3609
    3515
    3526
    3523
    3544
    3495
    3527
    3473
    3524
    3422
    3460
    3571
    3544
    3525
    3580
    3562
    3519
    3568
    3526
    3525
    3552
    3569
    3583
    3471
    3477
    3477
    3386
    3405
    3532
    3539
    3575
    3527
    3576
    3440
    3515
    3525
    3600
    3554
    3424
    3430
    3484
    3562
    3577
    3444
    3534
    3447
    3510
    3565
    3477
    3561
    3440
    3448
    3465
    3553
    3572
    3405
    3333
    3467
    3572
    3406
    3483
    3485
    3478
    3438
    3417
    3478
    3480
    3450
    3447
    3397
    3396
    3391
    3434
    3460
    3375
    3475
    3403
    3503
    3498
    3401
    3529
    3298
    3447
    3386
    3455
    3363
    3460
    3583
    3366
    3396
    3529
    3416
    3324
    3323
    3466
    3377
    3510
    3293
    3379
    3344
    3437
    3322
    3386
    3363
    3332
    3431
    3336
    3458
    3326
    3260
    3325
    3468
    3349
    3435
    3390
    3462
    3493
    3340
    3414
    3332
    3402
    3407
    3502
    3373
    3396
    3367
    3308
    3446
    3370
    3391
    3313
    3397
    3398
    3420
    3417
    3295
    3390
    3463
    3352
    3340
    3408
    3343
    3319
    3283
    3439
    3367
    3266
    3386
    3300
    3343
    3283
    3258
    3330
    3420
    3300
    3277
    3393
    3275
    3305
    3275
    3325
    3299
    3482
    3352
    3374
    3356
    3274
    3257
    3326
    3290
    3336
    3262
    3248
    3370
    3326
    3255
    3419
    3318
    3306
    3329
    3345
    3359
    3372
    3270
    3328
    3361
    3327
    3237
    3309
    3281
    3359
    3169
    3355
    3298
    3234
    3284
    3299
    3306
    3325
    3341
    3279
    3262
    3301
    3225
    3202
    3183
    3264
    3307
    3306
    3253
    3272
    3259
    3277
    3180
    3271
    3231
    3235
    3228
    3329
    3228
    3329
    3255
    3186
    3315
    3264
    3213
    3266
    3194
    3263
    3397
    3259
    3233
    3193
    3211
    3235
    3276
    3276
    3361
    3216
    3238
    3110
    3271
    3244
    3152
    3330
    3310
    3230
    3269
    3193
    3286
    3161
    3220
    3145
    3187
    3295
    3245
    3188
    3160
    3194
    3236
    3233
    3206
    3239
    3176
    3315
    3240
    3196
    3238
    3156
    3201
    3242
    3223
    3112
    3235
    3141
    3204
    3244
    3316
    3150
    3130
    3201
    3183
    3195
    3048
    3170
    3227
    3103
    3130
    3247
    3202
    3181
    3054
    3085
    3313
    3098
    3154
    3110
    3218
    3119
    3193
    3152
    3223
    3114
    3204
    3193
    3155
    3237
    3249
    3251
    3205
    3091
    3183
    3195
    3117
    3082
    3149
    3142
    3154
    3092
    3079
    3106
    3117
    3103
    3148
    3155
    3072
    3145
    3096
    3160
    3051
    3182
    3212
    3214
    2996
    3231
    3142
    3137
    3087
    3062
    3060
    3088
    3108
    3102
    3108
    3098
    3035
    3103
    3117
    3184
    3137
    3141
    3225
    3060
    3076
    3195
    3249
    3101
    3069
    3072
    3009
    3115
    3117
    3085
    3023
    3175
    3132
    3088
    3099
    2978
    3104
    3013
    3178
    3020
    3078
    3178
    3046
    3136
    3070
    3081
    3047
    3124
    3051
    3078
    3081
    3046
    3088
    3005
    3037
    3086
    3047
    3091
    3165
    3099
    3000
    3070
    3121
    3144
    3118
    2996
    2988
    3062
    3062
    3116
    3195
    3021
    3053
    3137
    3094
    2980
    3091
    3023
    3012
    3035
    3027
    3082
    3053
    3062
    3031
    2938
    2992
    3037
    3129
    3142
    3046
    3050
    3032
    2965
    3046
    2976
    3039
    3135
    2948
    3068
    3033
    3044
    3037
    3044
    2955
    3054
    2897
    3047
    2997
    2880
    2912
    2987
    3089
    2886
    2982
    3082
    2979
    2906
    3016
    2875
    3040
    2981
    3062
    2951
    2974
    3014
    2973
    3112
    3053
    2958
    3071
    2958
    2957
    2899
    2872
    2919
    3038
    3119
    3050
    2991
    3006
    2932
    2966
    2943
    2959
    3045
    2986
    2997
    3104
    2949
    3040
    2961
    2971
    3023
    3005
    2916
    2979
    2964
    2900
    2919
    2985
    3003
    3002
    2868
    2877
    2917
    3000
    3004
    3027
    3081
    2953
    2871
    2902
    2949
    2993
    3030
    2924
    2878
    2971
    2912
    2971
    2884
    2881
    2897
    2939
    2997
    2892
    2970
    2931
    2998
    2932
    2834
    2907
    2927
    2947
    2944
    2804
    2966
    2871
    2936
    3020
    2981
    2898
    2873
    2890
    2849
    2914
    2867
    3004
    2898
    2963
    2959
    2864
    2954
    2917
    2888
    3053
    2973
    2972
    2901
    2898
    2901
    2856
    2921
    3020
    2890
    2968
    2918
    2964
    2929
    2863
    2907
    2965
    2948
    2988
    2850
    2839
    2907
    2801
    2986
    2950
    2915
    2906
    2897
    2816
    2885
    2895
    2984
    2889
    3039
    2796
    2974
    2961
    2841
    2856
    2840
    2831
    2777
    2892
    2966
    2924
    2861
    2943
    2918
    2827
    2896
    2879
    2929
    2876
    2840
    2896
    2861
    2881
    2853
    2798
    2830
    2872
    2836
    2904
    2892
    2916
    2886
    2941
    2746
    2834
    2807
    2824
    2768
    2902
    2746
    2852
    2830
    2861
    2832
    2889
    2877
    2836
    2898
    2824
    2809
    2859
    2897
    2836
    2900
    2822
    2811
    2887
    2896
    2738
    2878
    2771
    2847
    2831
    2808
    2818
    2768
    2875
    2896
    2876
    2744
    2826
    2888
    2835
    2863
    2771
    2819
    2896
    2789
    2767
    2866
    2759
    2945
    2781
    2853
    2767
    2816
    2781
    2931
    2799
    2827
    2891
    2824
    2770
    2831
    2920
    2914
    2843
    2793
    2831
    2833
    2859
    2790
    2875
    2888
    2837
    2870
    2836
    2806
    2751
    2802
    2750
    2844
    2758
    2912
    2925
    2697
    2776
    2778
    2893
    2903
    2838
    2794
    2888
    2754
    2755
    2819
    2889
    2798
    2803
    2823
    2839
    2705
    2845
    2804
    2914
    2744
    2824
    2918
    2808
    2800
    2795
    2843
    2840
    2797
    2773
    2848
    2732
    2754
    2844
    2794
    2806
    2844
    2814
    2833
    2748
    2721
    2658
    2806
    2821
    2818
    2911
    2739
    2836
    2858
    2948
    2774
    2745
    2855
    2804
    2654
    2824
    2675
    2811
    2758
    2785
    2640
    2737
    2767
    2778
    2698
    2841
    2707
    2791
    2808
    2781
    2759
    2779
    2760
    2766
    2762
    2715
    2737
    2694
    2811
    2806
    2832
    2778
    2808
    2653
    2749
    2752
    2748
    2757
    2888
    2760
    2694
    2801
    2785
    2725
    2734
    2780
    2783
    2677
    2767
    2711
    2677
    2828
    2829
    2718
    2698
    2704
    2714
    2806
    2790
    2742
    2773
    2853
    2758
    2798
    2782
    2664
    2677
    2724
    2713
    2756
    2904
    2815
    2739
    2688
    2866
    2746
    2738
    2727
    2727
    2827
    2777
    2685
    2764
    2700
    2822
    2617
    2668
    2808
    2773
    2755
    2817
    2743
    2686
    2725
    2762
    2735
    2803
    2769
    2755
    2733
    2802
    2718
    2756
    2878
    2890
    2810
    2903
    2828
    2791
    2832
    2832
    2871
    2937
    2876
    2829
    2957
    2863
    2954
    2878
    2927
    2956
    2857
    2954
    2921
    3004
    3022
    2905
    2958
    3068
    3024
    2948
    3091
    3062
    3077
    3117
    3010
    2941
    3041
    3089
    2969
    3032
    2995
    2971
    3098
    3049
    2992
    2935
    2960
    3029
    2914
    2906
    2864
    2871
    2958
    2924
    2984
    2890
    2938
    2897
    2920
    2993
    2844
    2831
    2904
    2749
    2864
    2820
    2768
    2807
    2762
    2769
    2779
    2797
    2670
    2737
    2710
    2752
    2767
    2720
    2630
    2660
    2652
    2679
    2671
    2746
    2728
    2764
    2588
    2636
    2661
    2801
    2636
    2674
    2684
    2656
    2621
    2684
    2655
    2686
    2674
    2563
    2659
    2631
    2668
    2676
    2675
    2676
    2668
    2688
    2615
    2716
    2676
    2640
    2698
    2655
    2576
    2719
    2660
    2759
    2637
    2679
    2597
    2653
    2662
    2750
    2631
    2610
    2622
    2743
    2672
    2591
    2634
    2632
    2729
    2672
    2604
    2733
    2607
    2612
    2674
    2699
    2741
    2563
    2547
    2626
    2660
    2670
    2568
    2657
    2671
    2577
    2613
    2597
    2631
    2559
    2622
    2687
    2723
    2696
    2640
    2636
    2631
    2552
    2596
    2672
    2614
    2623
    2661
    2591
    2606
    2727
    2655
    2698
    2594
    2583
    2666
    2608
    2600
    2555
    2619
    2602
    2613
    2590
    2693
    2756
    2666
    2711
    2662
    2723
    2728
    2725
    2696
    2605
    2573
    2686
    2657
    2576
    2709
    2648
    2722
    2553
    2605
    2664
    2615
    2639
    2736
    2616
    2616
    2750
    2715
    2600
    2609
    2729
    2691
    2695
    2675
    2670
    2660
    2628
    2672
    2552
    2639
    2645
    2616
    2707
    2693
    2656
    2709
    2539
    2606
    2649
    2552
    2574
    2660
    2679
    2642
    2628
    2676
    2626
    2583
    2634
    2678
    2626
    2725
    2581
    2657
    2702
    2688
    2641
    2588
    2609
    2647
    2600
    2674
    2570
    2664
    2575
    2593
    2536
    2587
    2603
    2623
    2697
    2626
    2562
    2650
    2720
    2596
    2678
    2645
    2618
    2560
    2559
    2506
    2574
    2718
    2661
    2578
    2568
    2671
    2678
    2673
    2570
    2549
    2625
    2646
    2602
    2617
    2582
    2587
    2629
    2618
    2563
    2598
    2686
    2613
    2669
    2561
    2684
    2565
    2541
    2608
    2593
    2675
    2546
    2645
    2636
    2688
    2698
    2626
    2630
    2664
    2581
    2612
    2587
    2640
    2614
    2577
    2677
    2562
    2668
    2575
    2628
    2648
    2657
    2652
    2670
    2544
    2558
    2560
    2591
    2595
    2639
    2591
    2595
    2575
    2592
    2556
    2632
    2592
    2655
    2584
    2623
    2616
    2615
    2597
    2572
    2609
    2629
    2554
    2672
    2532
    2602
    2587
    2605
    2565
    2608
    2584
    2581
    2554
    2594
    2585
    2591
    2703
    2596
    2624
    2674
    2573
    2639
    2545
    2665
    2592
    2594
    2550
    2580
    2660
    2528
    2619
    2572
    2556
    2639
    2690
    2587
    2603
    2626
    2571
    2612
    2543
    2612
    2636
    2592
    2525
    2619
    2585
    2620
    2554
    2604
    2599
    2612
    2572
    2693
    2607
    2551
    2625
    2593
    2582
    2563
    2531
    2694
    2644
    2537
    2606
    2613
    2633
    2559
    2551
    2598
    2576
    2653
    2780
    2678
    2631
    2562
    2554
    2550
    2651
    2575
    2619
    2632
    2634
    2545
    2670
    2619
    2552
    2635
    2621
    2585
    2509
    2637
    2651
    2575
    2566
    2525
    2527
    2653
    2609
    2611
    2689
    2557
    2564
    2573
    2587
    2699
    2580
    2568
    2624
    2660
    2636
    2648
    2579
    2506
    2569
    2671
    2618
    2499
    2599
    2572
    2608
    2666
    2660
    2581
    2663
    2510
    2659
    2666
    2628
    2511
    2548
    2542
    2548
    2578
    2667
    2612
    2599
    2552
    2637
    2571
    2596
    2612
    2624
    2562
    2545
    2576
    2654
    2509
    2646
    2471
    2511
    2684
    2630
    2626
    2607
    2543
    2578
    2581
    2564
    2593
    2598
    2664
    2628
    2714
    2601
    2575
    2578
    2582
    2608
    2666
    2583
    2624
    2627
    2577
    2568
    2618
    2528
    2681
    2633
    2638
    2522
    2597
    2792
    2579
    2554
    2572
    2506
    2455
    2650
    2507
    2590
    2681
    2573
    2703
    2621
    2675
    2550
    2601
    2543
    2558
    2630
    2651
    2643
    2573
    2525
    2587
    2728
    2511
    2607
    2637
    2589
    2560
    2602
    2548
    2540
    2565
    2512
    2577
    2515
    2598
    2594
    2429
    2593
    2592
    2588
    2593
    2672
    2572
    2728
    2585
    2586
    2540
    2645
    2523
    2611
    2536
    2589
    2525
    2595
    2629
    2561
    2574
    2621
    2608
    2591
    2626
    2528
    2526
    2584
    2712
    2510
    2582
    2613
    2646
    2560
    2566
    2579
    2553
    2641
    2532
    2600
    2549
    2565
    2509
    2575
    2598
    2548
    2576
    2601
    2516
    2621
    2607
    2588
    2590
    2609
    2524
    2577
    2672
    2598
    2582
    2611
    2622
    2697
    2509
    2548
    2631
    2512
    2611
    2601
    2520
    2617
    2685
    2568
    2512
    2622
    2558
    2557
    2572
    2606
    2606
    2588
    2640
    2628
    2488
    2625
    2531
    2581
    2541
    2497
    2591
    2527
    2629
    2719
    2511
    2547
    2630
    2575
    2492
    2610
    2552
    2486
    2524
    2552
    2687
    2497
    2607
    2576
    2644
    2529
    2574
    2582
    2615
    2528
    2646
    2514
    2519
    2574
    2606
    2543
    2599
    2606
    2649
    2605
    2625
    2613
    2614
    2572
    2646
    2576
    2664
    2538
    2600
    2657
    2609
    2632
    2558
    2577
    2580
    2552
    2592
    2651
    2517
    2543
    2627
    2567
    2537
    2692
    2533
    2625
    2688
    2608
    2574
    2642
    2666
    2580
    2537
    2595
    2628
    2553
    2609
    2611
    2570
    2683
    2608
    2572
    2616
    2559
    2571
    2583
    2569
    2634
    2598
    2535
    2555
    2586
    2617
    2621
    2598
    2540
    2633
    2580
    2678
    2574
    2632
    2565
    2690
    2677
    2606
    2582
    2584
    2544
    2688
    2574
    2588
    2578
    2663
    2547
    2537
    2696
    2658
    2560
    2635
    2636
    2566
    2669
    2604
    2614
    2459
    2622
    2580
    2633
    2566
    2636
    2637
    2696
    2665
    2558
    2657
    2594
    2585
    2650
    2512
    2634
    2530
    2550
    2690
    2543
    2622
    2577
    2600
    2629
    2597
    2620
    2642
    2580
    2544
    2597
    2746
    2535
    2565
    2654
    2629
    2651
    2592
    2609
    2581
    2613
    2650
    2563
    2656
    2711
    2699
    2660
    2670
    2618
    2640
    2577
    2709
    2554
    2656
    2571
    2671
    2645
    2737
    2638
    2644
    2579
    2580
    2687
    2661
    2646
    2655
    2646
    2619
    2529
    2627
    2625
    2717
    2595
    2641
    2614
    2652
    2627
    2554
    2516
    2716
    2558
    2759
    2664
    2689
    2661
    2567
    2584
    2686
    2576
    2643
    2621
    2644
    2651
    2603
    2620
    2605
    2682
    2584
    2701
    2661
    2557
    2590
    2512
    2529
    2638
    2704
    2583
    2560
    2582
    2590
    2564
    2605
    2598
    2580
    2563
    2683
    2633
    2471
    2567
    2599
    2594
    2677
    2675
    2649
    2633
    2602
    2589
    2663
    2622
    2623
    2549
    2653
    2663
    2598
    2754
    2579
    2654
    2600
    2657
    2731
    2632
    2660
    2702
    2556
    2601
    2633
    2577
    2649
    2690
    2598
    2676
    2669
    2681
    2676
    2592
    2576
    2612
    2697
    2649
    2590
    2651
    2646
    2549
    2700
    2566
    2701
    2598
    2594
    2589
    2705
    2660
    2660
    2689
    2747
    2630
    2663
    2634
    2640
    2614
    2582
    2648
    2583
    2692
    2680
    2693
    2667
    2602
    2629
    2569
    2669
    2542
    2599
    2583
    2655
    2700
    2619
    2685
    2675
    2631
    2582
    2587
    2619
    2623
    2711
    2653
    2687
    2715
    2657
    2671
    2574
    2614
    2688
    2733
    2585
    2727
    2706
    2639
    2601
    2652
    2619
    2583
    2690
    2762
    2670
    2644
    2668
    2675
    2730
    2744
    2656
    2561
    2612
    2646
    2700
    2602
    2618
    2615
    2681
    2674
    2686
    2605
    2567
    2636
    2685
    2657
    2632
    2726
    2571
    2598
    2585
    2640
    2562
    2757
    2736
    2657
    2693
    2669
    2614
    2677
    2706
    2648
    2749
    2653
    2662
    2598
    2640
    2610
    2634
    2608
    2696
    2495
    2648
    2684
    2725
    2783
    2736
    2639
    2700
    2582
    2648
    2737
    2637
    2664
    2660
    2619
    2660
    2618
    2703
    2619
    2728
    2622
    2630
    2694
    2660
    2690
    2634
    2690
    2695
    2704
    2708
    2680
    2615
    2652
    2764
    2665
    2714
    2627
    2722
    2734
    2723
    2714
    2701
    2682
    2699
    2616
    2689
    2676
    2563
    2718
    2742
    2629
    2588
    2634
    2680
    2703
    2665
    2719
    2700
    2741
    2627
    2798
    2728
    2714
    2631
    2708
    2719
    2818
    2752
    2657
    2689
    2723
    2603
    2699
    2667
    2726
    2664
    2725
    2667
    2692
    2625
    2626
    2743
    2670
    2676
    2780
    2742
    2707
    2710
    2646
    2697
    2681
    2734
    2716
    2688
    2769
    2723
    2658
    2733
    2693
    2596
    2698
    2633
    2617
    2631
    2654
    2692
    2621
    2667
    2670
    2661
    2710
    2641
    2801
    2731
    2702
    2721
    2731
    2696
    2758
    2725
    2768
    2734
    2804
    2728
    2670
    2656
    2685
    2779
    2804
    2720
    2652
    2762
    2714
    2701
    2710
    2777
    2833
    2691
    2723
    2676
    2729
    2746
    2723
    2668
    2775
    2828
    2812
    2697
    2768
    2732
    2674
    2697
    2611
    2752
    2646
    2725
    2691
    2692
    2827
    2731
    2689
    2838
    2768
    2727
    2788
    2799
    2682
    2737
    2672
    2776
    2756
    2774
    2755
    2762
    2678
    2684
    2690
    2630
    2700
    2738
    2709
    2735
    2822
    2732
    2719
    2756
    2625
    2769
    2710
    2715
    2721
    2883
    2815
    2786
    2760
    2683
    2736
    2701
    2744
    2741
    2825
    2709
    2747
    2700
    2760
    2758
    2706
    2754
    2834
    2782
    2722
    2914
    2736
    2712
    2658
    2850
    2839
    2762
    2745
    2628
    2794
    2790
    2685
    2753
    2733
    2702
    2765
    2651
    2752
    2701
    2727
    2836
    2824
    2778
    2674
    2739
    2870
    2737
    2839
    2851
    2789
    2738
    2869
    2813
    2765
    2730
    2816
    2863
    2855
    2686
    2719
    2762
    2752
    2749
    2784
    2717
    2827
    2774
    2767
    2746
    2769
    2796
    2742
    2887
    2816
    2778
    2849
    2735
    2760
    2717
    2776
    2872
    2837
    2809
    2786
    2911
    2886
    2838
    2861
    2751
    2693
    2714
    2813
    2841
    2777
    2799
    2864
    2834
    2835
    2823
    2806
    2799
    2761
    2790
    2757
    2741
    2791
    2817
    2852
    2717
    2825
    2834
    2800
    2789
    2780
    2820
    2838
    2882
    2812
    2797
    2797
    2766
    2880
    2746
    2835
    2831
    2940
    2801
    2854
    2868
    2816
    2848
    2722
    2786
    2864
    2748
    2834
    2814
    2782
    2828
    2749
    2804
    2800
    2876
    2854
    2828
    2842
    2763
    2907
    2838
    2810
    2873
    2850
    2876
    2862
    2752
    2785
    2881
    2917
    2854
    2794
    2842
    2845
    2913
    2865
    2912
    2894
    2755
    2853
    2852
    2849
    2854
    2963
    2793
    2902
    2780
    2845
    2800
    2811
    2892
    2822
    2870
    2832
    2895
    2727
    2902
    2873
    2947
    2880
    2875
    2725
    2894
    2895
    2824
    2862
    2876
    2812
    2755
    2909
    2801
    3051
    2933
    2848
    2764
    2937
    2835
    2910
    2910
    2881
    2866
    2795
    2879
    2870
    2883
    2897
    2848
    2926
    2949
    2977
    2927
    2841
    2914
    2933
    2895
    2897
    2840
    2867
    2918
    2897
    2876
    2871
    2780
    2979
    2852
    2877
    2866
    2875
    2901
    2993
    2937
    2881
    2892
    2879
    2914
    2893
    3004
    2867
    2883
    2973
    2984
    2876
    2936
    2970
    2966
    2953
    2850
    2995
    2952
    2923
    2839
    2857
    2894
    2908
    2976
    2992
    2937
    2911
    2855
    2946
    2931
    2935
    2879
    2916
    2923
    2943
    2937
    2835
    2865
    2918
    2889
    2997
    2903
    2975
    3030
    2927
    2870
    2915
    2858
    2948
    2933
    3000
    2909
    2910
    2927
    3008
    2904
    3042
    2950
    3066
    3095
    3008
    2908
    3007
    2929
    2920
    3052
    2903
    2964
    2979
    2941
    2966
    2873
    3003
    2966
    3014
    2959
    3024
    2996
    3020
    3035
    3007
    2954
    2944
    2979
    3114
    3000
    2882
    3010
    2971
    3014
    3010
    2948
    2935
    3115
    2966
    3056
    2954
    2981
    3051
    3007
    2983
    3083
    2922
    2979
    2976
    3069
    2925
    3008
    3016
    2965
    2968
    2987
    3034
    3048
    3082
    3067
    2972
    2957
    3081
    2973
    3053
    2979
    3006
    3075
    2993
    3083
    3133
    3050
    3062
    2970
    3160
    2934
    3074
    3079
    3109
    2972
    2997
    2976
    3097
    3000
    3044
    3151
    3030
    2976
    3088
    3044
    3029
    3079
    3150
    3086
    2985
    3087
    3068
    3140
    3083
    3077
    3139
    3044
    3055
    2986
    3092
    3101
    3091
    3057
    3026
    3140
    3079
    3096
    3139
    3150
    3177
    3135
    3064
    3104
    3043
    3148
    3076
    3170
    3083
    3209
    3148
    3199
    3197
    3167
    3175
    3144
    3170
    3144
    3231
    3312
    3124
    3202
    3306
    3221
    3154
    3216
    3255
    3224
    3214
    3238
    3237
    3251
    3182
    3207
    3097
    3240
    3257
    3157
    3143
    3172
    3193
    3275
    3279
    3132
    3130
    3246
    3177
    3196
    3278
    3254
    3070
    3163
    3182
    3133
    3184
    3272
    3123
    3225
    3162
    3250
    3190
    3220
    3117
    3147
    3222
    3187
    3118
    3130
    3190
    3196
    3096
    3289
    3188
    3179
    3162
    3151
    3188
    3172
    3196
    3147
    3142
    3101
    3192
    3345
    3186
    3177
    3165
    3186
    3194
    3098
    3190
    3160
    3213
    3183
    3140
    3162
    3110
    3189
    3177
    3264
    3369
    3239
    3167
    3196
    3148
    3127
    3146
    3228
    3125
    3197
    3213
    3078
    3044
    3263
    3275
    3232
    3272
    3274
    3170
    3271
    3161
    3220
    3276
    3185
    3328
    3140
    3065
    3216
    3253
    3328
    3218
    3127
    3259
    3247
    3232
    3171
    3346
    3174
    3206
    3292
    3141
    3278
    3156
    3321
    3188
    3221
    3336
    3281
    3282
    3333
    3294
    3274
    3311
    3197
    3200
    3276
    3205
    3247
    3399
    3340
    3153
    3216
    3272
    3224
    3255
    3272
    3133
    3255
    3250
    3263
    3274
    3294
    3292
    3374
    3326
    3249
    3274
    3307
    3245
    3250
    3383
    3381
    3285
    3310
    3203
    3396
    3288
    3244
    3318
    3296
    3264
    3274
    3317
    3241
    3285
    3314
    3387
    3337
    3385
    3340
    3313
    3293
    3307
    3296
    3405
    3474
    3316
    3403
    3234
    3373
    3413
    3364
    3299
    3489
    3320
    3272
    3474
    3350
    3372
    3430
    3308
    3332
    3376
    3282
    3281
    3313
    3426
    3404
    3413
    3395
    3410
    3307
    3517
    3400
    3366
    3548
    3407
    3446
    3482
    3364
    3484
    3466
    3455
    3378
    3463
    3539
    3487
    3402
    3453
    3481
    3428
    3399
    3418
    3364
    3424
    3441
    3420
    3378
    3475
    3430
    3553
    3441
    3503
    3478
    3405
    3462
    3469
    3418
    3489
    3445
    3393
    3499
    3377
    3378
    3515
    3606
    3510
    3481
    3359
    3477
    3475
    3505
    3430
    3573
    3493
    3455
    3539
    3466
    3622
    3493
    3444
    3403
    3398
    3559
    3448
    3558
    3651
    3447
    3515
    3569
    3559
    3462
    3641
    3574
    3530
    3510
    3616
    3666
    3571
    3609
    3490
    3652
    3510
    3453
    3588
    3698
    3664
    3702
    3601
    3621
    3560
    3589
    3518
    3665
    3506
    3634
    3681
    3557
    3539
    3567
    3665
    3583
    3658
    3658
    3484
    3553
    3653
    3683
    3615
    3666
    3625
    3618
    3569
    3579
    3703
    3714
    3656
    3651
    3698
    3730
    3589
    3617
    3611
    3652
    3770
    3735
    3692
    3642
    3692
    3768
    3714
    3745
    3685
    3702
    3731
    3612
    3707
    3753
    3648
    3750
    3710
    3702
    3756
    3790
    3742
    3765
    3613
    3658
    3810
    3733
    3738
    3855
    3627
    3669
    3808
    3719
    3691
    3754
    3769
    3648
    3714
    3833
    3654
    3730
    3693
    3707
    3816
    3695
    3728
    3888
    3794
    3780
    3742
    3723
    3775
    3843
    3868
    3952
    3844
    3763
    3701
    3762
    3724
    3811
    3872
    3782
    3838
    3766
    3767
    3867
    3901
    3763
    3864
    3916
    3801
    3875
    3762
    3842
    3724
    3922
    3775
    4027
    3919
    3845
    3726
    3863
    3907
    3816
    3875
    3889
    3801
    3957
    3988
    3868
    3904
    3938
    3839
    3828
    3871
    3730
    3893
    3886
    3960
    3905
    3903
    3872
    3902
    3906
    3951
    3984
    4012
    3945
    3998
    3892
    4016
    3923
    4033
    3900
    3990
    3947
    3913
    3902
    4086
    4013
    3984
    3899
    3943
    3965
    4004
    4017
    4043
    4119
    4105
    4069
    4087
    3983
    3859
    4125
    4065
    3988
    3961
    4062
    4117
    4106
    4061
    4071
    4125
    3988
    3997
    4127
    4087
    4075
    4121
    4019
    4053
    4215
    4172
    4140
    4015
    4039
    4215
    4145
    3959
    4187
    4122
    4090
    4201
    4125
    4231
    4146
    4261
    4147
    4063
    4091
    4087
    4196
    4162
    4146
    4183
    4201
    4189
    4244
    4127
    4276
    4236
    4282
    4275
    4322
    4347
    4219
    4037
    4241
    4209
    4153
    4264
    4182
    4154
    4234
    4226
    4147
    4271
    4208
    4251
    4227
    4361
    4237
    4253
    4419
    4223
    4242
    4326
    4266
    4336
    4266
    4206
    4250
    4375
    4275
    4335
    4291
    4445
    4238
    4400
    4180
    4282
    4362
    4357
    4338
    4278
    4411
    4344
    4389
    4326
    4230
    4354
    4334
    4329
    4431
    4409
    4405
    4421
    4433
    4398
    4362
    4334
    4427
    4376
    4412
    4420
    4463
    4426
    4430
    4325
    4535
    4440
    4433
    4506
    4306
    4450
    4475
    4435
    4499
    4402
    4538
    4385
    4423
    4463
    4453
    4470
    4559
    4593
    4492
    4507
    4493
    4490
    4602
    4458
    4599
    4516
    4584
    4477
    4612
    4548
    4703
    4510
    4469
    4531
    4681
    4547
    4423
    4676
    4509
    4614
    4676
    4645
    4506
    4520
    4537
    4674
    4457
    4688
    4591
    4681
    4659
    4661
    4562
    4697
    4690
    4778
    4711
    4770
    4589
    4626
    4629
    4598
    4602
    4699
    4800
    4646
    4746
    4687
    4606
    4807
    4670
    4563
    4699
    4647
    4674
    4694
    4693
    4684
    4637
    4680
    4745
    4764
    4642
    4730
    4753
    4790
    4729
    4666
    4821
    4785
    4680
    4798
    4711
    4859
    4688
    4741
    4697
    4734
    4633
    4647
    4805
    4703
    4779
    4714
    4676
    4839
    4630
    4758
    4795
    4776
    4707
    4756
    4716
    4781
    4654
    4789
    4767
    4695
    4682
    4720
    4709
    4800
    4766
    4824
    4744
    4733
    4756
    4788
    4736
    4784
    4678
    4766
    4695
    4702
    4640
    4678
    4596
    4735
    4851
    4840
    4644
    4740
    4538
    4729
    4640
    4550
    4633
    4646
    4535
    4608
    4514
    4470
    4514
    4579
    4524
    4597
    4666
    4481
    4432
    4551
    4490
    4446
    4420
    4477
    4410
    4355
    4353
    4372
    4223
    4267
    4338
    4083
    4173
    4251
    4084
    4248
    4105
    4309
    4083
    4125
    4134
    4186
    4080
    4122
    4087
    4064
    4013
    3918
    3948
    3890
    3926
    3821
    3875
    3981
    3945
    3822
    3805
    3822
    3828
    3700
    3737
    3762
    3729
    3623
    3821
    3654
    3750
    3617
    3575
    3619
    3729
    3648
    3680
    3663
    3651
    3634
    3701
    3563
    3608
    3586
    3563
    3541
    3546
    3462
    3545
    3528
    3509
    3625
    3493
    3390
    3541
    3519
    3526
    3483
    3500
    3442
    3515
    3539
    3431
    3393
    3531
    3608
    3357
    3446
    3514
    3328
    3431
    3401
    3413
    3206
    3462
    3395
    3420
    3323
    3490
    3379
    3312
    3399
    3334
    3347
    3390
    3525
    3411
    3316
    3457
    3371
    3311
    3448
    3352
    3332
    3409
    3362
    3275
    3355
    3265
    3324
    3295
    3278
    3344
    3390
    3398
    3225
    3334
    3335
    3266
    3377
    3351
    3191
    3369
    3142
    3239
    3257
    3414
    3333
    3278
    3370
    3416
    3256
    3360
    3275
    3326
    3323
    3117
    3317
    3311
    3285
    3212
    3286
    3296
    3296
    3314
    3215
    3206
    3289
    3269
    3325
    3221
    3285
    3237
    3162
    3175
    3147
    3269
    3204
    3236
    3269
    3255
    3221
    3285
    3312
    3153
    3244
    3218
    3342
    3255
    3236
    3122
    3213
    3327
    3276
    3225
    3263
    3249
    3143
    3240
    3279
    3158
    3168
    3219
    3239
    3218
    3252
    3143
    3273
    3273
    3207
    3209
    3127
    3245
    3213
    3262
    3093
    3189
    3205
    3140
    3283
    3165
    3195
    3312
    3230
    3152
    3178
    3218
    3176
    3126
    3262
    3322
    3234
    3230
    3212
    3177
    3172
    3103
    3176
    3082
    3180
    3121
    3197
    3153
    3216
    3098
    3243
    3252
    3125
    3066
    3193
    3181
    3133
    3209
    3158
    3073
    3166
    3066
    3154
    3159
    3057
    3078
    3151
    3240
    3066
    3139
    3190
    3192
    3106
    3078
    3194
    3060
    3121
    3086
    3174
    3060
    3128
    3140
    3142
    3087
    3084
    3192
    3129
    3095
    3174
    3109
    3102
    3082
    3139
    3164
    3110
    3003
    3103
    3117
    3024
    3154
    3074
    3101
    3141
    3126
    3099
    3163
    3129
    3098
    3085
    3088
    3145
    3076
    3069
    3133
    3097
    3180
    3069
    3074
    3194
    3104
    3049
    3118
    3204
    3014
    3062
    3058
    3107
    3162
    3056
    3183
    3007
    3123
    3110
    3064
    3078
    3210
    3024
    3038
    3069
    3102
    3157
    2941
    3010
    3106
    3033
    3088
    3022
    2994
    2977
    3011
    3053
    3064
    3053
    2989
    2990
    3080
    2998
    3038
    2971
    3025
    3064
    3111
    2920
    2928
    3095
    3016
    2989
    3057
    3039
    3071
    3020
    3080
    3061
    3028
    3037
    2967
    3067
    3053
    3006
    3078
    3057
    2963
    3034
    2956
    2919
    3024
    2961
    2968
    2980
    3006
    2984
    3034
    2981
    3076
    3092
    2958
    2968
    2974
    2917
    2924
    2955
    2981
    3006
    3046
    2977
    3133
    3023
    3046
    3018
    2950
    2953
    2990
    3005
    2963
    2932
    2931
    3039
    2959
    2935
    2956
    2898
    2922
    2896
    2926
    3025
    2893
    2922
    2994
    2971
    2974
    3015
    2953
    2882
    2947
    2994
    2932
    2888
    2931
    2907
    2963
    3021
    2900
    2964
    2922
    2821
    2938
    2907
    2992
    2944
    2923
    2870
    2969
    3034
    2925
    2966
    2986
    2898
    2902
    2911
    2907
    2899
    3095
    2908
    2902
    2934
    2955
    2995
    3010
    2912
    2994
    2958
    2940
    3055
    2947
    2959
    3039
    2881
    2856
    2975
    2895
    2885
    2954
    2953
    2856
    2808
    2892
    2883
    2910
    2767
    2848
    3026
    3040
    2937
    2926
    2862
    2904
    2882
    2855
    2828
    2928
    2881
    2917
    2916
    2938
    2813
    2849
    2988
    2885
    2867
    2858
    2897
    2921
    2895
    2887
    2911
    2950
    2894
    2883
    2844
    3030
    2934
    2901
    2956
    2819
    2920
    2857
    2901
    2948
    2932
    2892
    2915
    2936
    2898
    2836
    2790
    2848
    2845
    2843
    2925
    2846
    2884
    2877
    2879
    2893
    2821
    2833
    2891
    2884
    2913
    2817
    2899
    2896
    2885
    2887
    3005
    2858
    2972
    2902
    2833
    2931
    2858
    2931
    2863
    2892
    2912
    2865
    2885
    2862
    2962
    2898
    2839
    2935
    2839
    2913
    2932
    2882
    2905
    2822
    2954
    2928
    2834
    2923
    2818
    2859
    2861
    2833
    2884
    2968
    2892
    2949
    2931
    2809
    3030
    2833
    2896
    2899
    2812
    2872
    2885
    2982
    2995
    2860
    3007
    2898
    2922
    2897
    2859
    2912
    2978
    2874
    2883
    2894
    2921
    2888
    2942
    2945
    2924
    2954
    2856
    2956
    2890
    3043
    2995
    2968
    2947
    2918
    3002
    3073
    2947
    2908
    3017
    2972
    2876
    2870
    2996
    2949
    2863
    2927
    2877
    2993
    2882
    3085
    2850
    2973
    2952
    2972
    2912
    2985
    2980
    2936
    2978
    2864
    3018
    2922
    3052
    2977
    2968
    3041
    2918
    2974
    2954
    2993
    3018
    2871
    2957
    2978
    2959
    2985
    2941
    3019
    3015
    2951
    3128
    3001
    3015
    3052
    2945
    2964
    3053
    2959
    2995
    2974
    3014
    2986
    3012
    3027
    2996
    2961
    2925
    2965
    2931
    3020
    3021
    3005
    2975
    3001
    2997
    3035
    3065
    3122
    3048
    2974
    3148
    3020
    2925
    3052
    2987
    3001
    3034
    2985
    3082
    3118
    3063
    3068
    2997
    3111
    2961
    2982
    3028
    3095
    3070
    3016
    3008
    2994
    3077
    3034
    3037
    3156
    3080
    3092
    3099
    3094
    3095
    3048
    3136
    3128
    3294
    3173
    3091
    3090
    3023
    3195
    2979
    3123
    3231
    2970
    3034
    3137
    3064
    3076
    3127
    3154
    3100
    3211
    3045
    3087
    3025
    3105
    3171
    3136
    3093
    3148
    3118
    3170
    3023
    3087
    3094
    3079
    3192
    3100
    3141
    3176
    3144
    3040
    3157
    3168
    3034
    3074
    3143
    3169
    3179
    3134
    3122
    3071
    3177
    3103
    3078
    3168
    3179
    3215
    3148
    3099
    3030
    3117
    3171
    3122
    3085
    3083
    3101
    3089
    3116
    3086
    3225
    3078
    3087
    3119
    3128
    2962
    3017
    3127
    3166
    2978
    2997
    2928
    3065
    3074
    2976
    2923
    3009
    2944
    3098
    3001
    2950
    2971
    2808
    2993
    2977
    2877
    2869
    2927
    2822
    2862
    2825
    2887
    2865
    2832
    2759
    2750
    2838
    2801
    2803
    2709
    2711
    2646
    2652
    2701
    2586
    2540
    2579
    2607
    2527
    2515
    2504
    2560
    2464
    2416
    2474
    2395
    2475
    2409
    2257
    2368
    2368
    2269
    2313
    2255
    2323
    2309
    2272
    2314
    2323
    2251
    2196
    2249
    2190
    2207
    2076
    2124
    2151
    2094
    2060
    2058
    2103
    2126
    2107
    1986
    2083
    1975
    2091
    2123
    1910
    2074
    2022
    1970
    2019
    1929
    1938
    1935
    1939
    1921
    1882
    1990
    1899
    1865
    1951
    1997
    1946
    1899
    1875
    1853
    1912
    1820
    1875
    1839
    1881
    1932
    1884
    1846
    1877
    1843
    1892
    1807
    1869
    1815
    1798
    1815
    1830
    1768
    1756
    1850
    1855
    1764
    1771
    1788
    1833
    1829
    1792
    1749
    1841
    1825
    1685
    1782
    1747
    1719
    1692
    1721
    1808
    1826
    1777
    1755
    1745
    1700
    1712
    1793
    1800
    1792
    1808
    1762
    1710
    1714
    1688
    1641
    1620
    1678
    1645
    1650
    1688
    1644
    1647
    1645
    1606
    1627
    1649
    1652
    1689
    1688
    1639
    1708
    1624
    1627
    1620
    1678
    1679
    1664
    1620
    1636
    1672
    1659
    1648
    1705
    1639
    1646
    1589
    1580
    1615
    1666
    1642
    1629
    1591
    1596
    1658
    1547
    1637
    1518
    1628
    1622
    1633
    1691
    1560
    1600
    1600
    1585
    1624
    1554
    1623
    1504
    1639
    1539
    1636
    1584
    1571
    1560
    1595
    1574
    1559
    1608
    1631
    1515
    1545
    1515
    1507
    1515
    1584
    1516
    1520
    1530
    1554
    1565
    1583
    1606
    1521
    1488
    1609
    1554
    1562
    1553
    1574
    1539
    1550
    1511
    1541
    1497
    1560
    1527
    1469
    1523
    1581
    1496
    1593
    1587
    1568
    1576
    1625
    1609
    1643
    1658
    1517
    1649
    1637
    1703
    1675
    1706
    1761
    1808
    1815
    1859
    1989
    1912
    2065
    2084
    2199
    2301
    2392
    2430
    2685
    2611
    2644
    2887
    3155
    3248
    3418
    3723
    3824
    4010
    4218
    4528
    4962
    5128
    5579
    6037
    6334
    6884
    7031
    7775
    8195
    8609
    9290
    9942
   10671
   11354
   11963
   12694
   13459
   14127
   15091
   15848
   16836
   17676
   18578
   19748
   20349
   21156
   22413
   23310
   24191
   25064
   26224
   27027
   27617
   28196
   29069
   29598
   30416
   30965
   31093
   31659
   31899
   32087
   31958
   32053
   32101
   31543
   31393
   30972
   30437
   30141
   29269
   28942
   28206
   27187
   26298
   25654
   24945
   23730
   22927
   21840
   21057
   20087
   19250
   18119
   17230
   16549
   15410
   14710
   13865
   13001
   12490
   11710
   10864
   10206
    9582
    9075
    8498
    8002
    7455
    6911
    6431
    5905
    5607
    5052
    4677
    4520
    4192
    3985
    3636
    3419
    3095
    3027
    2741
    2629
    2461
    2278
    2258
    2153
    2115
    1842
    1757
    1717
    1686
    1638
    1538
    1510
    1495
    1514
    1400
    1438
    1345
    1290
    1257
    1238
    1216
    1190
    1231
    1197
    1155
    1155
    1095
    1127
    1181
    1119
    1104
    1117
    1100
    1073
    1124
    1047
    1065
    1070
    1051
    1073
    1078
    1076
    1063
    1034
     997
    1070
     992
    1008
     933
    1054
    1004
    1004
    1001
     951
    1027
     991
     952
     977
     990
     959
     968
    1004
     950
     941
     941
     949
     943
     916
     970
     903
     901
     985
     898
     898
     939
     925
     893
     899
     916
     905
     945
     886
     884
     816
     872
     898
     921
     873
     843
     871
     908
     861
     843
     905
     810
     798
     851
     809
     825
     843
     854
     834
     871
     858
     826
     869
     771
     801
     799
     815
     833
     851
     827
     828
     786
     741
     762
     745
     802
     790
     750
     790
     773
     772
     791
     770
     817
     766
     764
     722
     761
     702
     752
     744
     708
     734
     741
     734
     743
     676
     689
     709
     698
     770
     693
     675
     681
     684
     724
     691
     638
     662
     694
     684
     676
     697
     667
     648
     685
     637
     677
     687
     672
     652
     675
     641
     627
     655
     656
     633
     661
     647
     654
     639
     661
     654
     588
     602
     629
     617
     604
     610
     658
     626
     602
     561
     570
     566
     579
     571
     565
     613
     572
     597
     559
     548
     564
     548
     589
     567
     565
     536
     588
     590
     517
     558
     534
     575
     512
     527
     564
     558
     526
     517
     532
     551
     530
     568
     547
     533
     554
     497
     514
     538
     490
     505
     523
     493
     547
     534
     504
     491
     512
     478
     529
     485
     543
     529
     495
     465
     455
     451
     443
     496
     468
     486
     501
     470
     493
     482
     511
     492
     473
     480
     492
     465
     457
     476
     424
     487
     449
     429
     482
     453
     464
     442
     471
     450
     518
     452
     435
     444
     465
     474
     433
     458
     462
     416
     421
     454
     409
     466
     448
     438
     441
     411
     409
     427
     388
     409
     404
     410
     415
     442
     396
     386
     414
     432
     392
     388
     428
     414
     432
     409
     380
     375
     405
     351
     426
     380
     378
     397
     385
     365
     389
     411
     385
     359
     372
     346
     400
     369
     434
     419
     362
     395
     336
     406
     373
     380
     366
     396
     379
     363
     405
     405
     415
     365
     373
     361
     360
     399
     345
     359
     337
     365
     333
     374
     362
     353
     319
     321
     358
     336
     361
     344
     361
     353
     316
     362
     346
     358
     325
     369
     336
     342
     349
     331
     298
     342
     359
     325
     309
     313
     340
     325
     328
     338
     382
     344
     353
     333
     340
     310
     346
     349
     321
     334
     323
     323
     338
     341
     316
     340
     322
     327
     346
     338
     336
     318
     315
     334
     325
     336
     278
     308
     334
     323
     312
     309
     339
     317
     305
     350
     305
     320
     322
     339
     329
     301
     295
     350
     332
     323
     294
     319
     338
     306
     307
     301
     297
     318
     308
     286
     333
     321
     302
     296
     286
     302
     283
     316
     295
     302
     270
     338
     320
     305
     292
     311
     284
     291
     301
     287
     298
     293
     285
     299
     297
     304
     275
     305
     308
     316
     280
     274
     284
     279
     302
     301
     322
     265
     313
     282
     294
     280
     273
     284
     305
     312
     307
     293
     299
     261
     277
     290
     275
     282
     301
     284
     256
     276
     263
     301
     290
     295
     269
     264
     258
     289
     293
     276
     251
     270
     270
     288
     263
     302
     291
     287
     282
     332
     321
     270
     284
     254
     257
     281
     308
     293
     240
     245
     254
     265
     286
     316
     270
     282
     279
     247
     295
     261
     269
     291
     291
     259
     281
     294
     296
     245
     274
     286
     275
     287
     277
     270
     266
     267
     266
     261
     267
     255
     292
     302
     302
     283
     273
     264
     285
     278
     259
     283
     285
     278
     267
     242
     288
     271
     283
     241
     271
     259
     247
     258
     265
     287
     239
     268
     235
     301
     261
     267
     258
     269
     260
     264
     264
     236
     252
     252
     202
     269
     289
     268
     286
     252
     279
     269
     245
     267
     269
     283
     250
     244
     255
     240
     249
     282
     243
     236
     270
     247
     246
     274
     237
     241
     255
     256
     243
     254
     263
     276
     274
     248
     263
     259
     229
     263
     268
     266
     282
     264
     256
     243
     251
     267
     233
     290
     274
     266
     263
     273
     247
     267
     264
     265
     272
     272
     259
     245
     256
     265
     244
     250
     258
     222
     233
     244
     232
     252
     264
     248
     248
     241
     243
     240
     244
     246
     237
     276
     244
     251
     281
     258
     237
     247
     272
     253
     233
     214
     244
     260
     240
     243
     256
     261
     268
     273
     281
     246
     277
     270
     245
     241
     283
     285
     268
     272
     283
     299
     258
     281
     320
     294
     309
     319
     309
     302
     339
     329
     324
     368
     341
     391
     353
     373
     421
     416
     455
     472
     475
     544
     602
     661
     669
     706
     787
     761
     873
     897
     989
    1091
    1225
    1341
    1361
    1523
    1659
    1793
    1994
    2058
    2188
    2487
    2730
    2940
    3194
    3394
    3736
    4010
    4421
    4742
    5167
    5541
    5954
    6396
    6987
    7459
    8000
    8487
    9129
    9732
   10382
   10921
   11847
   12376
   13203
   13936
   14822
   15479
   16223
   17185
   17918
   18735
   19599
   20414
   21309
   21949
   22440
   23296
   23678
   24400
   24896
   25636
   26204
   26360
   26450
   26841
   26751
   26890
   26705
   26768
   26631
   26499
   25929
   25849
   25406
   24942
   24233
   23518
   23322
   22393
   21825
   20859
   20238
   19585
   18615
   17912
   16916
   16277
   15459
   14620
   13737
   13040
   12453
   11444
   10772
   10402
    9521
    8862
    8377
    7839
    7164
    6610
    6124
    5772
    5296
    4930
    4482
    4189
    3877
    3320
    3251
    3025
    2698
    2481
    2334
    2064
    1899
    1766
    1524
    1440
    1314
    1166
    1075
    1041
     960
     825
     757
     707
     602
     562
     561
     475
     495
     480
     444
     388
     368
     363
     348
     329
     350
     272
     245
     250
     284
     279
     260
     256
     214
     228
     256
     209
     209
     209
     210
     198
     180
     224
     177
     196
     197
     187
     203
     181
     192
     185
     172
     173
     166
     179
     179
     189
     145
     159
     163
     168
     173
     175
     152
     145
     149
     165
     174
     180
     141
     137
     160
     132
     164
     158
     135
     143
     156
     145
     156
     157
     139
     135
     141
     158
     158
     131
     157
     120
     135
     121
     134
     119
     129
     142
     151
     119
     134
     144
     151
     126
     151
     121
     138
     120
     135
     134
     160
     153
     139
     133
     135
     141
     122
     140
     150
     122
     118
     137
     129
     147
     142
     132
     122
     135
     119
     130
     111
     116
     134
     139
     123
     145
     131
     136
     114
     149
     127
     120
     119
     124
     124
     121
     129
     118
     105
     106
     120
     134
     125
     129
     121
     141
     121
     105
     123
     113
     112
     112
     100
     110
     105
     121
     110
     109
     115
     120
     105
     119
     123
     107
     120
     107
      94
     140
     130
     111
     134
     125
     115
     105
     119
     110
     108
     101
     103
     127
     131
     119
     121
     111
     105
      97
     126
     109
     115
     111
     115
     105
     122
     125
     113
     108
     124
      98
     115
     111
     113
     123
      99
     119
     134
     111
     120
     111
     130
     112
     123
     104
      95
     102
     120
     127
      99
     106
     106
     129
     123
     109
     107
     104
     103
     111
     104
     118
     104
     109
      95
     101
     121
     118
      98
     126
     106
     134
     104
     107
     124
     112
     105
     109
     106
     110
     122
     110
      97
     125
     110
     109
     119
     106
     109
      94
      98
     113
     120
     101
     104
      83
     117
     119
     123
     109
     115
      96
     100
     123
     119
     119
     112
     118
      90
     106
     133
     101
     109
      97
     108
      95
     107
     116
     101
     102
     102
      91
     106
     103
     113
     117
      88
      93
      99
     104
     122
      98
      99
     109
     107
      97
     107
      89
     101
     108
     113
     110
      91
      89
      88
     104
      94
     109
     121
     100
     102
     105
     118
     108
      77
     111
     110
      98
     112
      91
     101
     107
     114
     105
      91
     104
     109
     109
      86
     122
      96
     126
     111
     112
     106
     107
      94
     111
     108
     119
     122
     109
      92
      93
      97
      99
     110
     109
     122
      99
     103
     114
      96
     112
     108
     118
     102
     116
     112
      96
     111
     102
      92
      93
      91
      98
      94
     114
     120
     108
      93
     105
      88
     110
      98
     105
      91
     100
     116
     113
      80
     109
      85
     113
      85
     105
     102
     101
      88
      76
     101
     100
      95
     101
      88
      95
      96
     111
      88
      83
      90
     100
     102
      92
      90
     101
      94
     110
     108
      92
      83
      95
      84
      90
      96
      99
      94
      98
     108
      85
      87
      86
      95
      97
      94
     103
      83
     102
     101
     100
      91
      96
      87
      97
      96
      89
      85
      99
      85
      92
      93
      86
      96
      98
     104
      97
      95
      85
      95
      88
     105
      69
      77
      95
      95
      86
      82
      86
     113
      98
      84
      86
      82
      66
      89
      87
      86
      91
     100
      83
      88
      90
      95
      87
      93
     107
      86
     101
      88
     108
      99
      92
      98
      86
      96
      89
      87
      79
      73
      87
      92
      82
      97
      84
      93
      87
     103
      93
     119
      91
     100
      86
      91
     100
      84
     113
      93
      87
      81
      74
      94
      77
      96
      82
      86
      88
      89
      94
      82
      87
      79
     102
      72
      80
      81
     101
      78
     100
      94
     101
      90
      76
      86
      87
      76
      92
      82
     102
      97
      70
      86
      67
      83
      87
      95
      89
      90
      78
      97
      76
      89
      93
      85
     104
      83
      76
      91
      78
      75
      91
      88
      78
      88
      80
      91
      99
      71
      82
      74
      79
      89
      92
      90
      86
     100
      87
      94
      79
      81
      75
      89
      97
      96
     104
      95
      81
      91
      88
      91
      77
      98
      76
      90
     101
      92
      89
      91
      84
      81
      84
      76
      94
      80
      81
      76
      90
      95
      88
      76
      77
      72
      83
      77
     103
      83
      87
      79
      77
      65
      80
      92
      84
      65
      98
      83
      91
      67
      84
      78
      76
      71
      88
      91
      78
      85
      80
      80
      98
      72
      94
      88
      87
      97
      70
      90
      79
      64
      82
     102
      97
      76
      70
      78
      78
      84
      67
      72
      91
      77
      77
      79
      84
      84
      77
     103
      83
      72
      89
      87
      84
      80
      71
      78
      90
      82
      68
      84
      90
      72
      79
      89
      87
      75
      79
      74
      77
      91
      94
      80
      84
      91
      62
      84
      82
      65
      84
      85
      88
      72
      87
      84
      81
      84
      88
      62
      79
      86
      82
      80
      91
      57
      76
      80
      63
      67
      76
      67
      81
      80
      82
      91
      96
      71
      67
      71
      92
      75
      83
      77
      86
      68
      66
      73
      89
      65
      93
      81
      95
      78
      76
      83
      60
      80
      63
      72
      83
      74
      82
      72
      72
      79
      80
      73
      79
      72
      77
      85
      84
      81
      73
      74
      90
      69
      78
      70
      80
      80
      80
      58
      82
      63
      74
      74
      66
      76
      71
      64
      78
      79
      75
      61
      69
      83
      90
      75
      76
      88
      70
      78
      79
      69
      82
      64
      65
      71
      65
      74
      85
      79
      58
      70
      70
      83
      85
      87
      71
      63
      88
      87
      74
      85
      69
      75
      92
      73
      66
      66
      83
      81
      87
      68
      74
      70
      80
      77
      86
      75
      92
      79
      87
      60
      71
      80
      76
      59
      77
      72
      79
      80
      75
      65
      78
      71
      67
      64
      79
      81
      78
      76
      76
      77
      77
      84
      92
      73
      84
      67
      76
      72
      88
      69
      70
      72
      76
      66
      72
      71
      82
      69
      64
      64
      69
      81
      82
      68
      79
      70
      81
      80
      77
      71
      73
      87
      89
      76
      89
      72
      60
      73
      89
      84
      60
      83
      71
      76
      62
      71
      77
      75
      73
      66
      82
      84
      75
      64
      69
      67
      67
      86
      70
      73
      78
      77
      90
      64
      66
      78
      80
      53
      66
      79
      62
      88
      77
      75
      64
      86
      64
      67
      87
      68
      72
      68
      74
      78
      87
      80
      75
      73
      72
      76
      71
      61
      82
      65
      69
      82
      83
      80
      78
      77
      71
      73
      86
      63
      74
      75
      72
      68
      58
      52
      71
      71
      84
      70
      74
      71
      67
      73
      79
      76
      83
      69
      50
      78
      80
      70
      74
      70
      88
     715
    1297
    1292
    1273
    1374
    1320
    1287
    1334
    1343
    1256
    1324
    1287
    1282
    1265
    1230
    1290
    1277
    1244
    1234
    1312
    1350
    1292
    1243
    1277
    1302
    1228
    1248
    1249
    1253
    1265
    1245
    1296
    1176
    1204
    1299
    1242
    1281
    1233
    1294
    1280
    1212
    1223
    1264
    1278
    1238
    1274
    1260
    1242
    1290
    1239
    1301
    1234
    1241
    1274
    1228
    1268
    1283
    1243
    1274
    1246
    1323
    1234
    1229
    1260
    1288
    1319
    1182
    1230
    1234
    1244
    1220
    1246
    1225
    1244
    1240
    1245
    1171
    1190
    1187
    1254
    1223
    1270
    1230
    1178
    1248
    1163
    1308
    1220
    1194
    1238
    1175
    1213
    1197
    1243
    1162
    1141
    1200
    1188
    1173
    1213
    1201
    1172
    1246
    1255
    1212
    1224
    1152
    1253
    1163
    1225
    1242
    1248
    1216
    1300
    1209
    1181
    1214
    1176
    1241
    1232
    1268
    1203
    1156
    1254
    1178
    1182
    1258
    1180
    1151
    1221
    1204
    1188
    1179
    1237
    1210
    1204
    1123
    1239
    1134
    1188
    1180
    1127
    1200
    1159
    1166
    1173
    1151
    1167
    1140
    1149
    1150
    1110
    1130
    1186
    1143
    1215
    1133
    1175
    1167
    1165
    1208
    1127
    1151
    1191
    1175
    1164
    1182
    1137
    1112
    1224
    1128
    1142
    1194
    1195
    1178
    1105
    1173
    1139
    1151
    1122
    1110
    1157
    1119
    1131
     569
$ROI:
5
349 399
960 988
992 1050
1491 1501
5157 5169
$PRESETS:
None
0
0
$ENER_FIT:
0.000000 0.000191
$MCA_CAL:
3
0.000000E+000 1.910371E-004 0.000000E+000 keV
$SHAPE_CAL:
3
0.000000E+000 0.000000E+000 0.000000E+000
