$SPEC_ID:
This is a background count of our setup with no radioisotope in 
$SPEC_REM:
DET# 1
DETDESC# DLAB-PHY-L3-49 926 Right
AP# Maestro Version 7.01
$DATE_MEA:
10/24/2024 16:59:08
$MEAS_TIM:
59759 76020
$DATA:
0 8191
       0
       0
       1
       0
       0
       0
       0
       0
       0
       1
       0
       0
       0
       0
       0
       0
       0
       1
       1
       3
      22
      64
     151
     355
     834
    1614
    2823
    4326
    5920
    7354
    8118
    8661
    8606
   10813
   44190
  216384
  545044
  974050
 1315120
 1496234
 1555515
 1505975
 1351345
 1142046
  954518
  795197
  660034
  548186
  456486
  377552
  315135
  260689
  217380
  180077
  148764
  123711
  102196
   84535
   69246
   57502
   47020
   38149
   30674
   25174
   20122
   16369
   13043
   10354
    8211
    6539
    5253
    4147
    3286
    2715
    2305
    1878
    1627
    1304
    1223
    1084
     953
     866
     818
     795
     756
     691
     623
     641
     648
     636
     592
     579
     552
     582
     515
     490
     519
     514
     477
     509
     431
     503
     429
     443
     453
     429
     447
     428
     404
     391
     408
     408
     410
     393
     385
     391
     388
     363
     368
     372
     336
     357
     319
     345
     382
     325
     331
     342
     328
     325
     326
     336
     346
     343
     306
     317
     327
     332
     328
     328
     298
     276
     326
     303
     317
     323
     307
     317
     330
     289
     316
     311
     310
     303
     317
     316
     289
     296
     281
     306
     304
     274
     311
     296
     297
     288
     296
     302
     318
     295
     302
     287
     271
     276
     338
     278
     304
     316
     294
     269
     285
     293
     274
     300
     289
     259
     296
     253
     256
     301
     328
     277
     312
     296
     287
     285
     279
     280
     283
     284
     281
     253
     284
     264
     280
     267
     258
     274
     284
     298
     267
     259
     256
     271
     251
     280
     281
     270
     278
     266
     273
     289
     278
     280
     279
     256
     270
     274
     264
     299
     246
     289
     261
     258
     278
     263
     263
     273
     266
     263
     296
     259
     294
     259
     270
     250
     281
     273
     253
     247
     240
     269
     255
     304
     260
     315
     252
     266
     239
     271
     264
     235
     248
     256
     251
     265
     263
     268
     269
     276
     284
     266
     279
     284
     242
     275
     258
     239
     267
     272
     286
     243
     253
     234
     291
     272
     272
     238
     259
     245
     250
     234
     266
     292
     266
     255
     225
     218
     289
     268
     257
     256
     296
     259
     253
     245
     254
     253
     245
     268
     284
     258
     266
     272
     252
     265
     281
     234
     292
     238
     270
     263
     288
     277
     251
     253
     245
     225
     279
     263
     271
     297
     238
     277
     271
     268
     265
     258
     263
     259
     250
     266
     301
     268
     249
     275
     273
     261
     292
     263
     280
     306
     277
     277
     270
     273
     292
     280
     281
     265
     286
     288
     284
     287
     298
     282
     280
     295
     310
     275
     308
     282
     300
     292
     290
     313
     286
     297
     309
     337
     299
     330
     286
     326
     318
     315
     285
     308
     322
     292
     294
     294
     291
     330
     325
     331
     314
     316
     326
     324
     293
     273
     319
     322
     282
     325
     295
     347
     341
     308
     318
     325
     379
     312
     325
     325
     337
     357
     341
     326
     347
     316
     343
     363
     359
     322
     326
     360
     336
     385
     343
     307
     352
     361
     376
     347
     414
     334
     360
     369
     346
     325
     355
     365
     365
     375
     363
     381
     420
     352
     349
     352
     355
     387
     402
     398
     337
     371
     405
     340
     395
     340
     372
     359
     367
     398
     400
     429
     388
     417
     359
     383
     371
     381
     385
     407
     344
     433
     391
     384
     433
     421
     394
     433
     429
     433
     437
     394
     443
     447
     487
     411
     375
     464
     426
     468
     431
     415
     419
     397
     476
     406
     430
     464
     432
     459
     435
     449
     481
     452
     444
     454
     418
     450
     409
     431
     453
     449
     457
     475
     486
     466
     425
     497
     467
     432
     497
     484
     470
     474
     448
     464
     494
     469
     508
     527
     463
     477
     449
     481
     505
     536
     518
     463
     472
     477
     501
     515
     477
     478
     514
     479
     507
     507
     492
     495
     534
     482
     508
     483
     485
     493
     487
     512
     498
     521
     508
     517
     498
     513
     451
     493
     526
     530
     548
     522
     469
     494
     500
     509
     502
     487
     537
     532
     499
     548
     531
     551
     532
     532
     503
     532
     498
     527
     556
     517
     554
     512
     546
     532
     536
     582
     548
     505
     539
     533
     565
     545
     546
     542
     582
     568
     528
     606
     584
     596
     602
     573
     556
     574
     628
     621
     576
     639
     592
     629
     623
     685
     623
     634
     643
     642
     630
     623
     654
     664
     667
     675
     691
     715
     692
     737
     750
     720
     709
     707
     727
     714
     786
     789
     754
     764
     760
     835
     816
     824
     800
     787
     788
     740
     776
     801
     762
     817
     779
     788
     749
     747
     771
     763
     715
     770
     757
     738
     728
     722
     744
     743
     701
     688
     641
     697
     686
     650
     661
     645
     652
     629
     670
     595
     598
     591
     586
     588
     591
     608
     565
     575
     541
     622
     579
     573
     568
     573
     606
     583
     544
     591
     542
     542
     553
     527
     533
     555
     538
     522
     539
     548
     578
     543
     550
     518
     556
     503
     561
     586
     579
     598
     533
     606
     575
     571
     579
     548
     582
     553
     572
     566
     592
     556
     612
     580
     583
     571
     570
     649
     601
     627
     605
     618
     629
     658
     584
     570
     680
     666
     616
     648
     616
     623
     652
     653
     593
     636
     621
     608
     621
     605
     615
     644
     628
     556
     620
     547
     604
     627
     560
     609
     592
     554
     595
     566
     624
     591
     596
     575
     592
     579
     530
     566
     560
     578
     574
     590
     570
     578
     550
     519
     552
     523
     586
     526
     532
     564
     534
     545
     530
     520
     548
     512
     544
     509
     535
     544
     503
     563
     510
     532
     482
     529
     516
     531
     506
     551
     540
     511
     489
     511
     496
     549
     513
     574
     530
     527
     490
     531
     521
     509
     515
     509
     467
     479
     505
     506
     539
     505
     512
     466
     524
     506
     478
     508
     518
     515
     532
     493
     538
     536
     519
     469
     487
     475
     460
     521
     513
     505
     494
     499
     516
     521
     513
     482
     493
     483
     477
     529
     480
     476
     508
     492
     514
     513
     503
     447
     500
     469
     493
     451
     475
     488
     451
     473
     479
     469
     501
     479
     488
     487
     508
     476
     496
     459
     471
     471
     473
     534
     480
     489
     454
     497
     451
     516
     494
     493
     480
     503
     512
     472
     475
     490
     505
     464
     456
     448
     473
     453
     452
     478
     474
     460
     478
     482
     481
     456
     478
     513
     473
     437
     496
     462
     460
     480
     456
     482
     450
     474
     445
     529
     505
     477
     450
     474
     470
     457
     463
     444
     487
     450
     430
     458
     461
     483
     460
     437
     467
     471
     447
     462
     479
     486
     447
     465
     464
     463
     443
     478
     466
     463
     467
     480
     443
     465
     438
     443
     416
     471
     515
     478
     493
     451
     445
     471
     457
     465
     433
     444
     453
     446
     446
     475
     478
     414
     465
     433
     449
     421
     470
     466
     417
     454
     425
     483
     427
     434
     436
     442
     462
     402
     454
     435
     451
     383
     442
     464
     424
     441
     445
     454
     427
     434
     458
     446
     432
     423
     449
     462
     464
     443
     464
     461
     429
     419
     440
     446
     399
     440
     449
     433
     454
     479
     430
     416
     406
     421
     456
     428
     427
     414
     425
     439
     478
     425
     401
     418
     413
     422
     426
     437
     466
     387
     447
     430
     423
     451
     428
     432
     384
     447
     431
     400
     433
     431
     430
     424
     436
     442
     420
     425
     427
     432
     440
     420
     435
     446
     459
     406
     446
     423
     425
     407
     428
     423
     389
     389
     423
     425
     365
     408
     411
     439
     357
     375
     395
     420
     410
     384
     413
     411
     378
     398
     379
     389
     431
     405
     394
     364
     399
     395
     387
     416
     390
     396
     365
     375
     369
     372
     418
     436
     412
     435
     380
     383
     411
     410
     381
     403
     363
     403
     383
     394
     411
     391
     404
     402
     447
     401
     368
     414
     387
     403
     404
     386
     409
     404
     408
     405
     376
     363
     387
     396
     390
     352
     389
     405
     430
     387
     362
     362
     391
     394
     416
     406
     380
     365
     395
     372
     378
     371
     369
     388
     378
     385
     409
     364
     409
     397
     409
     384
     418
     363
     378
     413
     333
     357
     362
     386
     387
     398
     369
     383
     401
     377
     383
     370
     363
     383
     415
     350
     342
     367
     358
     348
     396
     390
     367
     368
     353
     386
     344
     379
     384
     389
     376
     358
     380
     379
     342
     390
     366
     363
     346
     352
     358
     372
     358
     361
     396
     402
     338
     351
     365
     330
     361
     356
     370
     384
     339
     329
     354
     358
     336
     367
     361
     371
     325
     327
     330
     347
     348
     350
     349
     356
     355
     380
     355
     364
     343
     322
     365
     338
     359
     315
     363
     357
     351
     349
     360
     383
     345
     348
     356
     353
     345
     343
     335
     351
     318
     354
     359
     327
     339
     396
     314
     336
     321
     339
     322
     313
     333
     359
     337
     333
     326
     347
     344
     359
     352
     316
     330
     290
     319
     331
     333
     334
     312
     329
     316
     338
     284
     342
     354
     304
     340
     337
     329
     294
     334
     319
     322
     317
     360
     326
     302
     312
     331
     347
     339
     315
     326
     315
     314
     312
     341
     312
     345
     317
     314
     294
     330
     308
     325
     337
     330
     313
     319
     316
     298
     309
     302
     314
     307
     283
     323
     313
     324
     336
     330
     316
     304
     288
     330
     315
     291
     319
     331
     313
     311
     296
     326
     317
     325
     329
     319
     306
     316
     315
     301
     313
     288
     329
     279
     295
     307
     296
     306
     286
     294
     286
     256
     293
     290
     302
     271
     329
     299
     284
     333
     285
     297
     327
     301
     328
     295
     304
     281
     329
     306
     301
     275
     264
     275
     306
     293
     291
     280
     268
     270
     281
     284
     289
     292
     248
     254
     292
     275
     283
     280
     293
     280
     298
     279
     315
     284
     284
     286
     288
     274
     299
     269
     285
     263
     276
     277
     261
     284
     265
     274
     285
     298
     275
     277
     300
     269
     299
     285
     286
     258
     247
     267
     272
     314
     288
     275
     301
     255
     298
     297
     263
     279
     278
     277
     292
     277
     283
     249
     274
     274
     294
     275
     266
     285
     269
     267
     273
     271
     258
     282
     267
     265
     261
     282
     277
     272
     251
     261
     287
     288
     272
     313
     261
     270
     228
     269
     265
     263
     252
     237
     268
     284
     251
     277
     265
     252
     279
     276
     297
     266
     264
     247
     244
     242
     258
     285
     264
     266
     234
     242
     263
     234
     254
     272
     227
     266
     249
     228
     273
     234
     236
     274
     238
     253
     241
     279
     269
     250
     240
     269
     222
     280
     243
     257
     243
     273
     258
     252
     238
     240
     243
     296
     235
     242
     236
     233
     243
     262
     275
     253
     260
     274
     281
     247
     237
     278
     262
     256
     264
     256
     225
     260
     224
     257
     274
     220
     270
     235
     268
     236
     242
     261
     259
     243
     246
     236
     231
     247
     250
     253
     255
     232
     254
     267
     244
     217
     231
     241
     259
     204
     247
     267
     248
     243
     217
     251
     237
     255
     222
     261
     240
     256
     217
     218
     240
     232
     229
     250
     239
     228
     237
     221
     248
     223
     211
     250
     261
     212
     222
     224
     219
     226
     210
     219
     225
     255
     227
     237
     247
     232
     197
     250
     210
     213
     239
     258
     240
     265
     264
     189
     223
     240
     215
     215
     224
     241
     236
     225
     261
     230
     229
     238
     238
     266
     243
     249
     246
     243
     243
     213
     219
     239
     218
     236
     253
     270
     273
     231
     237
     216
     227
     233
     243
     230
     229
     237
     227
     228
     231
     237
     205
     240
     207
     229
     218
     225
     197
     230
     207
     221
     249
     230
     241
     227
     207
     222
     243
     230
     232
     222
     214
     217
     222
     208
     214
     197
     193
     219
     198
     213
     225
     205
     197
     207
     210
     215
     210
     212
     214
     219
     227
     207
     244
     231
     206
     224
     228
     180
     216
     225
     246
     215
     211
     201
     209
     210
     221
     223
     191
     207
     224
     197
     238
     199
     218
     206
     192
     216
     200
     186
     179
     171
     212
     194
     188
     187
     212
     216
     211
     198
     214
     204
     223
     216
     184
     175
     232
     215
     181
     190
     213
     200
     187
     228
     213
     197
     197
     178
     198
     213
     213
     241
     226
     199
     223
     206
     205
     178
     220
     192
     204
     197
     201
     190
     214
     208
     196
     215
     200
     205
     193
     210
     216
     222
     181
     198
     202
     180
     183
     199
     203
     184
     196
     184
     194
     185
     207
     213
     208
     185
     187
     207
     201
     224
     200
     178
     193
     192
     190
     174
     190
     171
     163
     187
     208
     201
     186
     205
     176
     194
     203
     193
     184
     184
     179
     168
     183
     183
     174
     194
     183
     170
     150
     195
     195
     201
     173
     172
     172
     196
     203
     186
     196
     182
     196
     182
     190
     186
     215
     164
     193
     181
     192
     220
     202
     210
     178
     203
     188
     193
     180
     195
     215
     192
     188
     174
     207
     194
     201
     191
     202
     177
     181
     191
     168
     183
     181
     168
     196
     182
     176
     188
     155
     187
     166
     187
     190
     210
     175
     181
     185
     180
     184
     207
     182
     173
     202
     184
     198
     199
     169
     153
     186
     177
     157
     180
     181
     164
     170
     162
     180
     157
     184
     191
     197
     183
     166
     173
     209
     170
     174
     190
     180
     186
     165
     180
     164
     180
     177
     193
     161
     160
     159
     201
     167
     167
     178
     195
     181
     156
     156
     160
     170
     195
     180
     193
     189
     166
     162
     189
     173
     217
     172
     189
     173
     192
     166
     161
     155
     181
     173
     161
     160
     162
     181
     154
     170
     201
     192
     156
     158
     171
     156
     167
     188
     182
     164
     161
     178
     171
     191
     174
     169
     158
     163
     194
     171
     168
     181
     157
     156
     169
     191
     150
     192
     189
     181
     177
     153
     176
     190
     177
     163
     164
     182
     180
     171
     155
     177
     160
     176
     177
     178
     167
     174
     168
     187
     157
     161
     143
     170
     163
     197
     153
     194
     180
     156
     185
     151
     171
     140
     174
     161
     156
     164
     178
     174
     145
     183
     152
     158
     141
     169
     154
     141
     168
     160
     148
     175
     147
     162
     155
     159
     166
     163
     152
     156
     146
     161
     152
     168
     178
     150
     153
     159
     148
     157
     173
     161
     162
     136
     154
     141
     156
     174
     168
     161
     147
     153
     166
     158
     193
     148
     160
     166
     173
     160
     135
     159
     167
     146
     159
     133
     166
     171
     168
     163
     167
     133
     148
     174
     157
     168
     172
     157
     169
     167
     162
     154
     159
     164
     180
     162
     179
     166
     170
     171
     169
     179
     171
     176
     189
     171
     173
     190
     193
     203
     168
     194
     197
     175
     217
     171
     182
     199
     200
     201
     186
     175
     209
     211
     193
     188
     226
     217
     177
     205
     181
     206
     205
     190
     187
     194
     181
     207
     163
     179
     196
     193
     194
     183
     183
     179
     211
     184
     179
     197
     177
     179
     183
     160
     173
     158
     171
     184
     171
     168
     171
     180
     180
     153
     155
     174
     175
     136
     141
     154
     171
     137
     156
     139
     178
     150
     152
     149
     156
     153
     151
     135
     136
     122
     141
     142
     160
     134
     141
     131
     140
     147
     155
     150
     124
     145
     140
     167
     148
     153
     131
     136
     136
     146
     138
     112
     143
     143
     148
     142
     149
     150
     134
     128
     140
     141
     143
     147
     148
     142
     137
     143
     140
     124
     124
     131
     134
     128
     121
     124
     129
     112
     158
     130
     129
     133
     137
     134
     120
     127
     119
     132
     137
     107
     127
     151
     135
     147
     143
     145
     126
     132
     117
     134
     127
     123
     130
     127
     142
     139
     121
     128
     144
     126
     123
     133
     117
     122
     123
     133
     130
     131
     123
     121
     107
     136
     130
     148
     121
     122
     137
     118
     138
     112
     139
     128
     132
     138
     109
     141
     132
     115
     125
     138
     107
     133
     118
     121
     136
     142
     114
     122
     131
     120
     127
     131
     124
     102
     136
     129
     132
     103
     124
     128
     131
     131
      99
     124
     136
     128
     124
     122
     127
     124
     127
     127
     118
     156
     132
     132
     127
     115
     134
     107
     128
      97
     136
     124
     116
     123
     118
     128
     130
      98
     102
     117
     108
     128
     118
     129
     133
     129
     131
     142
     109
     136
     128
     132
     144
     134
     141
     135
     140
     138
     122
     109
     126
     116
     119
     119
     120
     133
     106
     123
     134
     132
     116
     136
     111
     111
     126
     105
     124
     118
     101
     127
     103
     125
     120
     121
     130
     129
     121
     118
     114
     104
     103
     123
     129
     112
     116
     133
     110
     136
     118
     146
     119
     131
     142
     144
     127
     127
     117
     136
     124
     114
     108
     128
     119
     112
     131
     127
     128
      92
     128
     124
     117
     120
     131
     112
     115
     135
     121
     132
     130
      98
     105
     129
     117
     101
     107
     136
     119
     122
     112
     113
     106
     125
     119
     121
     131
     109
     113
     117
     123
      94
     100
     135
     126
     123
     107
     109
     125
     116
     114
     123
     116
     101
     112
     116
     112
     117
     110
     129
     123
     112
     118
     137
     115
     142
     110
     129
     133
     108
     114
     110
     118
     139
     115
     121
      95
     124
     117
     101
     119
      97
     107
     120
      98
     112
     118
     112
      94
     110
     114
     126
     104
     122
     112
     123
     122
     110
     123
     133
     131
     112
     120
     104
     113
     105
     137
     117
      97
     116
     108
     112
     117
     101
     102
      96
     125
      95
     123
     100
     101
     113
     108
     110
     103
     105
     100
     132
     107
     109
     117
     108
     114
     112
     104
     114
     113
     106
     112
     115
     106
     111
     113
     115
     136
      96
      94
     115
     116
     111
     125
     102
     120
     123
     108
     100
     126
     103
      94
     107
     111
     106
     100
     114
      99
     107
     108
     102
     104
     114
     104
     112
     104
     104
     103
      86
      95
     113
     106
     103
      93
     100
     112
      91
     100
     109
     138
     110
     128
      98
     108
     102
     107
     102
     101
      95
     115
     117
      91
     106
     109
     100
     121
     118
     115
     106
     107
      94
     120
     127
     113
     109
     121
     110
     119
      95
      92
     132
     112
     104
     116
     114
      94
     118
     107
     117
     109
     117
     110
     118
     116
     139
     121
     129
     116
     118
     121
     122
     123
     116
     137
     105
     137
     114
     120
     132
     132
     128
     124
     128
     125
     140
     118
     136
     105
     132
     128
     119
     126
     131
     143
     119
     115
     122
     106
     114
     107
     112
     119
      97
     115
     122
     116
     121
     103
      96
     108
      97
     107
     108
     104
     114
      93
     116
      92
     118
      89
     114
     114
     102
     108
      92
     112
     100
     111
      95
      98
     105
      86
      98
     110
      92
     104
      86
      96
     122
     106
     108
      87
      91
     104
      98
     110
     116
     100
     104
      81
      92
      99
      95
     108
     106
     105
      93
      79
      71
      90
      89
      94
      92
      78
      93
      94
      87
      84
     100
      90
      83
      89
      88
      91
      95
      91
      77
     100
      83
     101
     113
      82
     107
     107
      92
      93
      84
      85
      73
      98
      77
      97
      90
     112
      83
      79
     105
      98
      88
      85
      92
      89
      98
      90
     106
      92
      87
      76
      92
      90
     108
      88
      88
      86
     109
      94
      96
      95
     107
      83
      85
      95
     111
     120
      98
      86
      88
      92
      79
      89
      95
      84
      95
      93
     101
      99
     105
     101
      80
     105
      82
     104
      93
      91
      96
     104
      99
      88
      74
      91
      79
     101
     103
      93
      74
     100
      85
     107
      93
      91
      96
      91
      95
     105
      91
      77
      90
     107
     102
      70
     104
      97
      95
      95
      95
      86
      84
      85
      94
      98
     110
      83
      90
      75
      82
      89
      91
      87
      87
      89
      85
      98
      92
      77
      99
      93
      80
      96
      97
     100
      88
      90
      85
      92
      96
      96
      92
      74
      79
      99
      85
      86
      88
      89
      91
     100
      95
      96
     101
      96
      87
      86
     107
     100
      85
      87
      83
      68
      89
      84
      98
      92
     105
      85
      93
      76
      91
      87
      90
      94
      93
     101
      84
      79
      79
      79
      79
      93
      84
      72
      91
      87
      89
      99
     103
      99
      86
      73
      75
      80
      97
     113
     104
     106
      89
      84
      76
     101
      77
      91
      78
      87
      85
      93
     105
      76
     113
     104
     109
      78
      90
      83
      96
      84
      88
      93
      80
      94
      92
      94
      82
      87
      86
      81
      81
      74
      79
      96
      95
      84
      86
      86
      86
      93
      81
      84
      81
      92
      80
      84
      85
      83
      82
      80
      88
      92
      94
      74
      68
     103
     104
      80
      82
      80
      94
      73
      89
      82
      93
      83
      63
      73
      74
      70
     100
      82
      80
      86
      90
      89
      95
      81
      91
      79
      72
      97
      97
      81
      79
      88
      75
      91
      79
      63
      84
      80
      92
      88
      80
      93
      78
      85
     101
      71
     111
      87
      93
      98
      96
      87
      85
      77
     103
      81
      96
      95
      86
      88
      83
      96
      85
     100
      85
      72
      99
      81
     108
      91
     117
      90
      92
      91
     107
      88
      83
      99
     103
      83
      83
      95
      82
      88
      94
      88
      82
      73
      80
      86
      80
      88
      66
      83
      80
      77
      93
      86
      82
      86
      62
      86
      89
      88
      84
      65
      88
      80
      65
      71
      86
      79
      72
      91
      68
      79
      72
      83
      80
      82
      77
      86
      81
      73
      76
      73
      87
      64
      75
      87
      76
      83
      86
      92
      76
      68
      93
      87
      68
      86
      85
      70
      88
      90
      75
      74
      85
      85
      86
     103
      96
      73
      83
      90
      74
     102
      88
      76
      78
     100
      69
      81
      91
      59
      97
      86
      65
      92
     111
      95
      89
     103
     113
     106
     110
      82
     101
     128
      92
     104
     107
     108
     126
      96
     103
     117
     127
     112
     120
     125
     121
     112
     125
     132
     126
     110
     120
     114
     124
     121
     128
     119
     129
     122
     104
     117
     110
     109
     116
     119
      97
     101
      97
     103
     110
      83
      96
      96
      88
      85
      88
      88
      98
      98
      81
      74
      92
      90
      79
      69
      85
      75
      85
      72
      90
      84
      79
      73
      89
      61
      79
      72
      65
      77
      77
      71
      79
      71
      81
      69
      69
      62
      73
      66
      74
      74
      78
      64
      61
      63
      58
      87
      57
      70
      58
      68
      79
      53
      84
      69
      69
      72
      75
      74
      80
      72
      71
      61
      57
      76
      73
      72
      66
      70
      67
      84
      64
      72
      81
      80
      71
      74
      89
      73
      64
      83
      67
      78
      66
      94
      73
      64
      90
      68
      60
      72
      61
      82
      62
      69
      66
      62
      71
      68
      89
      64
      70
      70
      69
      56
      81
      67
      55
      77
      79
      63
      64
      78
      77
      72
      65
      70
      72
      70
      67
      77
      75
      75
      74
      77
      74
      58
      65
      80
      67
      63
      65
      74
      80
      66
      63
      76
      61
      56
      67
      52
      72
      69
      77
      81
      61
      68
      70
      59
      69
      61
      73
      74
      69
      58
      71
      73
      60
      63
      62
      66
      75
      66
      57
      70
      66
      59
      59
      86
      65
      76
      68
      66
      67
      72
      67
      65
      62
      69
      78
      62
      65
      82
      65
      63
      52
      80
      76
      62
      50
      63
      69
      72
      70
      73
      81
      68
      66
      61
      62
      66
      62
      79
      65
      74
      65
      75
      71
      64
      66
      75
      80
      72
      72
      54
      59
      70
      65
      73
      73
      67
      59
      51
      77
      71
      51
      83
      75
      66
      73
      58
      64
      60
      62
      59
      63
      73
      69
      65
      72
      68
      83
      64
      77
      49
      72
      65
      67
      70
      62
      61
      70
      72
      77
      59
      70
      60
      71
      81
      57
      59
      67
      68
      75
      66
      73
      63
      71
      56
      67
      66
      59
      70
      57
      66
      74
      54
      57
      58
      64
      67
      57
      63
      63
      52
      68
      60
      68
      53
      82
      55
      69
      82
      68
      65
      55
      70
      75
      67
      65
      67
      46
      68
      56
      55
      77
      55
      55
      71
      60
      67
      64
      73
      57
      82
      60
      51
      65
      57
      63
      66
      49
      66
      49
      77
      66
      64
      58
      60
      82
      63
      60
      58
      54
      59
      57
      75
      61
      56
      61
      63
      57
      71
      67
      72
      61
      59
      66
      68
      67
      56
      65
      80
      65
      64
      71
      65
      43
      58
      56
      65
      65
      71
      71
      54
      68
      59
      60
      62
      66
      58
      75
      62
      48
      70
      63
      68
      55
      51
      81
      73
      53
      51
      67
      57
      63
      61
      73
      66
      71
      64
      58
      69
      54
      64
      64
      57
      61
      68
      67
      70
      59
      78
      84
      67
      89
      54
      60
      62
      58
      57
      51
      67
      64
      56
      62
      50
      65
      62
      68
      65
      68
      50
      63
      61
      59
      59
      50
      68
      46
      66
      65
      70
      61
      56
      60
      60
      56
      60
      60
      66
      71
      59
      53
      66
      64
      60
      55
      51
      63
      65
      64
      66
      64
      63
      68
      58
      50
      61
      55
      68
      66
      68
      62
      68
      63
      47
      51
      54
      69
      65
      66
      70
      59
      59
      74
      60
      61
      77
      45
      63
      66
      62
      60
      52
      61
      55
      73
      69
      49
      72
      64
      61
      50
      52
      57
      52
      47
      63
      63
      57
      55
      54
      54
      48
      77
      67
      59
      60
      50
      57
      54
      58
      52
      75
      54
      74
      52
      70
      52
      52
      61
      46
      62
      51
      68
      54
      65
      73
      51
      54
      63
      59
      63
      59
      63
      40
      55
      69
      51
      56
      65
      51
      53
      46
      71
      69
      59
      48
      66
      53
      53
      65
      77
      60
      66
      52
      57
      53
      54
      56
      74
      67
      54
      52
      57
      57
      62
      68
      61
      50
      54
      60
      59
      57
      72
      63
      68
      53
      54
      54
      65
      56
      58
      68
      66
      48
      56
      59
      58
      64
      57
      50
      61
      62
      59
      55
      57
      65
      58
      58
      54
      63
      58
      57
      46
      61
      61
      64
      68
      55
      64
      51
      55
      64
      57
      70
      51
      58
      49
      54
      65
      52
      59
      62
      58
      52
      72
      68
      57
      54
      48
      48
      57
      57
      63
      42
      52
      59
      32
      55
      51
      58
      53
      55
      65
      55
      56
      71
      57
      56
      49
      48
      48
      59
      67
      56
      55
      61
      52
      48
      51
      48
      55
      55
      59
      60
      54
      53
      46
      59
      56
      47
      59
      53
      51
      46
      39
      54
      55
      50
      59
      54
      53
      45
      57
      41
      50
      49
      64
      42
      52
      61
      45
      69
      53
      62
      50
      41
      52
      66
      61
      60
      60
      44
      41
      66
      61
      60
      57
      53
      63
      57
      46
      61
      49
      48
      40
      51
      48
      71
      63
      60
      53
      48
      39
      56
      51
      48
      60
      48
      63
      66
      52
      42
      51
      58
      45
      67
      59
      50
      54
      47
      44
      48
      53
      50
      38
      56
      52
      67
      46
      47
      54
      54
      62
      53
      61
      37
      53
      66
      62
      62
      43
      44
      50
      58
      45
      52
      56
      42
      47
      51
      59
      51
      48
      60
      57
      46
      66
      63
      40
      62
      53
      44
      59
      50
      58
      60
      57
      61
      55
      40
      51
      64
      57
      51
      52
      55
      52
      58
      51
      45
      50
      38
      56
      57
      55
      60
      49
      46
      48
      61
      54
      50
      51
      61
      52
      66
      47
      74
      52
      55
      65
      52
      53
      66
      48
      58
      52
      44
      56
      54
      63
      73
      54
      51
      58
      44
      54
      47
      55
      47
      60
      51
      47
      58
      56
      54
      49
      55
      42
      45
      38
      53
      48
      45
      39
      43
      47
      49
      45
      44
      47
      53
      51
      45
      63
      53
      60
      45
      40
      56
      58
      62
      41
      51
      53
      52
      47
      51
      49
      47
      53
      44
      55
      56
      41
      56
      45
      53
      43
      48
      55
      48
      51
      49
      56
      54
      58
      42
      49
      56
      47
      62
      48
      62
      47
      39
      40
      29
      50
      55
      39
      51
      40
      46
      48
      46
      60
      60
      53
      50
      39
      46
      56
      51
      37
      52
      55
      51
      50
      45
      59
      49
      52
      46
      50
      59
      40
      48
      48
      58
      35
      50
      40
      47
      45
      48
      48
      51
      47
      47
      38
      54
      60
      58
      49
      60
      49
      56
      45
      38
      54
      41
      38
      53
      59
      43
      40
      43
      53
      50
      48
      42
      57
      52
      47
      47
      50
      46
      42
      53
      42
      51
      47
      33
      49
      50
      40
      51
      64
      54
      47
      38
      52
      57
      53
      51
      51
      45
      52
      64
      59
      47
      51
      51
      56
      54
      43
      54
      53
      58
      47
      59
      46
      61
      45
      46
      56
      70
      50
      50
      56
      48
      53
      57
      59
      42
      61
      53
      56
      47
      49
      51
      50
      60
      47
      57
      55
      45
      51
      56
      43
      59
      44
      38
      48
      43
      51
      52
      50
      44
      49
      46
      48
      42
      50
      51
      54
      54
      35
      34
      47
      59
      52
      42
      51
      39
      34
      45
      52
      41
      48
      39
      49
      48
      53
      50
      39
      42
      40
      48
      48
      51
      47
      53
      46
      50
      49
      52
      45
      40
      50
      50
      43
      48
      56
      59
      41
      62
      61
      45
      43
      49
      51
      41
      54
      37
      54
      45
      46
      48
      50
      53
      42
      53
      52
      38
      47
      27
      38
      40
      40
      33
      44
      43
      52
      47
      46
      42
      42
      59
      53
      47
      54
      50
      55
      44
      24
      48
      35
      52
      54
      45
      55
      48
      33
      35
      49
      31
      37
      59
      48
      54
      47
      46
      44
      57
      42
      37
      42
      52
      39
      48
      36
      51
      45
      49
      39
      43
      43
      50
      50
      49
      47
      45
      45
      41
      41
      34
      50
      42
      38
      50
      51
      51
      46
      49
      51
      47
      43
      42
      49
      44
      42
      42
      57
      54
      45
      34
      49
      39
      51
      44
      32
      43
      55
      42
      48
      55
      55
      50
      44
      50
      41
      37
      45
      37
      52
      37
      52
      40
      42
      35
      61
      43
      33
      51
      51
      53
      52
      56
      55
      42
      42
      53
      50
      38
      45
      60
      36
      42
      36
      48
      54
      42
      45
      37
      40
      44
      39
      37
      54
      43
      38
      41
      46
      55
      44
      38
      39
      40
      51
      50
      37
      41
      40
      52
      43
      50
      38
      45
      36
      38
      44
      38
      46
      39
      49
      40
      43
      52
      39
      52
      37
      41
      58
      40
      49
      46
      46
      60
      49
      32
      60
      52
      41
      52
      47
      51
      50
      36
      47
      59
      39
      52
      44
      39
      34
      46
      39
      53
      36
      33
      50
      46
      45
      45
      45
      42
      45
      39
      48
      50
      47
      52
      56
      34
      47
      39
      47
      38
      37
      49
      32
      38
      46
      54
      50
      43
      44
      46
      36
      35
      42
      49
      42
      57
      49
      35
      44
      27
      33
      31
      43
      43
      46
      42
      27
      46
      48
      46
      41
      37
      38
      41
      48
      51
      42
      38
      42
      47
      35
      39
      42
      49
      36
      52
      48
      45
      32
      45
      47
      39
      43
      40
      40
      46
      34
      43
      35
      38
      38
      47
      37
      47
      45
      40
      44
      48
      37
      34
      48
      43
      40
      40
      44
      32
      41
      48
      39
      47
      43
      56
      42
      39
      44
      48
      56
      43
      37
      46
      52
      41
      48
      39
      42
      29
      37
      63
      52
      48
      45
      41
      51
      56
      50
      58
      53
      48
      54
      66
      50
      47
      61
      51
      63
      61
      66
      68
      73
      75
      66
      65
      79
      81
      73
      85
      80
      76
      71
      77
      96
      91
     105
      96
      69
      91
      74
      91
      83
     103
      82
      86
     104
     101
      92
      74
      91
     100
      74
      87
      78
      89
      88
      73
      76
      93
      66
      74
      77
      85
      67
      70
      87
      65
      66
      75
      81
      75
      65
      62
      63
      43
      53
      47
      53
      44
      60
      46
      46
      53
      55
      58
      39
      44
      46
      46
      51
      42
      29
      27
      42
      42
      34
      37
      42
      45
      44
      44
      48
      46
      41
      39
      31
      28
      54
      55
      49
      46
      37
      50
      51
      42
      25
      38
      36
      33
      49
      34
      52
      33
      42
      48
      50
      39
      37
      47
      29
      38
      39
      36
      33
      39
      43
      48
      36
      48
      44
      37
      38
      49
      30
      42
      34
      39
      41
      40
      35
      38
      45
      31
      49
      37
      41
      52
      43
      38
      38
      37
      31
      35
      40
      41
      47
      37
      45
      38
      54
      42
      45
      39
      52
      40
      44
      39
      38
      41
      41
      36
      36
      43
      37
      32
      33
      51
      39
      41
      29
      38
      34
      40
      45
      35
      36
      21
      36
      50
      35
      27
      42
      42
      34
      42
      42
      39
      36
      47
      40
      37
      40
      38
      54
      41
      41
      35
      44
      42
      36
      44
      50
      31
      43
      33
      30
      44
      35
      36
      37
      35
      42
      35
      38
      45
      40
      38
      44
      39
      23
      43
      41
      53
      51
      44
      39
      53
      39
      38
      46
      33
      50
      39
      33
      32
      25
      42
      35
      33
      36
      37
      34
      39
      30
      35
      43
      38
      53
      34
      50
      42
      29
      31
      50
      36
      37
      41
      49
      38
      35
      26
      36
      26
      38
      44
      42
      44
      38
      36
      32
      35
      39
      34
      41
      40
      35
      41
      38
      34
      32
      38
      42
      46
      45
      34
      37
      45
      45
      37
      50
      38
      37
      43
      40
      41
      29
      33
      42
      39
      32
      39
      38
      39
      47
      43
      37
      43
      30
      35
      45
      34
      40
      44
      30
      30
      31
      50
      49
      35
      25
      39
      42
      38
      32
      47
      41
      37
      42
      34
      39
      35
      30
      30
      40
      44
      32
      45
      40
      45
      39
      32
      44
      36
      33
      44
      32
      37
      40
      32
      34
      41
      50
      43
      49
      30
      27
      40
      44
      41
      34
      37
      25
      38
      36
      45
      40
      28
      26
      29
      29
      52
      37
      42
      40
      37
      35
      31
      39
      37
      31
      32
      38
      30
      28
      41
      38
      40
      37
      49
      23
      42
      38
      44
      42
      34
      40
      48
      40
      31
      38
      32
      31
      36
      34
      31
      43
      38
      35
      49
      32
      45
      30
      43
      28
      33
      28
      31
      42
      30
      43
      35
      36
      36
      35
      33
      32
      31
      47
      38
      30
      39
      38
      33
      42
      35
      48
      44
      41
      44
      43
      38
      24
      33
      38
      33
      50
      17
      33
      41
      36
      47
      33
      44
      44
      35
      31
      31
      33
      32
      34
      35
      44
      34
      37
      40
      42
      38
      33
      41
      38
      30
      36
      38
      48
      35
      36
      27
      29
      29
      44
      42
      35
      39
      46
      46
      45
      28
      32
      32
      43
      43
      27
      40
      44
      42
      51
      35
      42
      39
      38
      34
      46
      39
      37
      30
      38
      42
      33
      37
      37
      29
      37
      29
      36
      38
      32
      40
      39
      41
      27
      36
      27
      32
      33
      37
      31
      44
      30
      30
      41
      36
      40
      26
      45
      33
      27
      29
      32
      24
      48
      42
      43
      33
      36
      32
      48
      39
      27
      33
      30
      35
      36
      36
      32
      28
      43
      38
      32
      33
      32
      33
      35
      39
      25
      33
      40
      40
      34
      34
      27
      35
      33
      43
      38
      26
      34
      37
      38
      30
      33
      40
      42
      31
      36
      33
      34
      35
      30
      29
      34
      32
      36
      38
      51
      33
      28
      33
      36
      40
      26
      47
      32
      45
      29
      32
      41
      45
      39
      32
      31
      41
      36
      37
      34
      39
      29
      29
      39
      30
      37
      32
      43
      30
      42
      35
      33
      40
      37
      29
      46
      34
      41
      38
      36
      38
      29
      36
      38
      45
      46
      48
      27
      47
      33
      42
      37
      42
      40
      36
      39
      45
      38
      29
      27
      33
      32
      33
      28
      25
      46
      33
      37
      40
      46
      33
      39
      46
      47
      36
      37
      52
      34
      46
      49
      39
      47
      49
      46
      45
      54
      39
      49
      52
      42
      53
      58
      57
      62
      58
      62
      60
      64
      75
      62
      63
      70
      90
      67
      66
      70
      60
      87
      71
      73
      69
      76
      80
      70
      53
      66
      72
      58
      65
      69
      64
      68
      63
      65
      70
      57
      62
      51
      57
      65
      53
      60
      52
      37
      48
      41
      39
      44
      43
      48
      44
      37
      51
      38
      40
      28
      55
      36
      30
      47
      33
      32
      34
      38
      31
      39
      45
      34
      34
      36
      31
      34
      34
      37
      28
      34
      27
      43
      21
      39
      31
      31
      29
      41
      44
      36
      29
      37
      24
      38
      30
      33
      39
      34
      30
      39
      39
      35
      32
      26
      27
      26
      45
      33
      29
      36
      37
      30
      36
      23
      31
      36
      33
      31
      36
      39
      25
      26
      27
      35
      30
      38
      34
      35
      27
      38
      25
      31
      29
      35
      37
      25
      30
      31
      28
      31
      34
      36
      36
      33
      38
      35
      36
      43
      29
      39
      17
      25
      28
      24
      31
      36
      32
      34
      28
      26
      31
      27
      26
      27
      30
      33
      39
      33
      26
      32
      41
      37
      37
      21
      28
      35
      36
      30
      34
      35
      33
      29
      35
      36
      29
      42
      29
      27
      33
      34
      28
      39
      31
      28
      35
      24
      34
      39
      28
      38
      41
      34
      30
      40
      31
      41
      35
      41
      46
      45
      46
      32
      30
      35
      39
      28
      43
      46
      45
      45
      32
      46
      33
      39
      35
      32
      43
      34
      43
      44
      38
      50
      42
      38
      49
      50
      36
      37
      53
      51
      56
      47
      54
      50
      52
      76
      55
      66
      63
      62
      75
      64
      86
      78
      66
      80
      85
      82
      89
      91
      88
      91
      80
     112
      93
      90
      86
      96
      92
      92
      93
      91
      93
     101
      90
      82
      86
     102
      94
      85
      66
      79
      86
      77
      74
      94
      77
      77
      77
      76
      60
      77
      55
      52
      57
      56
      41
      53
      54
      47
      61
      35
      45
      44
      35
      35
      35
      39
      45
      37
      41
      33
      46
      31
      21
      30
      38
      33
      24
      36
      30
      37
      27
      26
      27
      28
      37
      32
      33
      44
      32
      34
      20
      44
      37
      31
      33
      28
      36
      28
      30
      44
      26
      26
      30
      34
      31
      24
      36
      30
      32
      26
      34
      33
      31
      20
      33
      26
      29
      32
      28
      31
      30
      40
      28
      27
      33
      31
      37
      27
      29
      26
      24
      29
      22
      34
      28
      16
      23
      40
      26
      24
      25
      29
      25
      25
      28
      28
      28
      24
      24
      32
      23
      32
      25
      25
      36
      28
      21
      34
      24
      28
      28
      28
      32
      21
      30
      24
      29
      23
      30
      26
      41
      26
      31
      30
      39
      33
      29
      33
      24
      27
      25
      18
      23
      30
      19
      31
      30
      24
      29
      29
      30
      38
      28
      30
      28
      37
      28
      37
      32
      21
      24
      26
      19
      27
      27
      22
      28
      28
      27
      28
      22
      43
      32
      22
      28
      32
      30
      35
      30
      34
      42
      23
      30
      20
      34
      20
      34
      32
      30
      31
      27
      27
      28
      25
      24
      22
      29
      23
      33
      30
      26
      34
      24
      19
      28
      28
      22
      29
      31
      18
      39
      25
      20
      28
      35
      28
      31
      31
      28
      22
      36
      24
      30
      25
      22
      29
      37
      27
      32
      29
      29
      29
      34
      33
      29
      34
      33
      32
      26
      25
      29
      30
      24
      31
      28
      32
      25
      25
      21
      32
      25
      27
      43
      26
      32
      31
      30
      33
      30
      34
      27
      35
      37
      25
      31
      27
      26
      26
      38
      27
      24
      35
      32
      23
      32
      34
      21
      29
      20
      22
      26
      33
      32
      27
      25
      30
      27
      23
      18
      30
      31
      22
      20
      35
      26
      20
      24
      27
      30
      33
      26
      39
      32
      29
      23
      24
      27
      21
      27
      23
      35
      30
      24
      29
      22
      22
      28
      31
      34
      35
      27
      27
      29
      38
      26
      30
      32
      31
      26
      30
      33
      33
      34
      26
      32
      33
      27
      33
      19
      38
      31
      44
      31
      34
      36
      32
      23
      21
      21
      26
      24
      25
      31
      23
      28
      28
      30
      31
      26
      21
      32
      35
      37
      25
      28
      28
      24
      28
      31
      20
      19
      46
      20
      21
      27
      31
      21
      33
      26
      24
      25
      32
      23
      33
      21
      21
      23
      28
      30
      26
      33
      27
      27
      26
      17
      24
      38
      27
      26
      35
      28
      25
      28
      26
      25
      30
      24
      32
      30
      31
      22
      40
      24
      25
      27
      25
      17
      29
      31
      32
      36
      29
      32
      24
      23
      28
      20
      20
      26
      25
      35
      29
      31
      32
      25
      38
      30
      25
      34
      34
      21
      30
      21
      23
      34
      24
      27
      28
      30
      36
      22
      28
      34
      22
      34
      34
      33
      22
      21
      26
      28
      29
      32
      33
      22
      37
      34
      26
      43
      28
      34
      40
      27
      37
      47
      25
      28
      31
      33
      40
      30
      40
      43
      36
      26
      30
      38
      36
      42
      33
      36
      35
      30
      31
      34
      31
      34
      38
      29
      24
      34
      32
      46
      41
      24
      34
      20
      34
      42
      24
      29
      46
      30
      25
      26
      32
      27
      28
      34
      26
      28
      32
      32
      17
      36
      33
      34
      36
      33
      29
      27
      33
      25
      31
      31
      31
      27
      25
      27
      32
      29
      16
      30
      23
      30
      23
      19
      25
      30
      27
      29
      26
      27
      24
      22
      26
      20
      27
      25
      30
      20
      28
      26
      28
      20
      29
      31
      35
      25
      22
      27
      28
      30
      27
      30
      28
      29
      27
      22
      26
      23
      30
      32
      30
      21
      23
      28
      18
      27
      32
      31
      24
      26
      22
      31
      34
      31
      26
      28
      35
      21
      22
      30
      21
      22
      27
      19
      25
      28
      28
      28
      26
      17
      34
      34
      30
      25
      26
      29
      20
      31
      32
      25
      22
      22
      23
      20
      29
      22
      27
      29
      34
      22
      31
      25
      36
      19
      22
      21
      34
      33
      23
      27
      28
      26
      25
      25
      30
      28
      30
      28
      32
      20
      40
      31
      31
      27
      20
      22
      26
      29
      30
      24
      21
      24
      24
      28
      18
      25
      23
      36
      25
      26
      26
      26
      36
      24
      32
      20
      30
      31
      20
      27
      20
      31
      26
      22
      28
      25
      31
      28
      30
      17
      17
      22
      26
      23
      27
      22
      33
      39
      33
      27
      17
      23
      28
      23
      29
      31
      21
      24
      20
      19
      30
      27
      34
      28
      27
      23
      28
      30
      20
      31
      27
      27
      20
      20
      21
      31
      35
      23
      14
      32
      20
      19
      34
      18
      24
      30
      26
      23
      22
      25
      32
      17
      30
      28
      29
      32
      27
      27
      23
      32
      29
      18
      18
      28
      29
      28
      16
      33
      37
      30
      23
      23
      29
      28
      26
      33
      25
      34
      26
      24
      15
      30
      35
      27
      26
      25
      32
      37
      22
      24
      30
      31
      35
      19
      24
      24
      24
      29
      33
      26
      28
      25
      23
      24
      37
      33
      32
      18
      19
      25
      30
      24
      34
      23
      36
      17
      27
      17
      22
      30
      19
      29
      30
      19
      22
      30
      21
      24
      30
      26
      30
      20
      19
      22
      23
      19
      21
      25
      27
      25
      22
      24
      30
      29
      17
      30
      29
      31
      31
      30
      31
      20
      35
      24
      21
      18
      32
      19
      36
      17
      19
      27
      25
      33
      35
      30
      26
      25
      29
      30
      28
      28
      25
      21
      31
      25
      22
      28
      31
      21
      33
      23
      32
      14
      27
      41
      28
      24
      23
      28
      16
      28
      26
      24
      21
      30
      20
      23
      34
      23
      24
      16
      21
      25
      29
      29
      33
      28
      22
      28
      22
      25
      23
      22
      23
      19
      25
      22
      30
      21
      27
      29
      19
      23
      35
      31
      29
      16
      22
      33
      25
      26
      22
      25
      20
      32
      29
      22
      25
      20
      25
      18
      29
      23
      34
      20
      26
      27
      28
      36
      33
      36
      24
      27
      24
      19
      29
      12
      30
      27
      26
      25
      27
      27
      30
      24
      25
      20
      23
      19
      20
      35
      30
      29
      19
      29
      20
      26
      20
      27
      31
      24
      16
      25
      16
      18
      19
      25
      32
      25
      20
      22
      21
      26
      22
      23
      23
      24
      22
      22
      25
      24
      17
      31
      34
      34
      25
      23
      30
      25
      20
      25
      27
      35
      17
      23
      21
      22
      27
      24
      24
      27
      28
      26
      27
      24
      27
      20
      28
      17
      22
      30
      23
      20
      28
      21
      19
      21
      29
      26
      22
      18
      33
      27
      23
      35
      24
      30
      24
      19
      19
      21
      25
      19
      26
      34
      26
      24
      31
      23
      25
      25
      30
      22
      24
      31
      20
      30
      35
      38
      30
      26
      23
      25
      21
      34
      20
      27
      26
      26
      25
      26
      23
      29
      27
      24
      24
      32
      29
      30
      32
      25
      41
      28
      39
      32
      26
      25
      31
      31
      25
      34
      34
      42
      30
      28
      22
      25
      28
      26
      33
      28
      29
      30
      36
      30
      28
      23
      41
      38
      22
      26
      25
      22
      29
      34
      28
      30
      27
      17
      23
      31
      22
      19
      26
      33
      30
      25
      34
      25
      23
      21
      33
      30
      20
      27
      14
      24
      22
      18
      19
      29
      21
      27
      24
      27
      19
      23
      26
      23
      13
      25
      19
      28
      25
      23
      21
      23
      27
      18
      31
      26
      25
      21
      25
      28
      28
      29
      21
      17
      23
      24
      24
      31
      29
      21
      20
      20
      23
      14
      39
      21
      28
      34
      22
      21
      17
      20
      20
      23
      29
      26
      27
      34
      21
      34
      20
      17
      22
      19
      17
      25
      23
      29
      27
      16
      24
      27
      34
      30
      22
      29
      18
      26
      30
      25
      21
      23
      21
      22
      19
      19
      26
      25
      26
      15
      26
      20
      23
      12
      29
      23
      34
      17
      35
      20
      28
      22
      21
      26
      22
      27
      25
      18
      23
      12
      20
      19
      18
      25
      25
      31
      28
      18
      27
      25
      25
      16
      20
      27
      27
      32
      22
      17
      24
      26
      18
      20
      27
      21
      21
      16
      26
      28
      17
      20
      19
      21
      23
      26
      16
      29
      20
      27
      22
      23
      18
      24
      20
      24
      24
      21
      20
      15
      25
      27
      20
      31
      16
      22
      21
      22
      27
      26
      28
      16
      18
      22
      19
      17
      24
      29
      19
      25
      18
      35
      31
      25
      44
      19
      30
      18
      17
      26
      23
      27
      26
      20
      29
      19
      31
      20
      25
      27
      19
      27
      23
      19
      26
      26
      23
      23
      21
      22
      21
      24
      36
      21
      18
      23
      22
      25
      23
      20
      17
      21
      24
      25
      21
      19
      23
      31
      24
      20
      22
      25
      27
      12
      27
      27
      18
      17
      24
      21
      18
      15
      15
      29
      30
      18
      23
      21
      24
      26
      25
      22
      27
      29
      19
      21
      17
      28
      22
      20
      14
      18
      28
      21
      26
      31
      19
      28
      19
      23
      24
      25
      27
      16
      26
      18
      11
      18
      22
      26
      28
      23
      26
      30
      29
      20
      19
      28
      28
      28
      25
      31
      19
      17
      25
      21
      30
      26
      24
      22
      25
      33
      21
      25
      16
      18
      20
      24
      14
      32
      24
      22
      21
      31
      32
      19
      25
      26
      30
      21
      19
      34
      34
      31
      31
      23
      27
      31
      25
      20
      30
      26
      28
      22
      21
      39
      35
      36
      29
      29
      39
      18
      27
      31
      24
      26
      37
      35
      23
      32
      26
      25
      22
      24
      24
      32
      25
      28
      24
      27
      27
      29
      30
      26
      16
      34
      22
      29
      22
      27
      30
      30
      25
      22
      34
      20
      28
      19
      20
      25
      19
      26
      28
      25
      20
      21
      32
      28
      16
      19
      33
      25
      16
      25
      21
      15
      24
      19
      26
      20
      19
      21
      25
      19
      18
      17
      29
      23
      18
      20
      22
      21
      17
      23
      24
      14
      21
      17
      26
      21
      28
      20
      20
      25
      25
      25
      20
      19
      25
      28
      22
      24
      25
      26
      15
      27
      23
      34
      16
      19
      26
      21
      24
      12
      21
      21
      15
      25
      30
      23
      26
      18
      19
      23
      20
      16
      18
      19
      19
      28
      25
      23
      26
      21
      23
      33
      19
      24
      22
      29
      23
      21
      20
      26
      24
      27
      20
      23
      22
      18
      25
      22
      28
      25
      23
      15
      23
      25
      19
      25
      26
      27
      21
      30
      25
      18
      26
      23
      22
      32
      30
      25
      26
      24
      30
      28
      25
      15
      25
      27
      27
      25
      15
      26
      27
      20
      24
      25
      26
      15
      24
      20
      26
      20
      28
      18
      20
      19
      22
      21
      28
      13
      27
      18
      28
      23
      22
      37
      16
      20
      20
      17
      14
      19
      26
      18
      17
      22
      10
      19
      20
      25
      20
      21
      18
      25
      16
      22
      23
      20
      25
      23
      15
      24
      23
      19
      23
      17
      30
      15
      22
      23
      17
      24
      23
      28
      33
      26
      18
      23
      29
      26
      26
      15
      23
      20
      30
      14
      25
      28
      29
      29
      28
      21
      23
      31
      24
      26
      21
      18
      33
      21
      30
      26
      22
      28
      25
      25
      22
      32
      19
      18
      28
      11
      26
      25
      20
      20
      31
      18
      29
      27
      24
      25
      23
      30
      17
      21
      17
      20
      13
      19
      25
      26
      21
      12
      17
      27
      20
      24
      15
      18
      23
      16
      30
      16
      30
      22
      19
      16
      15
      24
      18
      18
      22
      32
      23
      20
      20
      16
      21
      28
      17
      31
      22
      11
      21
      15
      20
      14
      16
      19
      27
      25
      22
      23
      14
      19
      18
      28
      18
      19
      20
      14
      21
      19
      22
      17
      16
      17
      27
      25
      19
      14
      25
      25
      24
      20
      27
      35
      27
      12
      20
      24
      22
      22
      17
      25
      16
      18
      26
      24
      22
      20
      19
      17
      19
      19
      19
      22
       9
      19
      13
      16
      17
      19
      19
      21
      15
      18
      15
      21
      12
      30
      32
      17
      17
      22
      20
      16
      19
      22
      28
      15
      16
      11
      24
      22
      13
      20
      16
      24
      18
      12
      21
      15
      20
      22
      20
      25
      14
      20
      18
      21
      17
      19
      18
       7
      15
      16
      19
      20
      17
      24
      21
      12
      22
      23
      13
      16
      20
      19
      25
      19
       8
      15
      27
      13
      21
      18
      15
      20
      21
      26
      19
      20
      20
      18
      17
      20
      19
      25
      22
      21
      21
      12
      17
      28
      16
      17
      19
      27
      20
      21
      23
      21
      12
      23
      13
      12
      22
      20
      26
      19
      16
      26
      20
      24
      13
      21
      25
      18
      14
      17
      19
      22
      19
      15
      24
      17
      23
      19
      26
      19
      24
      29
      26
      25
      17
      13
      18
      19
      23
      22
      29
      13
      24
      15
      19
      18
      15
      24
      18
      20
      17
      20
      24
      16
      20
      20
      21
      19
      21
      21
      17
      18
       9
      22
      19
      26
      25
      22
      21
      26
      24
      15
      20
      12
      20
      17
      18
      13
      18
      22
      25
      17
      24
      14
      22
      23
      19
      20
      19
      15
      17
      11
      18
      15
      21
      21
      18
      23
      24
      20
      27
      11
      12
      22
      16
      20
      18
      11
      20
      26
      14
      34
      17
      20
      16
      23
      16
      17
      23
      22
      17
      17
      23
      17
      20
      18
      22
      19
      20
      19
      15
      25
      26
      17
       9
      22
      17
      16
      15
      19
      13
      19
      28
      23
      21
      26
      23
      21
      24
      24
      30
      23
      24
      25
      17
      16
      27
      27
      20
      14
      16
      15
      20
      19
      17
      22
      16
      26
      21
      21
      25
      17
      19
      20
      18
      25
      20
      19
      22
      13
      19
      19
      20
      22
      21
      19
      13
      19
      20
      30
      23
      16
      19
      16
      24
      18
      15
      15
      22
      17
      22
      15
      15
      14
      29
      16
      18
      25
      16
      22
      26
      35
      21
      18
      13
      20
      21
      18
      20
      17
      15
      20
      30
      20
      11
      13
      24
      21
      19
      33
      14
      16
      21
      24
      14
      12
      16
      19
      25
      21
      21
      23
      15
      17
      23
      16
      15
      14
      18
      19
      15
      18
      21
      21
      16
      11
      27
      11
      28
      23
      18
      18
      17
      17
      13
       6
      19
      19
      20
      18
      23
      23
      23
      13
      16
      24
      22
      21
      20
      23
      20
      23
      29
      15
      11
      22
      19
      18
      24
      20
      16
      17
      17
      23
      19
      17
      22
      15
      21
      21
      19
      21
      17
      21
      21
      17
      22
      26
      17
      19
      31
      23
      16
      18
      14
      17
      18
      24
      18
      25
      14
      17
      14
      17
      17
      20
      19
      13
      19
      16
      20
      20
      23
      16
      16
      23
      13
      15
      21
      20
      18
      22
      24
      21
      23
      20
      20
      14
      16
      13
      10
      24
      18
      19
      21
      18
     414
     787
     783
     791
     837
     792
     809
     802
     736
     735
     771
     760
     851
     746
     781
     793
     796
     836
     826
     800
     779
     742
     808
     790
     771
     791
     791
     722
     790
     780
     810
     778
     856
     824
     754
     777
     834
     745
     854
     827
     797
     728
     791
     734
     747
     770
     804
     759
     821
     787
     757
     747
     800
     789
     741
     815
     747
     820
     748
     805
     810
     744
     821
     787
     803
     751
     784
     801
     743
     758
     809
     787
     775
     762
     764
     746
     772
     760
     816
     790
     781
     792
     826
     764
     789
     815
     774
     784
     786
     758
     787
     744
     791
     797
     765
     782
     798
     784
     729
     810
     786
     770
     745
     763
     790
     773
     823
     730
     759
     766
     815
     700
     763
     761
     733
     804
     801
     811
     787
     754
     765
     742
     763
     756
     744
     773
     761
     756
     788
     768
     788
     758
     742
     732
     748
     787
     799
     740
     755
     769
     797
     793
     786
     752
     752
     739
     840
     782
     754
     746
     747
     745
     795
     760
     727
     756
     775
     738
     752
     780
     787
     732
     752
     741
     769
     778
     725
     741
     704
     753
     772
     726
     735
     768
     751
     767
     726
     730
     768
     756
     770
     793
     718
     758
     388
$ROI:
5
349 399
960 988
992 1050
1491 1501
5157 5169
$PRESETS:
None
0
0
$ENER_FIT:
0.000000 0.107033
$MCA_CAL:
3
0.000000E+000 1.070331E-001 0.000000E+000 keV
$SHAPE_CAL:
3
0.000000E+000 0.000000E+000 0.000000E+000
