$SPEC_ID:
23cm counts
$SPEC_REM:
DET# 1
DETDESC# DLAB-PHY-L3-49 926 Right
AP# Maestro Version 7.01
$DATE_MEA:
10/28/2024 16:18:08
$MEAS_TIM:
509 658
$DATA:
0 8191
       0
       0
       0
       0
       0
       0
       0
       0
       0
       1
       0
       0
       0
       0
       0
       0
       0
       0
       0
       0
       0
       0
       0
       0
       0
       2
       4
       6
      14
      19
      27
      58
      65
      93
     217
     671
    2304
    5385
   10140
   14305
   17313
   18669
   18823
   17536
   15617
   13512
   11931
   10560
    9043
    7830
    7025
    6414
    5622
    5071
    4393
    3976
    3654
    3228
    2933
    2561
    2492
    2117
    1996
    1763
    1588
    1431
    1341
    1218
    1167
    1087
     982
     942
     812
     783
     726
     714
     672
     612
     572
     526
     476
     495
     447
     438
     457
     422
     406
     379
     325
     375
     384
     381
     368
     369
     365
     373
     349
     322
     311
     320
     342
     315
     304
     305
     314
     335
     315
     300
     308
     288
     309
     319
     287
     304
     333
     319
     265
     317
     284
     295
     293
     296
     291
     327
     319
     326
     280
     297
     273
     298
     302
     325
     288
     278
     307
     303
     256
     284
     301
     257
     273
     266
     271
     270
     233
     261
     284
     278
     284
     258
     275
     262
     266
     274
     280
     286
     282
     266
     291
     272
     235
     262
     299
     259
     259
     270
     249
     273
     254
     260
     256
     271
     266
     283
     268
     262
     278
     255
     258
     249
     243
     250
     263
     254
     292
     254
     302
     278
     252
     267
     246
     254
     251
     237
     236
     237
     249
     237
     270
     273
     273
     250
     225
     270
     244
     250
     264
     255
     261
     246
     264
     259
     249
     231
     225
     270
     245
     226
     260
     229
     235
     256
     275
     262
     243
     266
     243
     257
     217
     242
     244
     229
     226
     247
     256
     230
     220
     232
     235
     238
     215
     238
     254
     262
     227
     258
     255
     217
     243
     231
     227
     247
     238
     233
     249
     232
     230
     253
     250
     244
     225
     215
     239
     227
     245
     232
     227
     257
     226
     226
     234
     208
     238
     219
     243
     247
     234
     240
     211
     220
     211
     208
     230
     222
     246
     211
     248
     199
     225
     191
     223
     216
     220
     221
     239
     250
     237
     246
     236
     224
     215
     242
     247
     249
     205
     221
     222
     228
     212
     229
     201
     201
     234
     227
     248
     220
     236
     222
     210
     221
     209
     246
     224
     241
     237
     211
     228
     199
     212
     245
     250
     222
     215
     207
     206
     244
     212
     225
     221
     192
     212
     213
     215
     219
     210
     224
     210
     197
     205
     238
     238
     206
     215
     203
     245
     231
     234
     234
     216
     215
     199
     225
     194
     226
     223
     214
     238
     205
     216
     217
     228
     218
     224
     222
     212
     228
     212
     202
     230
     193
     225
     217
     192
     199
     194
     221
     237
     208
     216
     212
     218
     231
     221
     212
     224
     186
     243
     228
     184
     231
     194
     204
     214
     199
     223
     224
     191
     219
     219
     221
     244
     190
     203
     197
     208
     229
     215
     236
     218
     211
     225
     204
     189
     217
     209
     213
     194
     209
     225
     205
     205
     196
     209
     216
     214
     211
     198
     203
     216
     229
     221
     221
     215
     216
     206
     207
     190
     212
     207
     175
     177
     204
     221
     220
     216
     198
     179
     197
     180
     232
     213
     203
     226
     175
     203
     192
     166
     196
     200
     242
     200
     206
     209
     196
     222
     208
     226
     201
     205
     198
     214
     191
     213
     190
     202
     217
     188
     181
     206
     192
     201
     204
     192
     203
     211
     207
     225
     215
     189
     209
     196
     222
     183
     223
     207
     208
     209
     214
     225
     216
     225
     208
     178
     211
     201
     214
     196
     223
     218
     223
     203
     190
     197
     210
     205
     205
     177
     203
     209
     202
     191
     242
     192
     217
     179
     177
     216
     179
     199
     198
     184
     204
     202
     181
     217
     210
     185
     239
     234
     172
     194
     203
     227
     212
     213
     203
     201
     231
     200
     204
     217
     210
     186
     203
     187
     191
     212
     178
     188
     209
     228
     214
     229
     231
     215
     196
     211
     206
     191
     225
     208
     208
     209
     211
     224
     211
     183
     212
     204
     213
     225
     238
     199
     203
     189
     205
     195
     211
     183
     221
     215
     205
     224
     214
     221
     240
     244
     209
     208
     210
     220
     191
     220
     223
     216
     231
     211
     197
     213
     213
     235
     192
     212
     223
     230
     240
     233
     230
     249
     234
     230
     228
     254
     276
     253
     203
     232
     247
     261
     227
     238
     245
     293
     254
     277
     248
     263
     257
     240
     273
     294
     263
     265
     279
     282
     278
     273
     275
     293
     267
     270
     254
     271
     251
     272
     267
     246
     262
     233
     274
     268
     271
     273
     248
     229
     244
     252
     204
     242
     215
     245
     201
     212
     222
     239
     211
     199
     248
     218
     194
     220
     231
     205
     213
     202
     226
     223
     209
     220
     226
     202
     224
     194
     220
     195
     182
     222
     223
     180
     197
     203
     204
     197
     198
     225
     209
     208
     199
     205
     223
     229
     208
     226
     201
     218
     215
     192
     197
     198
     178
     199
     214
     205
     211
     237
     225
     230
     257
     224
     217
     213
     199
     210
     240
     236
     232
     234
     208
     222
     227
     232
     243
     237
     245
     204
     250
     242
     243
     239
     217
     221
     229
     218
     226
     213
     223
     246
     215
     213
     198
     224
     230
     207
     230
     214
     214
     224
     215
     206
     194
     210
     219
     227
     201
     200
     218
     197
     198
     204
     195
     216
     202
     229
     196
     217
     204
     207
     206
     195
     205
     220
     202
     205
     204
     172
     188
     198
     191
     207
     188
     193
     162
     173
     197
     192
     217
     178
     210
     207
     181
     199
     179
     200
     201
     167
     191
     152
     193
     171
     178
     178
     175
     196
     167
     178
     187
     166
     162
     191
     196
     190
     201
     197
     208
     214
     158
     194
     197
     193
     203
     190
     164
     202
     221
     186
     208
     193
     183
     186
     168
     193
     177
     211
     175
     192
     178
     183
     171
     178
     150
     180
     175
     180
     184
     153
     214
     161
     176
     180
     181
     170
     182
     173
     170
     194
     159
     197
     173
     187
     199
     183
     179
     200
     173
     206
     179
     183
     175
     186
     169
     160
     211
     200
     190
     196
     192
     185
     172
     167
     179
     188
     181
     168
     164
     218
     179
     153
     186
     203
     176
     177
     186
     183
     190
     187
     186
     176
     169
     173
     179
     199
     193
     188
     176
     188
     183
     196
     193
     205
     193
     163
     168
     199
     205
     184
     181
     182
     175
     189
     174
     186
     183
     186
     169
     161
     202
     172
     143
     159
     182
     219
     186
     180
     160
     179
     185
     190
     170
     214
     186
     187
     183
     209
     188
     163
     185
     174
     167
     166
     158
     180
     170
     175
     184
     193
     190
     191
     198
     198
     196
     185
     196
     155
     186
     159
     189
     189
     183
     154
     192
     199
     172
     190
     153
     173
     205
     174
     176
     175
     185
     164
     172
     180
     196
     206
     203
     205
     175
     173
     184
     176
     184
     183
     191
     195
     195
     177
     168
     187
     169
     182
     186
     192
     173
     178
     181
     175
     168
     192
     192
     183
     179
     201
     171
     204
     184
     162
     182
     219
     174
     182
     167
     185
     184
     204
     166
     175
     195
     180
     179
     189
     199
     174
     165
     168
     192
     178
     160
     166
     178
     177
     192
     184
     174
     189
     185
     140
     173
     195
     184
     178
     176
     189
     179
     205
     157
     191
     185
     190
     228
     181
     209
     170
     199
     214
     189
     179
     216
     190
     179
     175
     173
     210
     183
     174
     189
     197
     186
     175
     194
     190
     183
     157
     151
     174
     176
     173
     213
     184
     183
     192
     173
     181
     186
     176
     177
     193
     162
     175
     192
     178
     182
     206
     184
     190
     179
     135
     157
     200
     191
     194
     179
     189
     191
     171
     170
     154
     191
     199
     194
     167
     188
     173
     151
     153
     171
     175
     188
     168
     167
     187
     186
     191
     186
     170
     184
     200
     185
     166
     171
     155
     188
     196
     206
     166
     174
     175
     185
     183
     171
     208
     181
     183
     187
     201
     183
     160
     187
     189
     183
     170
     179
     183
     181
     173
     190
     179
     186
     172
     178
     157
     184
     185
     162
     189
     191
     172
     173
     202
     159
     198
     171
     177
     192
     172
     183
     159
     183
     188
     170
     180
     168
     179
     184
     180
     189
     162
     187
     170
     188
     155
     190
     198
     169
     180
     165
     186
     173
     157
     176
     166
     168
     173
     168
     151
     183
     200
     170
     167
     197
     181
     182
     178
     160
     177
     172
     162
     185
     173
     193
     156
     176
     184
     197
     172
     198
     167
     172
     172
     196
     174
     184
     187
     184
     185
     161
     190
     190
     197
     156
     180
     167
     182
     178
     181
     208
     166
     169
     176
     187
     149
     187
     175
     160
     188
     191
     184
     186
     191
     186
     149
     184
     189
     182
     166
     181
     160
     204
     178
     175
     180
     176
     171
     168
     189
     200
     179
     168
     183
     179
     180
     177
     199
     162
     184
     174
     200
     178
     165
     174
     174
     175
     199
     203
     167
     170
     181
     180
     192
     210
     181
     194
     165
     188
     200
     175
     188
     187
     167
     171
     178
     160
     163
     190
     174
     172
     159
     156
     171
     171
     150
     179
     161
     161
     173
     144
     197
     182
     149
     179
     166
     190
     192
     183
     173
     194
     200
     176
     174
     174
     176
     180
     156
     181
     174
     196
     173
     170
     163
     191
     166
     192
     161
     181
     169
     170
     168
     163
     193
     199
     193
     164
     181
     178
     181
     179
     178
     216
     199
     185
     190
     171
     173
     194
     189
     161
     158
     194
     172
     178
     174
     183
     167
     192
     142
     165
     189
     147
     185
     202
     182
     172
     167
     161
     178
     190
     183
     170
     181
     196
     187
     163
     178
     162
     163
     186
     170
     173
     175
     188
     199
     203
     181
     185
     169
     177
     167
     184
     192
     178
     182
     171
     161
     190
     178
     191
     193
     148
     170
     199
     162
     192
     195
     158
     171
     179
     161
     188
     180
     180
     183
     169
     189
     178
     180
     183
     162
     177
     194
     187
     176
     183
     202
     175
     209
     178
     196
     182
     211
     185
     178
     184
     191
     172
     155
     171
     185
     186
     195
     186
     180
     169
     203
     183
     183
     179
     174
     172
     200
     195
     180
     181
     175
     170
     206
     176
     194
     157
     188
     192
     182
     174
     173
     199
     178
     194
     216
     175
     171
     189
     206
     192
     161
     187
     161
     178
     190
     185
     163
     205
     184
     184
     182
     194
     188
     188
     171
     190
     187
     181
     190
     184
     193
     198
     188
     207
     178
     201
     200
     203
     208
     192
     197
     201
     183
     180
     199
     209
     196
     207
     224
     188
     184
     185
     190
     214
     206
     207
     196
     195
     158
     177
     208
     203
     207
     183
     207
     237
     175
     220
     183
     223
     188
     197
     211
     200
     187
     209
     198
     176
     227
     187
     206
     202
     205
     211
     223
     189
     196
     203
     222
     213
     200
     197
     173
     207
     197
     182
     217
     184
     214
     212
     177
     194
     187
     199
     208
     199
     198
     189
     192
     197
     159
     208
     186
     218
     181
     199
     191
     194
     222
     184
     209
     189
     192
     170
     172
     194
     171
     208
     185
     180
     180
     222
     185
     214
     188
     205
     198
     224
     193
     204
     187
     191
     212
     203
     205
     184
     203
     201
     211
     192
     179
     214
     214
     190
     203
     208
     185
     214
     213
     192
     214
     168
     176
     215
     204
     218
     190
     191
     190
     222
     211
     203
     190
     189
     194
     196
     218
     173
     217
     184
     199
     164
     177
     197
     178
     210
     201
     209
     196
     171
     205
     186
     186
     181
     190
     194
     194
     153
     178
     196
     190
     199
     187
     202
     185
     184
     185
     202
     200
     166
     196
     173
     190
     179
     175
     187
     204
     213
     222
     176
     194
     208
     204
     193
     199
     201
     207
     205
     200
     197
     178
     186
     176
     216
     179
     196
     205
     180
     179
     174
     204
     179
     192
     193
     174
     200
     188
     215
     205
     206
     202
     175
     188
     190
     177
     196
     206
     226
     228
     193
     172
     172
     170
     206
     199
     196
     193
     194
     165
     192
     207
     180
     204
     193
     212
     212
     191
     212
     215
     185
     194
     197
     195
     181
     173
     195
     172
     187
     187
     192
     206
     168
     178
     189
     173
     190
     196
     181
     181
     194
     184
     161
     166
     176
     188
     179
     168
     225
     191
     180
     170
     212
     175
     181
     189
     193
     179
     196
     186
     210
     204
     191
     190
     179
     184
     165
     184
     192
     203
     188
     184
     190
     202
     231
     214
     191
     184
     196
     184
     177
     182
     225
     211
     167
     216
     164
     179
     210
     162
     207
     185
     194
     190
     187
     198
     183
     179
     192
     190
     189
     198
     208
     196
     200
     182
     203
     200
     185
     195
     198
     203
     184
     202
     177
     200
     198
     192
     175
     178
     184
     201
     174
     175
     185
     201
     212
     204
     193
     195
     191
     183
     202
     184
     180
     186
     204
     190
     192
     182
     179
     178
     180
     174
     179
     191
     208
     187
     193
     194
     187
     177
     185
     190
     220
     218
     205
     185
     207
     163
     184
     214
     198
     199
     204
     187
     187
     189
     183
     189
     214
     190
     178
     174
     198
     193
     198
     176
     185
     200
     196
     170
     193
     188
     181
     186
     190
     183
     203
     206
     207
     214
     204
     197
     162
     197
     215
     196
     185
     185
     196
     159
     219
     201
     210
     209
     183
     169
     174
     194
     194
     177
     200
     171
     203
     191
     197
     236
     191
     185
     192
     193
     208
     197
     172
     187
     187
     192
     200
     204
     181
     190
     202
     180
     185
     203
     210
     210
     174
     185
     194
     193
     183
     190
     196
     197
     186
     207
     210
     199
     176
     185
     173
     197
     186
     175
     161
     183
     183
     177
     202
     201
     219
     172
     188
     190
     181
     173
     189
     184
     174
     225
     212
     183
     212
     193
     182
     191
     209
     199
     195
     191
     188
     190
     196
     193
     193
     186
     199
     179
     195
     178
     175
     190
     172
     199
     187
     184
     169
     189
     189
     213
     223
     168
     183
     194
     185
     195
     167
     217
     189
     190
     183
     189
     178
     167
     184
     189
     189
     184
     174
     209
     175
     185
     198
     177
     166
     197
     162
     177
     193
     193
     173
     203
     193
     200
     179
     207
     194
     204
     182
     178
     212
     192
     203
     187
     183
     199
     204
     161
     199
     191
     204
     190
     183
     199
     172
     200
     179
     190
     152
     177
     188
     170
     149
     210
     186
     182
     203
     202
     203
     164
     179
     191
     183
     182
     177
     189
     190
     181
     188
     181
     158
     194
     187
     192
     181
     181
     184
     200
     179
     195
     187
     193
     199
     170
     188
     179
     192
     197
     177
     207
     191
     204
     199
     182
     194
     200
     206
     177
     205
     213
     178
     183
     188
     188
     179
     206
     195
     181
     184
     186
     180
     186
     149
     192
     203
     210
     192
     190
     220
     178
     183
     209
     212
     191
     165
     205
     200
     212
     205
     197
     193
     202
     182
     192
     201
     190
     194
     191
     195
     191
     174
     214
     192
     195
     178
     215
     195
     176
     196
     197
     197
     185
     183
     203
     188
     182
     177
     213
     186
     210
     162
     177
     178
     196
     201
     207
     184
     190
     200
     197
     205
     158
     214
     198
     183
     193
     191
     192
     189
     157
     189
     184
     179
     179
     176
     206
     193
     218
     184
     196
     222
     160
     185
     195
     179
     191
     204
     186
     206
     175
     167
     168
     200
     201
     198
     188
     195
     200
     204
     182
     177
     189
     184
     192
     171
     197
     191
     186
     184
     184
     165
     178
     213
     226
     209
     208
     196
     176
     189
     180
     179
     204
     208
     188
     175
     203
     200
     182
     197
     193
     208
     184
     192
     187
     186
     151
     187
     211
     179
     197
     195
     182
     186
     204
     171
     194
     177
     188
     192
     203
     228
     191
     193
     166
     196
     203
     207
     193
     205
     180
     185
     178
     208
     192
     186
     201
     173
     167
     190
     190
     197
     211
     177
     183
     194
     230
     188
     189
     199
     189
     179
     186
     189
     189
     178
     180
     192
     189
     183
     186
     175
     209
     194
     192
     213
     184
     207
     214
     186
     180
     192
     189
     196
     190
     189
     174
     178
     189
     194
     211
     183
     179
     186
     197
     175
     194
     178
     200
     189
     213
     178
     191
     198
     160
     204
     219
     204
     192
     198
     198
     192
     209
     202
     204
     177
     189
     194
     200
     202
     183
     186
     187
     187
     208
     201
     174
     190
     211
     177
     188
     183
     210
     178
     177
     197
     189
     169
     202
     180
     191
     202
     189
     210
     192
     173
     200
     193
     199
     181
     194
     171
     174
     205
     186
     188
     217
     180
     188
     199
     186
     167
     178
     199
     199
     202
     192
     191
     199
     220
     200
     189
     204
     220
     209
     178
     184
     214
     196
     190
     187
     234
     213
     174
     188
     178
     204
     183
     204
     195
     207
     176
     169
     195
     184
     229
     191
     201
     205
     216
     185
     210
     197
     194
     203
     206
     199
     154
     209
     197
     209
     187
     211
     184
     183
     213
     186
     191
     188
     215
     211
     210
     178
     174
     208
     207
     199
     177
     180
     205
     175
     204
     196
     195
     194
     209
     184
     176
     173
     202
     191
     212
     194
     201
     193
     192
     222
     208
     202
     177
     213
     205
     215
     200
     209
     197
     193
     223
     201
     202
     214
     208
     208
     189
     204
     196
     213
     198
     184
     216
     195
     175
     204
     210
     212
     189
     192
     197
     201
     199
     209
     210
     198
     248
     199
     225
     200
     202
     205
     165
     198
     189
     187
     227
     204
     214
     205
     190
     209
     217
     215
     213
     200
     202
     209
     203
     216
     214
     194
     213
     195
     217
     213
     222
     210
     194
     208
     202
     185
     178
     209
     204
     211
     202
     214
     207
     195
     209
     202
     211
     205
     185
     215
     217
     213
     190
     225
     197
     189
     202
     208
     207
     207
     200
     214
     212
     208
     208
     200
     215
     213
     200
     211
     234
     194
     186
     202
     212
     201
     211
     231
     189
     198
     172
     191
     176
     177
     197
     225
     214
     196
     220
     214
     209
     208
     194
     210
     203
     215
     200
     209
     209
     199
     219
     217
     236
     209
     224
     191
     211
     199
     202
     205
     188
     200
     229
     201
     211
     193
     208
     192
     200
     222
     206
     190
     202
     201
     208
     215
     220
     219
     219
     193
     241
     188
     195
     215
     220
     240
     199
     225
     229
     237
     230
     228
     228
     212
     182
     217
     215
     200
     207
     233
     201
     240
     217
     225
     217
     226
     205
     243
     228
     225
     217
     219
     196
     203
     222
     201
     212
     210
     211
     202
     223
     221
     226
     226
     239
     228
     216
     227
     223
     220
     229
     211
     228
     202
     193
     190
     225
     203
     198
     234
     211
     234
     219
     209
     225
     231
     222
     216
     225
     240
     235
     230
     215
     212
     228
     215
     207
     211
     231
     233
     227
     207
     203
     198
     225
     244
     205
     215
     235
     223
     242
     228
     207
     235
     210
     227
     240
     250
     249
     235
     207
     202
     228
     241
     230
     220
     212
     190
     232
     227
     216
     229
     210
     234
     222
     220
     234
     241
     209
     215
     247
     213
     254
     213
     223
     228
     217
     227
     229
     234
     232
     231
     218
     231
     207
     214
     232
     181
     225
     215
     225
     241
     216
     218
     218
     222
     249
     253
     239
     222
     214
     243
     234
     230
     220
     223
     258
     221
     230
     239
     228
     225
     228
     226
     212
     254
     235
     243
     229
     259
     235
     241
     238
     240
     248
     242
     246
     234
     235
     216
     223
     211
     223
     224
     243
     226
     240
     222
     206
     222
     241
     227
     256
     205
     225
     259
     251
     249
     253
     257
     246
     254
     236
     232
     236
     222
     241
     241
     204
     241
     243
     269
     226
     235
     246
     241
     253
     221
     253
     232
     236
     240
     240
     257
     225
     245
     226
     268
     222
     211
     245
     239
     266
     225
     243
     236
     232
     222
     243
     269
     256
     246
     206
     264
     231
     244
     240
     248
     270
     246
     257
     245
     222
     229
     260
     248
     233
     242
     259
     264
     236
     226
     215
     241
     252
     231
     232
     213
     269
     230
     245
     219
     256
     237
     260
     242
     256
     275
     261
     228
     249
     287
     251
     240
     239
     280
     237
     264
     219
     252
     226
     256
     231
     251
     257
     261
     278
     278
     240
     264
     262
     250
     241
     244
     250
     223
     263
     234
     251
     256
     245
     248
     242
     262
     228
     233
     249
     237
     247
     241
     269
     260
     257
     230
     237
     252
     255
     259
     257
     248
     246
     231
     257
     276
     249
     210
     225
     235
     274
     279
     235
     229
     245
     241
     227
     243
     261
     220
     246
     246
     222
     232
     258
     210
     238
     251
     228
     260
     218
     258
     259
     228
     254
     241
     233
     223
     240
     230
     263
     230
     203
     228
     259
     214
     215
     246
     235
     237
     225
     212
     261
     214
     229
     256
     196
     220
     204
     228
     199
     228
     217
     220
     225
     204
     204
     211
     201
     231
     197
     209
     203
     210
     230
     181
     215
     185
     186
     200
     192
     211
     214
     195
     198
     200
     201
     204
     206
     227
     195
     197
     211
     197
     191
     198
     178
     199
     193
     182
     185
     178
     202
     181
     207
     181
     178
     182
     182
     162
     171
     202
     145
     170
     187
     174
     157
     169
     179
     142
     165
     140
     159
     162
     168
     148
     157
     174
     151
     154
     170
     166
     174
     144
     164
     161
     160
     152
     147
     168
     147
     162
     143
     161
     138
     159
     150
     152
     142
     135
     161
     167
     131
     166
     146
     149
     168
     131
     140
     136
     174
     151
     142
     150
     126
     142
     151
     129
     136
     146
     148
     142
     135
     158
     150
     162
     161
     121
     139
     134
     126
     146
     137
     146
     139
     123
     136
     128
     119
     138
     148
     144
     138
     125
     124
     126
     123
     142
     140
     134
     122
     127
     137
     124
     133
     118
     125
     160
     142
     143
     139
     133
     123
     123
     139
     126
     140
     130
     135
     131
     121
     138
     120
     142
     132
     117
     124
     120
     129
     138
     143
     120
     135
     138
      98
     124
     132
     131
     109
     133
     102
     124
     116
     131
     127
     119
     131
     116
     137
     145
     146
     131
     125
     137
     129
     110
     124
     102
      94
     107
     114
     131
     117
     127
     147
     134
     144
     131
     120
     103
     131
     135
     134
     105
     129
     137
     121
     126
     132
     123
     119
     113
     130
     153
     102
      98
     113
     119
     123
     116
     104
      97
     110
     113
     119
     121
     113
     125
     157
     106
     117
     113
     136
     123
     123
     125
     128
     105
     122
     130
     125
     110
     104
     109
     111
     118
     106
     116
     103
     121
     111
     118
     116
     123
     113
     139
     119
      91
     103
     108
      98
     106
     118
     126
     119
     132
      86
     122
     104
     100
     120
     102
     109
     109
     105
     105
     116
     118
      92
     118
     104
     124
     100
     109
     115
     122
     115
     110
     117
      99
     112
     104
     121
     121
     107
     112
      95
     106
     104
     108
     102
     113
     100
      81
     108
     107
     103
     101
     103
     129
      85
     107
      94
      96
      99
      94
      97
     102
     104
     103
     109
     101
     119
     103
      94
      93
     101
     112
      90
      90
      92
     104
     102
      87
     101
      86
     112
      88
     103
     114
      86
     100
     110
      91
     121
     103
     114
     101
     103
      93
     115
      91
     108
     111
      85
      98
      98
     107
      83
      84
      94
     104
     106
      83
      91
     107
     103
      98
      79
     104
      90
      90
     102
      89
     103
      92
      94
      93
      97
      98
     101
     105
      78
     108
      93
      77
      88
     101
      94
      82
     114
      88
      94
      94
      92
      90
      91
     106
      89
      90
      89
     118
     100
      87
      99
      86
     107
      90
      93
     108
     107
      97
      90
      78
     101
      97
      85
      86
      95
      95
     101
     101
     103
     100
      84
      81
      94
      76
      99
      96
      94
      88
      83
      91
      77
      92
      94
      75
     104
      93
      81
      72
      83
      74
     101
      96
      87
      94
      92
      83
      84
      76
      91
      78
      88
      75
      87
      98
      83
      70
     103
      87
      67
      70
      85
      91
      86
      77
      93
      73
      92
      85
      78
      96
      77
      93
      77
      95
      79
      83
      82
      89
      93
      75
      89
      79
      71
      87
      74
      92
      81
      96
      82
      73
      75
      66
      78
      83
      75
      74
      69
      91
      77
      72
      73
      78
      77
      64
      82
      84
      95
      90
      87
      88
      75
      79
      90
      86
      71
      74
      76
      84
      76
      85
      72
      71
      70
      79
      82
      71
      72
      72
      71
      72
      75
      84
     101
      76
      73
      60
      78
      62
      77
      66
      58
      83
      70
      82
      75
      73
      62
      73
      76
      79
      87
      76
      81
      87
      78
      64
      65
      79
      63
      59
      71
      68
      76
      67
      56
      73
      62
      79
      84
      73
      85
      71
      63
      64
      52
      64
      63
      63
      59
      69
      76
      60
      77
      67
      70
      61
      75
      75
      85
      64
      79
      70
      67
      68
      78
      60
      69
      91
      84
      58
      68
      66
      69
      63
      69
      81
      73
      66
      64
      79
      70
      56
      83
      64
      71
      72
      68
      60
      61
      73
      71
      72
      74
      62
      58
      88
      72
      83
      65
      61
      70
      56
      64
      63
      62
      51
      74
      66
      66
      63
      69
      66
      70
      49
      82
      60
      66
      68
      80
      57
      58
      60
      61
      60
      60
      62
      65
      68
      69
      62
      59
      67
      67
      78
      80
      75
      71
      82
      57
      69
      68
      72
      56
      76
      55
      64
      68
      59
      53
      59
      51
      56
      60
      52
      59
      51
      72
      53
      71
      59
      63
      50
      60
      68
      56
      58
      72
      62
      47
      72
      49
      63
      61
      65
      74
      64
      59
      67
      69
      53
      59
      53
      56
      57
      54
      58
      72
      54
      72
      62
      66
      48
      54
      54
      54
      51
      72
      64
      59
      56
      71
      47
      66
      60
      56
      63
      58
      55
      47
      61
      59
      58
      54
      66
      64
      49
      59
      63
      66
      56
      46
      48
      53
      53
      59
      61
      62
      62
      66
      62
      57
      67
      58
      74
      61
      70
      57
      57
      63
      70
      63
      61
      67
      65
      67
      60
      58
      69
      65
      55
      57
      52
      64
      65
      52
      65
      48
      54
      64
      61
      52
      41
      46
      60
      57
      58
      65
      52
      54
      48
      63
      53
      68
      51
      50
      56
      65
      52
      50
      50
      65
      45
      57
      62
      52
      64
      50
      42
      50
      54
      57
      73
      63
      65
      63
      56
      64
      58
      54
      68
      60
      53
      48
      57
      62
      54
      62
      62
      39
      59
      62
      48
      64
      58
      52
      64
      64
      64
      48
      55
      64
      46
      73
      42
      67
      56
      57
      62
      50
      46
      64
      45
      55
      49
      71
      66
      55
      53
      46
      63
      44
      65
      65
      73
      59
      60
      56
      64
      49
      53
      61
      52
      53
      47
      57
      61
      51
      62
      53
      54
      56
      41
      56
      65
      50
      41
      41
      47
      58
      65
      56
      49
      47
      43
      55
      55
      58
      51
      43
      54
      58
      58
      49
      52
      52
      56
      60
      66
      65
      55
      42
      53
      57
      44
      47
      48
      53
      55
      54
      68
      58
      53
      63
      56
      46
      58
      66
      75
      55
      51
      65
      39
      72
      56
      44
      64
      58
      46
      62
      41
      55
      54
      47
      53
      50
      47
      67
      56
      43
      53
      50
      45
      58
      48
      54
      44
      46
      51
      50
      48
      57
      43
      45
      59
      60
      39
      41
      54
      50
      45
      55
      54
      62
      56
      55
      48
      50
      58
      63
      40
      48
      63
      59
      45
      53
      61
      57
      67
      52
      63
      66
      43
      56
      50
      60
      51
      47
      52
      45
      57
      62
      43
      53
      46
      55
      58
      59
      53
      51
      45
      46
      60
      52
      39
      55
      56
      45
      45
      50
      52
      62
      46
      60
      60
      48
      49
      48
      46
      51
      60
      71
      52
      68
      39
      56
      54
      48
      49
      54
      58
      46
      60
      44
      56
      39
      52
      54
      54
      55
      48
      50
      44
      47
      49
      51
      41
      57
      49
      46
      46
      53
      58
      42
      49
      64
      57
      61
      60
      39
      59
      53
      47
      60
      58
      51
      52
      49
      64
      56
      38
      43
      68
      59
      48
      64
      65
      46
      52
      60
      53
      62
      54
      57
      38
      63
      59
      42
      48
      49
      49
      48
      48
      51
      47
      60
      69
      44
      50
      64
      54
      52
      52
      70
      60
      39
      48
      64
      56
      58
      41
      45
      48
      50
      56
      51
      41
      46
      49
      48
      48
      46
      69
      65
      54
      42
      44
      59
      50
      34
      38
      47
      48
      64
      40
      46
      43
      53
      51
      43
      50
      48
      54
      52
      62
      46
      54
      55
      48
      50
      50
      53
      69
      44
      57
      56
      52
      47
      37
      59
      56
      52
      55
      42
      50
      55
      44
      58
      45
      50
      34
      55
      47
      39
      41
      61
      60
      45
      51
      64
      44
      58
      55
      54
      40
      42
      50
      49
      39
      51
      57
      52
      62
      56
      47
      51
      47
      58
      52
      54
      38
      57
      54
      52
      56
      46
      63
      42
      44
      58
      42
      38
      44
      49
      48
      58
      45
      41
      35
      52
      57
      38
      42
      54
      49
      51
      39
      64
      58
      51
      46
      47
      40
      49
      50
      54
      45
      55
      55
      51
      46
      54
      55
      39
      49
      53
      55
      52
      45
      46
      47
      53
      41
      52
      61
      54
      58
      51
      49
      44
      38
      61
      59
      54
      59
      49
      54
      46
      45
      52
      43
      57
      43
      45
      58
      55
      49
      42
      43
      52
      52
      46
      41
      52
      46
      57
      51
      54
      54
      50
      59
      50
      51
      43
      68
      49
      36
      52
      48
      39
      53
      47
      46
      34
      52
      43
      42
      39
      45
      50
      40
      31
      50
      46
      49
      47
      37
      52
      51
      37
      67
      36
      50
      46
      51
      38
      54
      47
      45
      37
      54
      61
      55
      44
      57
      66
      56
      47
      50
      66
      46
      49
      50
      50
      51
      42
      39
      57
      41
      47
      46
      36
      45
      49
      53
      46
      45
      37
      44
      40
      44
      40
      45
      43
      56
      44
      61
      41
      39
      52
      40
      38
      53
      39
      46
      50
      37
      46
      41
      60
      50
      45
      41
      45
      46
      42
      44
      40
      44
      39
      53
      48
      56
      49
      50
      50
      54
      54
      46
      51
      51
      47
      48
      38
      45
      47
      45
      56
      52
      44
      59
      41
      55
      47
      52
      51
      39
      36
      43
      56
      46
      43
      35
      40
      53
      43
      40
      56
      40
      43
      54
      42
      32
      49
      44
      53
      53
      44
      39
      50
      51
      51
      63
      51
      37
      44
      45
      36
      32
      53
      51
      46
      46
      51
      44
      43
      48
      36
      32
      47
      45
      31
      45
      45
      38
      39
      44
      49
      53
      51
      45
      58
      41
      47
      50
      40
      56
      55
      54
      49
      36
      53
      71
      65
      64
      46
      79
      53
      75
      58
      59
      64
      80
      89
      90
      81
     100
      94
      87
      90
     104
      98
      90
     111
     111
     123
     131
     130
     152
     140
     164
     160
     159
     172
     202
     182
     178
     213
     187
     258
     255
     253
     229
     281
     301
     298
     279
     301
     315
     364
     372
     391
     395
     418
     434
     472
     481
     483
     536
     538
     530
     648
     609
     704
     732
     803
     815
     870
     970
    1003
    1071
    1173
    1271
    1334
    1414
    1524
    1643
    1612
    1754
    1921
    2008
    2130
    2177
    2312
    2377
    2463
    2537
    2699
    2706
    2975
    2992
    3071
    3183
    3232
    3405
    3437
    3518
    3396
    3482
    3402
    3429
    3537
    3489
    3567
    3548
    3515
    3409
    3450
    3321
    3386
    3335
    3191
    3090
    3070
    2976
    2897
    2752
    2634
    2591
    2589
    2474
    2310
    2195
    2150
    2040
    1946
    1944
    1639
    1649
    1606
    1488
    1392
    1321
    1241
    1215
    1119
     992
     979
     851
     816
     750
     721
     712
     632
     590
     563
     573
     469
     464
     443
     422
     404
     363
     347
     301
     293
     262
     236
     243
     224
     214
     192
     179
     169
     166
     154
     127
     123
     113
     113
     106
     107
      86
      79
      98
      74
      58
      59
      57
      59
      54
      48
      47
      45
      39
      54
      47
      40
      38
      44
      36
      28
      31
      32
      26
      39
      29
      41
      33
      31
      28
      37
      32
      26
      29
      18
      26
      28
      26
      25
      21
      27
      24
      34
      29
      20
      32
      26
      24
      21
      28
      22
      34
      29
      25
      30
      32
      29
      22
      29
      30
      25
      17
      27
      19
      25
      22
      25
      27
      32
      26
      35
      23
      30
      25
      23
      23
      18
      27
      30
      37
      24
      24
      23
      25
      21
      28
      20
      20
      16
      22
      30
      32
      28
      21
      27
      19
      21
      25
      19
      32
      27
      36
      26
      27
      24
      25
      21
      23
      27
      29
      34
      25
      32
      35
      21
      33
      32
      27
      27
      23
      26
      20
      19
      23
      25
      27
      30
      21
      28
      28
      27
      30
      26
      23
      23
      30
      21
      22
      15
      28
      31
      24
      23
      29
      18
      23
      28
      23
      32
      27
      26
      27
      28
      25
      22
      37
      27
      25
      26
      32
      22
      29
      22
      27
      21
      24
      24
      35
      18
      20
      12
      26
      25
      26
      30
      19
      20
      22
      23
      29
      18
      22
      28
      23
      22
      21
      30
      20
      26
      24
      32
      22
      19
      22
      24
      18
      29
      30
      25
      17
      26
      30
      28
      22
      26
      33
      26
      24
      26
      32
      14
      24
      23
      17
      23
      24
      25
      20
      23
      29
      18
      24
      25
      13
      20
      28
      12
      17
      28
      20
      26
      31
      24
      29
      22
      27
      32
      28
      23
      25
      24
      29
      28
      23
      24
      25
      27
      24
      28
      22
      19
      18
      25
      32
      28
      24
      25
      29
      20
      30
      21
      22
      24
      26
      32
      25
      25
      24
      36
      27
      20
      30
      21
      26
      27
      28
      18
      19
      24
      29
      24
      29
      20
      25
      23
      27
      28
      15
      22
      36
      27
      32
      19
      21
      28
      26
      24
      28
      27
      31
      23
      28
      25
      26
      38
      20
      28
      23
      22
      29
      18
      29
      26
      18
      23
      22
      25
      28
      29
      17
      13
      21
      28
      31
      25
      26
      22
      24
      21
      22
      22
      19
      23
      20
      20
      38
      22
      30
      33
      28
      23
      25
      16
      22
      23
      23
      25
      25
      17
      25
      31
      25
      32
      26
      24
      24
      26
      26
      21
      14
      19
      26
      25
      17
      24
      26
      17
      29
      32
      31
      23
      24
      23
      28
      17
      29
      21
      23
      22
      29
      24
      24
      24
      21
      20
      21
      24
      21
      21
      25
      26
      29
      22
      22
      20
      20
      23
      18
      33
      17
      27
      27
      30
      22
      28
      23
      32
      24
      23
      21
      24
      27
      20
      30
      26
      15
      30
      12
      22
      25
      34
      26
      29
      25
      23
      22
      29
      21
      23
      28
      29
      21
      18
      21
      25
      20
      22
      29
      25
      21
      28
      27
      18
      27
      24
      38
      24
      29
      19
      25
      29
      26
      20
      24
      20
      41
      30
      23
      27
      27
      26
      30
      27
      22
      36
      19
      21
      23
      17
      28
      17
      22
      21
      22
      24
      20
      33
      23
      28
      26
      21
      30
      23
      22
      21
      21
      25
      23
      27
      28
      24
      26
      33
      18
      18
      36
      27
      32
      15
      25
      23
      25
      32
      17
      20
      23
      20
      16
      25
      18
      30
      29
      17
      30
      25
      17
      31
      33
      15
      27
      17
      25
      26
      24
      25
      23
      25
      20
      27
      22
      18
      24
      18
      26
      26
      12
      29
      31
      15
      34
      26
      17
      24
      16
      27
      25
      31
      25
      21
      20
      20
      22
      39
      29
      25
      29
      23
      19
      20
      26
      28
      31
      18
      22
      21
      20
      23
      16
      30
      18
      24
      24
      28
      23
      28
      18
      18
      22
      21
      24
      30
      30
      23
      25
      19
      27
      27
      20
      22
      23
      28
      20
      26
      19
      20
      20
      21
      28
      20
      35
      23
      20
      25
      27
      21
      19
      22
      18
      18
      25
      26
      26
      21
      19
      27
      27
      15
      21
      32
      24
      22
      25
      29
      30
      32
      20
      26
      19
      25
      26
      29
      31
      23
      32
      21
      20
      33
      20
      29
      23
      18
      24
      19
      14
      25
      19
      31
      23
      23
      19
      23
      21
      28
      25
      21
      25
      20
      26
      27
      29
      29
      21
      23
      25
      29
      19
      29
      24
      17
      26
      25
      37
      24
      27
      29
      22
      26
      18
      20
      20
      24
      28
      18
      27
      28
      21
      26
      22
      24
      28
      21
      29
      23
      32
      32
      21
      23
      12
      18
      23
      27
      18
      28
      15
      20
      14
      23
      19
      22
      29
      24
      24
      21
      20
      28
      24
      28
      25
      33
      18
      23
      18
      32
      25
      28
      28
      24
      30
      23
      25
      27
      18
      17
      28
      27
      28
      21
      25
      25
      26
      32
      24
      16
      22
      26
      22
      23
      27
      23
      25
      22
      16
      26
      30
      23
      24
      24
      21
      33
      20
      21
      17
      18
      25
      18
      29
      21
      28
      21
      28
      28
      35
      26
      28
      19
      24
      17
      23
      27
      20
      22
      23
      21
      33
      30
      22
      17
      24
      23
      21
      25
      24
      22
      33
      28
      22
      27
      24
      27
      24
      28
      21
      24
      23
      22
      20
      34
      14
      13
      25
      20
      24
      24
      22
      24
      28
      20
      25
      13
      27
      29
      18
      29
      20
      16
      20
      27
      23
      27
      23
      22
      27
      18
      22
      24
      22
      11
      30
      28
      28
      14
      18
      25
      19
      19
      25
      20
      19
      22
      20
      20
      29
      20
      21
      22
      28
      34
      19
      18
      22
      21
      21
      19
      25
      25
      24
      21
      19
      24
      21
      32
      24
      28
      21
      22
      17
      28
      17
      16
      22
      23
      26
      22
      28
      24
      29
      22
      19
      21
      25
      21
      20
      19
      28
      27
      15
      25
      32
      15
      15
      31
      23
      15
      26
      24
      19
      30
      29
      30
      28
      29
      23
      22
      24
      24
      19
      24
      23
      24
      23
      25
      22
      21
      26
      21
      20
      23
      20
      27
      23
      27
      22
      18
      21
      24
      25
      28
      22
      26
      29
      29
      22
      28
      12
      22
      21
      27
      26
      24
      28
      19
      19
      21
      27
      28
      40
      19
      25
      31
      25
      24
      24
      22
      20
      23
      26
      26
      23
      25
      17
      37
      22
      22
      26
      32
      32
      22
      20
      36
      21
      20
      24
      16
      27
      20
      25
      27
      29
      21
      31
      24
      25
      29
      39
      21
      22
      30
      24
      23
      23
      28
      25
      24
      32
      20
      32
      23
      27
      23
      23
      21
      27
      19
      15
      23
      23
      27
      22
      18
      25
      18
      22
      23
      36
      22
      21
      20
      29
      28
      27
      21
      19
      26
      14
      21
      29
      27
      24
      24
      15
      28
      20
      19
      21
      24
      20
      18
      27
      19
      31
      25
      39
      15
      18
      24
      17
      15
      25
      26
      21
      22
      31
      22
      26
      29
      26
      24
      18
      13
      27
      20
      24
      28
      28
      17
      16
      26
      21
      24
      25
      22
      23
      21
      19
      19
      26
      34
      20
      24
      32
      27
      25
      20
      20
      16
      31
      29
      26
      25
      21
      21
      23
      20
      27
      19
      25
      25
      21
      24
      28
      21
      27
      24
      19
      34
      19
      21
      21
      17
      26
      23
      19
      26
      16
      23
      31
      20
      25
      16
      21
      31
      27
      30
      25
      21
      22
      23
      23
      23
      24
      21
      18
      19
      17
      26
      20
      28
      19
      22
      18
      24
      17
      31
      26
      24
      23
      29
      25
      23
      16
      26
      26
      20
      28
      26
      21
      18
      23
      21
      20
      24
      23
      22
      26
      21
      31
      23
      21
      21
      25
      20
      24
      14
      16
      21
      17
      32
      14
      28
      14
      36
      23
      19
      16
      28
      15
      31
      19
      17
      13
      22
      15
      24
      21
      25
      13
      32
      34
      24
      22
      16
      31
      19
      15
      18
      21
      26
      22
      19
      23
      24
      18
      27
      23
      22
      19
      25
      19
      26
      23
      31
      25
      25
      20
      29
      18
      29
      28
      35
      19
      34
      23
      26
      23
      26
      24
      18
      21
      22
      24
      35
      25
      22
      31
      24
      27
      21
      26
      22
      17
      28
      24
      22
      27
      14
      22
      22
      20
      21
      25
      17
      17
      26
      16
      21
      32
      22
      30
      24
      16
      28
      18
      25
      21
      36
      23
      28
      19
      31
      24
      23
      17
      19
      17
      12
      19
      18
      19
      18
      18
      28
      29
      21
      28
      20
      23
      23
      20
      20
      21
      24
      21
      23
      21
      31
      15
      25
      23
      24
      26
      24
      19
      22
      31
      21
      21
      20
      28
      16
      29
      25
      23
      27
      25
      19
      23
      28
      23
      15
      30
      33
      21
      22
      18
      25
      24
      26
      16
      26
      25
      24
      27
      21
      18
      30
      26
      22
      16
      16
      28
      21
      22
      19
      27
      22
      26
      19
      26
      32
      18
      21
      20
      33
      27
      26
      27
      27
      34
      25
      32
      22
      24
      20
      20
      25
      22
      23
      15
      27
      23
      32
      21
      31
      30
      39
      23
      31
      24
      17
      21
      29
      25
      21
      26
      29
      24
      27
      23
      15
      24
      25
      27
      23
      25
      35
      19
      17
      25
      24
      36
      17
      23
      23
      20
      23
      16
      27
      24
      25
      19
      19
      22
      22
      29
      22
      27
      26
      21
      14
      25
      16
      19
      20
      27
      26
      24
      20
      26
      13
      20
      28
      13
      20
      13
      19
      26
      21
      29
      26
      32
      22
      20
      27
      17
      21
      19
      25
      14
      19
      35
      27
      28
      22
      16
      17
      27
      21
      20
      19
      23
      29
      26
      16
      25
      28
      29
      16
      28
      18
      20
      24
      22
      24
      21
      19
      20
      27
      26
      36
      25
      24
      30
      13
      24
      12
      22
      29
      26
      17
      29
      29
      22
      34
      24
      27
      28
      20
      17
      29
      21
      19
      18
      26
      22
      22
      19
      28
      27
      24
      23
      19
      29
      20
      21
      18
      27
      21
      20
      15
      29
      20
      31
      22
      21
      21
      27
      25
      23
      23
      19
      18
      33
      22
      18
      31
      26
      24
      25
      21
      21
      30
      21
      34
      17
      18
      24
      16
      36
      19
      20
      26
      22
      16
      26
      30
      32
      23
      22
      24
      38
      22
      20
      23
      19
      17
      31
      22
      35
      28
      24
      33
      13
      20
      20
      33
      27
      17
      23
      23
      16
      14
      18
      23
      16
      24
      22
      19
      20
      28
      21
      24
      22
      24
      21
      22
      20
      17
      18
      19
      29
      22
      21
      21
      29
      28
      28
      20
      23
      18
      14
      20
      21
      30
      26
      25
      17
      22
      14
      22
      24
      28
      24
      21
      23
      29
      31
      21
      25
      21
      27
      27
      26
      24
      25
      28
      15
      23
      17
      22
      20
      24
      20
      30
      26
      25
      20
      12
      15
      26
      24
      23
      15
      18
      14
      19
      22
      24
      21
      27
      22
      22
      24
      26
      21
      24
      16
      15
      20
      27
      21
      29
      25
      20
      33
      17
      31
      30
      33
      26
      25
      24
      18
      21
      19
      24
      29
      17
      22
      24
      32
      28
      18
      32
      27
      36
      23
      22
      24
      19
      18
      20
      19
      24
      13
      20
      24
      23
      21
      24
      20
      29
      21
      30
      25
      24
      12
      27
      23
      32
      28
      28
      19
      27
      28
      17
      17
      14
      39
      20
      16
      26
      21
      21
      26
      24
      19
      22
      23
      27
      23
      26
      37
      27
      31
      22
      19
      15
      27
      28
      21
      35
      16
      21
      18
      18
      20
      22
      17
      20
      18
      22
      34
      29
      14
      29
      26
      18
      21
      19
      24
      21
      18
      30
      27
      32
      27
      29
      22
      18
      26
      21
      26
      24
      13
      32
      27
      28
      26
      23
      17
      19
      28
      24
      27
      24
      20
      35
      23
      20
      19
      24
      25
      25
      29
      23
      26
      26
      16
      22
      23
      27
      19
      21
      23
      27
      21
      23
      28
      25
      28
      16
      26
      17
      22
      16
      23
      19
      26
      27
      21
      29
      32
      27
      26
      21
      24
      22
      23
      24
      22
      20
      19
      39
      13
      20
      23
      22
      25
      20
      32
      21
      15
      16
      28
      21
      25
      24
      20
      18
      17
      34
      27
      17
      24
      24
      36
      22
      29
      21
      25
      23
      19
      15
      26
      33
      25
      24
      22
      22
      18
      27
      19
      15
      30
      31
      21
      26
      32
      19
      25
      21
      20
      25
      27
      25
      22
      23
      32
      27
      26
      28
      22
      19
      27
      26
      23
      28
      33
      26
      21
      14
      28
      19
      27
      20
      25
      20
      24
      27
      18
      24
      21
      25
      28
      23
      17
      22
      20
      34
      25
      14
      29
      24
      23
      17
      29
      33
      27
      22
      26
      25
      26
      20
      18
      24
      18
      19
      21
      19
      21
      28
      18
      24
      22
      18
      25
      24
      18
      28
      22
      25
      15
      25
      32
      29
      23
      20
      32
      18
      22
      23
      17
      13
      14
      20
      26
      32
      23
      21
      24
      29
      24
      24
      23
      30
      24
      18
      23
      18
      25
      29
      21
      33
      24
      31
      16
      19
      27
      16
      24
      27
      25
      19
      20
      29
      32
      22
      22
      23
      20
      19
      24
      26
      28
      11
      22
      22
      27
      20
      21
      17
      21
      27
      26
      33
      26
      27
      21
      20
      24
      21
      22
      22
      31
      25
      34
      18
      28
      27
      28
      27
      23
      21
      22
      26
      14
      21
      17
      14
      24
      20
      29
      25
      25
      19
      25
      21
      28
      31
      22
      30
      36
      22
      31
      26
      29
      26
      26
      23
      20
      18
      15
      27
      33
      21
      32
      20
      20
      21
      23
      22
      21
      20
      17
      26
      19
      18
      17
      26
      30
      16
      23
      24
      21
      20
      26
      21
      30
      29
      33
      20
      26
      28
      31
      24
      21
      23
      28
      25
      30
      20
      20
      18
      27
      34
      34
      19
      20
      36
      25
      26
      14
      22
      29
      21
      22
      23
      24
      31
      32
      27
      17
      18
      19
      29
      21
      20
      17
      18
      29
      25
      20
      29
      31
      24
      26
      29
      20
      22
      34
      29
      25
      29
      15
      22
      20
      22
      27
      18
      22
      21
      29
      23
      25
      25
      26
      25
      29
      23
      20
      25
      26
      36
      26
      28
      23
      26
      21
      17
      26
      19
      22
      16
      26
      22
      22
      25
      26
      29
      27
      15
      25
      27
      31
      20
      23
      20
      22
      22
      26
      15
      22
      20
      24
      27
      18
      24
      25
      18
      28
      17
      22
      21
      17
      36
      19
      18
      19
      24
      24
      29
      20
      23
      24
      25
      21
      25
      26
      22
      29
      21
      25
      36
      22
      16
      24
      21
      13
      32
      30
      18
      24
      23
      27
      26
      32
      27
      25
      25
      26
      29
      16
      27
      23
      15
      24
      21
      23
      20
      24
      24
      23
      27
      24
      28
      31
      30
      25
      33
      23
      24
      22
      30
      23
      30
      30
      25
      32
      26
      26
      21
      37
      26
      19
      27
      28
      13
      25
      27
      28
      30
      26
      29
      29
      17
      26
      30
      25
      29
      26
      20
      28
      30
      25
      38
      25
      28
      24
      20
      24
      23
      30
      18
      25
      29
      24
      16
      27
      27
      20
      26
      32
      19
      28
      31
      25
      18
      20
      13
      27
      29
      22
      19
      19
      18
      24
      16
      21
      29
      21
      31
      21
      22
      21
      23
      20
      24
      28
      23
      23
      24
      21
      24
      23
      19
      27
      24
      23
      17
      25
      20
      20
      22
      23
      22
      20
      27
      29
      24
      25
      22
      18
      22
      36
      24
      23
      19
      23
      33
      23
      20
      19
      21
      26
      30
      31
      25
      15
      22
      23
      31
      26
      22
      31
      31
      23
      22
      19
      22
      24
      33
      25
      34
      16
      39
      29
      31
      25
      17
      24
      17
      27
      20
      33
      27
      27
      23
      23
      27
      25
      26
      20
      19
      33
      32
      23
      24
      17
      24
      30
      26
      25
      35
      19
      26
      37
      14
      29
      29
      25
      28
      33
      28
      24
      22
      30
      18
      29
      19
      26
      28
      27
      22
      20
      25
      33
      22
      31
      27
      24
      29
      20
      26
      24
      28
      21
      22
      27
      21
      23
      24
      22
      23
      20
      25
      24
      26
      18
      21
      18
      22
      21
      18
      26
      22
      30
      28
      19
      27
      19
      23
      24
      23
      17
      25
      26
      28
      28
      16
      23
      22
      20
      20
      26
      22
      26
      21
      15
      26
      19
      25
      30
      20
      22
      22
      16
      35
      18
      20
      22
      26
      24
      23
      15
      18
      34
      19
      25
      20
      23
      20
      27
      22
      25
      24
      20
      24
      24
      32
      21
      21
      20
      23
      20
      19
      25
      33
      22
      19
      30
      26
      24
      35
      35
      19
      20
      27
      28
      25
      25
      25
      22
      17
      29
      35
      22
      16
      22
      17
      26
      21
      22
      27
      29
      25
      20
      18
      23
      17
      16
      25
      18
      23
      30
      20
      18
      29
      31
      29
      32
      24
      24
      25
      33
      19
      21
      27
      25
      30
      27
      21
      33
      20
      24
      26
      24
      27
      29
      30
      30
      27
      26
      32
      28
      26
      27
      26
      21
      17
      23
      27
      26
      22
      33
      25
      27
      28
      27
      22
      30
      23
      25
      20
      19
      23
      30
      25
      29
      22
      25
      28
      21
      30
      27
      25
      28
      23
      25
      30
      16
      20
      27
      20
      31
      20
      26
      30
      22
      24
      23
      20
      33
      29
      25
      26
      24
      19
      25
      24
      23
      30
      18
      26
      17
      22
      28
      20
      29
      22
      26
      29
      33
      27
      19
      25
      25
      31
      28
      21
      28
      21
      23
      37
      20
      25
      25
      41
      12
      23
      21
      15
      29
      29
      27
      18
      19
      27
      29
      23
      19
      23
      27
      30
      24
      26
      24
      27
      26
      22
      34
      22
      19
      28
      28
      33
      34
      29
      22
      31
      21
      27
      21
      11
      31
      34
      28
      28
      23
      24
      25
      24
      26
      31
      17
      25
      26
      37
      31
      27
      28
      29
      27
      24
      25
      26
      24
      21
      31
      28
      24
      26
      27
      32
      25
      21
      31
      22
      26
      25
      25
      24
      16
      25
      28
      30
      22
      24
      32
      31
      26
      32
      24
      28
      21
      28
      15
      27
      23
      23
      23
      24
      24
      26
      19
      22
      27
      25
      25
      23
      18
      27
      24
      27
      20
      24
      24
      27
      28
      20
      16
      24
      24
      34
      19
      30
      23
      18
      29
      24
      27
      28
      29
      25
      35
      22
      22
      17
      28
      31
      28
      23
      29
      35
      39
      30
      32
      15
      23
      26
      19
      18
      21
      30
      28
      18
      36
      37
      24
      28
      24
      18
      21
      29
      17
      16
      23
      28
      22
      28
      24
      30
      25
      30
      26
      25
      19
      24
      26
      27
      24
      32
      21
      32
      31
      33
      20
      22
      25
      27
      26
      21
      35
      21
      12
      14
      33
      24
      22
      33
      26
      11
      21
      17
      25
      22
      21
      25
      25
      22
      18
      26
      32
      24
      30
      32
      21
      29
      19
      27
      29
      13
      21
      18
      31
      32
      35
      25
      23
      31
      25
      30
      29
      20
      10
      36
      18
      33
      27
      24
      22
      24
      36
      30
      27
      25
      19
      40
      21
      17
      30
      21
      32
      24
      27
      33
      25
      22
      31
      38
      27
      34
      21
      36
      38
      32
      15
      27
      20
      33
      26
      24
      31
      24
      26
      27
      15
      28
      29
      32
      24
      29
      12
      19
      29
      27
      26
      32
      21
      34
      23
      34
      20
      25
      26
      26
      24
      26
      30
      21
      22
      24
      28
      35
      13
      22
      22
      23
      20
      39
      19
      33
      29
      26
      25
      30
      21
      28
      29
      28
      31
      26
      35
      16
      29
      31
      21
      31
      27
      20
      24
      19
      23
      33
      17
      36
      28
      26
      11
      20
      27
      16
      28
      21
      26
      29
      27
      17
      19
      26
      22
      18
      27
      20
      22
      28
      26
      31
      26
      27
      35
      20
      19
      27
      36
      37
      20
      21
      27
      25
      30
      22
      28
      19
      26
      28
      22
      25
      22
      29
      29
      24
      27
      21
      26
      36
      20
      28
      23
      23
      21
      21
      21
      30
      20
      29
      22
      23
      24
      29
      31
      30
      18
      22
      18
      24
      19
      29
      20
      24
      29
      23
      27
      20
      19
      25
      38
      38
      31
      24
      19
      36
      23
      31
      21
      23
      22
      30
      27
      26
      21
      33
      23
      25
      25
      27
      16
      30
      31
      27
      28
      27
      26
      32
      28
      24
      28
      26
      37
      23
      21
      22
      28
      24
      31
      23
      23
      21
      29
      22
      26
      34
      29
      21
      22
      22
      23
      28
      36
      22
      25
      20
      31
      29
      30
      32
      21
      30
      32
      27
      23
     422
     763
     789
     801
     819
     806
     787
     846
     796
     811
     840
     773
     791
     767
     746
     851
     743
     833
     750
     772
     806
     757
     764
     749
     807
     749
     756
     778
     777
     793
     781
     771
     779
     786
     807
     754
     776
     794
     747
     797
     757
     805
     805
     748
     775
     762
     832
     774
     804
     789
     809
     805
     759
     790
     790
     797
     811
     778
     775
     786
     805
     738
     783
     829
     775
     750
     788
     749
     741
     770
     766
     819
     755
     776
     782
     740
     808
     766
     782
     747
     813
     734
     787
     705
     774
     764
     749
     799
     724
     748
     735
     748
     778
     788
     749
     784
     774
     747
     768
     790
     742
     725
     746
     759
     755
     818
     744
     792
     792
     787
     763
     768
     778
     753
     785
     740
     760
     767
     746
     743
     742
     780
     761
     751
     745
     779
     760
     775
     753
     815
     786
     758
     765
     781
     713
     714
     753
     756
     794
     734
     775
     722
     755
     772
     781
     766
     721
     763
     746
     747
     789
     752
     752
     741
     729
     728
     769
     759
     743
     753
     797
     741
     729
     762
     766
     791
     787
     737
     736
     796
     726
     742
     714
     724
     797
     721
     762
     726
     753
     743
     701
     739
     699
     768
     377
$ROI:
5
349 399
960 988
992 1050
1491 1501
5157 5169
$PRESETS:
None
0
0
$ENER_FIT:
0.000000 0.107033
$MCA_CAL:
3
0.000000E+000 1.070331E-001 0.000000E+000 keV
$SHAPE_CAL:
3
0.000000E+000 0.000000E+000 0.000000E+000
