$SPEC_ID:
23cm counts
$SPEC_REM:
DET# 1
DETDESC# DLAB-PHY-L3-49 926 Right
AP# Maestro Version 7.01
$DATE_MEA:
10/28/2024 16:31:55
$MEAS_TIM:
587 813
$DATA:
0 8191
       0
       0
       0
       1
       1
       1
       1
       2
       1
       0
       0
       0
       1
       1
       2
       1
       1
       0
       0
       0
       1
       2
       0
       1
       0
       1
       1
       3
       4
       6
      10
      28
      87
     199
     519
    1447
    4074
    9357
   16783
   23565
   28749
   31196
   30729
   29893
   26894
   24378
   21531
   19707
   17492
   16085
   14281
   13006
   11859
   10608
    9793
    8944
    8141
    7377
    6711
    6260
    5704
    5121
    4874
    4436
    4091
    3712
    3478
    3275
    3089
    2870
    2600
    2409
    2330
    2066
    2036
    1900
    1767
    1763
    1646
    1673
    1543
    1465
    1417
    1354
    1287
    1287
    1326
    1193
    1180
    1209
    1090
    1166
    1164
    1100
    1127
    1126
    1083
    1099
    1071
    1086
    1074
     995
    1004
    1059
    1015
     986
     963
     969
    1007
     944
    1034
     964
     972
    1031
     961
     956
     953
     973
     939
     970
    1000
     966
     953
     974
     960
     937
     961
     979
     918
     877
     912
     912
     922
     914
     948
     887
     917
     912
     891
     901
     925
     929
     930
     898
     889
     947
     895
     857
     837
     854
     846
     851
     916
     827
     873
     851
     828
     881
     850
     860
     853
     902
     858
     857
     937
     832
     831
     842
     859
     869
     803
     879
     811
     857
     829
     759
     852
     852
     829
     842
     820
     803
     869
     803
     812
     844
     833
     860
     803
     805
     773
     815
     800
     810
     865
     806
     842
     853
     825
     780
     823
     839
     828
     808
     824
     787
     769
     825
     817
     811
     810
     762
     795
     835
     785
     811
     789
     804
     804
     820
     789
     819
     749
     732
     778
     762
     794
     765
     790
     843
     766
     748
     762
     758
     801
     728
     742
     743
     755
     748
     774
     766
     794
     733
     766
     784
     820
     744
     755
     747
     752
     746
     731
     758
     737
     744
     713
     746
     752
     742
     756
     770
     750
     738
     726
     725
     727
     738
     707
     758
     753
     699
     705
     716
     758
     733
     729
     783
     704
     761
     712
     690
     723
     729
     733
     730
     703
     735
     740
     753
     735
     737
     656
     733
     700
     699
     709
     723
     743
     703
     718
     712
     715
     707
     716
     677
     705
     707
     711
     705
     707
     718
     739
     695
     733
     711
     713
     720
     667
     728
     687
     710
     702
     713
     674
     715
     693
     683
     634
     693
     707
     705
     722
     706
     713
     709
     648
     674
     708
     734
     677
     684
     709
     666
     700
     701
     662
     665
     720
     733
     669
     665
     673
     687
     680
     695
     669
     714
     687
     711
     682
     676
     662
     704
     649
     669
     683
     636
     724
     669
     662
     665
     658
     691
     665
     681
     693
     666
     710
     695
     685
     732
     661
     656
     661
     708
     693
     701
     666
     663
     706
     668
     702
     679
     658
     649
     688
     686
     680
     675
     674
     619
     654
     648
     676
     674
     714
     641
     660
     667
     662
     654
     720
     693
     688
     682
     681
     626
     652
     665
     668
     689
     699
     679
     690
     650
     632
     646
     652
     630
     650
     666
     621
     631
     669
     650
     686
     690
     634
     654
     629
     658
     644
     724
     643
     656
     640
     659
     648
     675
     654
     594
     671
     653
     643
     648
     663
     719
     641
     644
     597
     631
     645
     648
     644
     590
     642
     656
     642
     639
     644
     681
     634
     669
     657
     704
     624
     698
     668
     633
     635
     641
     658
     608
     651
     657
     588
     651
     704
     650
     629
     614
     580
     650
     641
     665
     696
     650
     619
     645
     636
     616
     651
     643
     674
     648
     652
     653
     643
     616
     665
     668
     601
     626
     620
     647
     663
     625
     632
     613
     630
     613
     656
     619
     654
     653
     609
     599
     666
     654
     633
     655
     614
     628
     623
     587
     626
     657
     665
     625
     692
     566
     614
     632
     646
     653
     594
     598
     607
     629
     632
     618
     645
     671
     691
     631
     633
     657
     637
     629
     581
     662
     619
     619
     657
     625
     611
     622
     660
     609
     658
     636
     688
     620
     630
     643
     621
     579
     653
     635
     636
     593
     643
     682
     675
     619
     603
     648
     656
     643
     635
     666
     640
     656
     620
     622
     702
     637
     657
     644
     612
     659
     620
     685
     704
     693
     696
     712
     660
     648
     699
     687
     640
     685
     671
     684
     692
     713
     700
     641
     692
     691
     708
     693
     668
     727
     724
     705
     714
     764
     753
     731
     778
     800
     778
     843
     825
     802
     782
     745
     821
     855
     800
     859
     839
     833
     828
     828
     859
     836
     908
     781
     821
     850
     900
     844
     818
     899
     846
     850
     919
     885
     841
     831
     783
     790
     774
     775
     821
     787
     793
     780
     776
     754
     764
     733
     766
     771
     714
     707
     759
     714
     706
     732
     725
     717
     706
     667
     678
     682
     708
     701
     697
     625
     605
     639
     687
     659
     648
     674
     679
     638
     621
     646
     628
     639
     676
     649
     635
     695
     662
     650
     599
     655
     619
     630
     647
     633
     611
     648
     590
     614
     638
     648
     613
     603
     643
     645
     661
     688
     631
     687
     669
     666
     679
     731
     671
     684
     692
     719
     689
     724
     719
     670
     751
     712
     724
     684
     703
     732
     693
     735
     718
     732
     737
     732
     711
     744
     753
     718
     779
     713
     697
     690
     708
     735
     726
     728
     783
     659
     709
     698
     701
     734
     646
     661
     619
     684
     676
     633
     622
     675
     645
     675
     631
     655
     626
     655
     674
     665
     578
     645
     609
     621
     616
     619
     599
     629
     580
     602
     598
     595
     593
     590
     562
     572
     561
     587
     613
     629
     588
     564
     592
     598
     605
     603
     561
     623
     558
     587
     595
     581
     569
     565
     583
     583
     605
     507
     583
     569
     585
     578
     562
     553
     611
     617
     561
     585
     588
     587
     567
     603
     567
     538
     578
     604
     578
     561
     561
     557
     599
     543
     596
     538
     576
     598
     559
     563
     577
     555
     552
     585
     589
     549
     566
     558
     574
     606
     625
     573
     530
     548
     562
     574
     542
     579
     599
     580
     592
     614
     578
     580
     579
     534
     532
     563
     559
     542
     619
     549
     538
     587
     576
     568
     583
     580
     561
     619
     596
     549
     567
     564
     570
     581
     581
     575
     589
     579
     578
     565
     531
     573
     615
     592
     561
     572
     596
     582
     572
     600
     548
     574
     614
     568
     547
     551
     576
     515
     578
     541
     583
     550
     569
     564
     568
     540
     589
     521
     540
     576
     561
     572
     559
     531
     567
     560
     576
     587
     541
     569
     581
     590
     549
     555
     568
     566
     583
     567
     572
     597
     548
     524
     575
     599
     542
     568
     567
     541
     551
     538
     527
     556
     559
     552
     614
     553
     571
     553
     537
     546
     555
     555
     591
     620
     543
     525
     603
     596
     542
     539
     576
     553
     582
     547
     571
     609
     536
     586
     548
     580
     595
     563
     547
     568
     529
     574
     540
     558
     598
     561
     549
     562
     539
     535
     527
     500
     542
     552
     550
     594
     556
     521
     578
     539
     586
     507
     541
     544
     545
     611
     575
     554
     568
     531
     575
     533
     528
     527
     580
     522
     517
     555
     557
     538
     590
     584
     539
     597
     548
     550
     551
     591
     576
     527
     575
     576
     517
     589
     540
     556
     552
     553
     514
     571
     561
     545
     539
     578
     613
     571
     514
     569
     542
     571
     582
     560
     583
     548
     515
     557
     570
     561
     555
     571
     578
     548
     524
     548
     544
     580
     565
     552
     566
     556
     613
     593
     559
     566
     544
     575
     517
     532
     547
     522
     581
     524
     524
     576
     546
     545
     491
     539
     591
     561
     588
     555
     547
     524
     561
     585
     552
     563
     538
     531
     517
     546
     499
     553
     551
     526
     573
     523
     574
     508
     510
     553
     533
     569
     539
     524
     577
     559
     506
     550
     554
     553
     528
     593
     532
     559
     562
     538
     546
     539
     528
     562
     522
     559
     533
     573
     558
     568
     553
     548
     549
     555
     548
     503
     505
     555
     543
     538
     519
     563
     554
     552
     489
     532
     532
     563
     547
     553
     531
     588
     585
     560
     560
     546
     551
     496
     577
     549
     563
     542
     546
     552
     576
     517
     537
     540
     558
     562
     498
     539
     547
     548
     555
     578
     561
     531
     522
     493
     545
     540
     517
     557
     502
     577
     567
     561
     572
     543
     505
     529
     531
     520
     553
     541
     554
     550
     516
     573
     518
     541
     539
     528
     572
     522
     526
     558
     536
     544
     549
     522
     600
     548
     552
     591
     501
     516
     515
     518
     565
     582
     573
     554
     555
     553
     544
     528
     544
     543
     559
     570
     519
     554
     539
     527
     546
     556
     556
     540
     522
     570
     517
     580
     545
     535
     553
     535
     538
     572
     610
     504
     552
     538
     539
     552
     526
     548
     555
     526
     529
     592
     541
     572
     553
     535
     566
     561
     547
     548
     546
     529
     558
     574
     528
     558
     534
     531
     505
     509
     535
     523
     497
     545
     533
     528
     529
     532
     507
     537
     567
     552
     522
     497
     518
     547
     494
     534
     551
     560
     557
     541
     513
     550
     542
     527
     515
     511
     531
     550
     494
     558
     537
     526
     571
     560
     529
     554
     562
     530
     497
     553
     502
     532
     510
     559
     533
     536
     563
     526
     553
     515
     589
     535
     557
     552
     534
     542
     545
     528
     543
     532
     507
     528
     521
     496
     542
     496
     532
     577
     534
     544
     564
     531
     532
     537
     530
     522
     529
     552
     503
     515
     520
     533
     549
     558
     550
     520
     525
     560
     536
     522
     506
     518
     555
     527
     526
     535
     512
     493
     579
     500
     533
     545
     498
     487
     499
     500
     532
     544
     536
     550
     535
     509
     471
     517
     517
     540
     534
     553
     593
     536
     517
     520
     537
     544
     525
     531
     562
     527
     538
     481
     546
     537
     501
     556
     519
     489
     544
     519
     531
     567
     516
     535
     560
     549
     556
     503
     511
     559
     556
     507
     524
     559
     560
     511
     534
     567
     539
     529
     520
     546
     542
     572
     559
     563
     535
     531
     524
     547
     585
     560
     516
     555
     536
     560
     567
     593
     522
     545
     568
     543
     557
     572
     556
     549
     536
     546
     520
     521
     562
     550
     543
     539
     539
     556
     554
     533
     502
     550
     539
     553
     573
     543
     558
     571
     576
     555
     558
     565
     512
     576
     543
     535
     524
     573
     587
     562
     543
     563
     571
     547
     584
     539
     556
     510
     574
     555
     607
     538
     528
     563
     595
     602
     541
     586
     594
     575
     562
     523
     545
     583
     557
     556
     605
     568
     556
     604
     571
     627
     558
     565
     543
     557
     541
     586
     578
     580
     602
     616
     584
     566
     618
     584
     600
     606
     572
     614
     606
     589
     579
     601
     592
     641
     596
     564
     604
     585
     586
     606
     606
     620
     579
     587
     584
     602
     635
     573
     618
     615
     586
     627
     577
     584
     617
     623
     649
     532
     585
     610
     586
     607
     593
     600
     609
     610
     569
     610
     591
     637
     561
     577
     607
     589
     608
     547
     562
     571
     603
     614
     567
     564
     618
     601
     581
     563
     597
     580
     590
     625
     584
     597
     580
     646
     561
     611
     571
     599
     640
     566
     608
     590
     597
     624
     569
     602
     598
     569
     593
     615
     561
     609
     545
     598
     591
     623
     644
     591
     592
     590
     574
     591
     556
     581
     591
     583
     582
     545
     601
     605
     626
     604
     598
     643
     606
     602
     602
     640
     583
     592
     610
     572
     589
     611
     614
     619
     628
     622
     616
     624
     574
     578
     614
     597
     627
     617
     600
     584
     600
     599
     613
     601
     573
     617
     571
     578
     605
     609
     584
     586
     592
     574
     586
     607
     580
     557
     560
     589
     612
     614
     582
     569
     648
     549
     571
     573
     630
     601
     584
     584
     643
     631
     571
     601
     594
     585
     551
     625
     637
     610
     620
     601
     598
     631
     619
     622
     552
     591
     602
     594
     637
     618
     614
     640
     632
     567
     621
     637
     644
     640
     637
     598
     591
     625
     642
     606
     607
     605
     601
     585
     604
     593
     591
     591
     590
     579
     591
     607
     611
     605
     599
     617
     586
     609
     633
     606
     599
     609
     588
     627
     603
     573
     591
     640
     585
     601
     605
     563
     605
     630
     593
     600
     566
     603
     568
     612
     588
     615
     614
     576
     616
     611
     571
     607
     590
     641
     552
     558
     605
     607
     594
     607
     620
     594
     583
     598
     567
     597
     636
     613
     575
     586
     623
     588
     583
     618
     579
     592
     620
     620
     638
     589
     594
     604
     611
     620
     588
     550
     532
     600
     597
     620
     585
     575
     600
     588
     598
     624
     573
     621
     568
     631
     600
     624
     582
     583
     599
     599
     602
     582
     624
     623
     588
     575
     594
     575
     593
     639
     603
     551
     650
     595
     594
     641
     570
     609
     603
     614
     605
     582
     597
     639
     570
     635
     646
     614
     621
     658
     601
     584
     607
     609
     598
     588
     655
     568
     621
     615
     599
     588
     591
     583
     637
     616
     631
     598
     613
     577
     644
     588
     632
     609
     611
     603
     632
     637
     599
     623
     580
     592
     636
     599
     662
     601
     572
     606
     649
     574
     618
     680
     611
     616
     602
     599
     620
     611
     605
     652
     629
     630
     598
     561
     615
     631
     609
     611
     632
     621
     590
     589
     616
     647
     618
     589
     623
     568
     612
     634
     616
     570
     596
     618
     656
     616
     642
     636
     626
     570
     541
     610
     610
     602
     573
     617
     630
     633
     613
     633
     582
     634
     613
     644
     605
     641
     629
     620
     608
     625
     619
     605
     621
     578
     645
     635
     600
     580
     559
     611
     609
     612
     627
     595
     593
     608
     602
     586
     618
     564
     592
     628
     587
     596
     618
     590
     603
     574
     607
     600
     638
     620
     610
     604
     616
     616
     592
     600
     624
     599
     628
     625
     614
     602
     580
     627
     646
     619
     600
     589
     630
     620
     608
     609
     623
     586
     613
     620
     640
     630
     574
     592
     609
     589
     573
     628
     564
     611
     613
     609
     631
     606
     548
     577
     597
     587
     579
     588
     627
     597
     597
     633
     619
     587
     593
     636
     659
     633
     591
     644
     616
     574
     600
     584
     573
     636
     607
     589
     577
     570
     598
     564
     610
     584
     589
     613
     574
     589
     613
     570
     604
     591
     588
     601
     594
     629
     637
     632
     591
     588
     613
     657
     599
     615
     635
     561
     649
     592
     601
     574
     604
     663
     635
     611
     596
     607
     599
     642
     596
     605
     610
     626
     606
     593
     561
     599
     567
     661
     610
     587
     603
     605
     613
     616
     580
     628
     608
     610
     580
     584
     606
     537
     612
     594
     601
     590
     572
     621
     582
     614
     567
     610
     657
     588
     592
     595
     627
     602
     614
     619
     627
     580
     610
     585
     554
     644
     608
     598
     621
     592
     578
     580
     583
     606
     618
     580
     613
     571
     590
     571
     591
     591
     585
     591
     604
     635
     573
     545
     657
     589
     597
     576
     649
     557
     645
     603
     599
     609
     600
     593
     609
     579
     615
     590
     569
     626
     608
     621
     596
     575
     561
     593
     600
     598
     613
     604
     613
     629
     635
     599
     618
     620
     551
     576
     610
     599
     580
     600
     602
     553
     625
     587
     605
     603
     644
     567
     575
     626
     583
     587
     558
     609
     591
     601
     608
     592
     597
     626
     594
     577
     598
     622
     613
     577
     577
     591
     571
     608
     607
     556
     581
     600
     588
     602
     611
     578
     610
     593
     602
     611
     605
     604
     592
     644
     579
     603
     596
     595
     571
     619
     574
     605
     576
     607
     591
     605
     593
     580
     627
     620
     649
     639
     640
     591
     586
     560
     630
     616
     612
     579
     639
     604
     598
     568
     631
     597
     545
     614
     619
     554
     634
     570
     624
     615
     597
     574
     625
     606
     616
     550
     605
     551
     543
     586
     571
     592
     569
     598
     584
     607
     617
     577
     585
     579
     609
     637
     580
     590
     624
     623
     589
     592
     557
     547
     570
     610
     584
     605
     620
     573
     616
     641
     634
     600
     617
     620
     616
     579
     548
     577
     603
     583
     577
     580
     554
     555
     591
     581
     582
     581
     639
     563
     587
     614
     610
     600
     598
     612
     632
     584
     596
     586
     556
     605
     557
     559
     572
     582
     582
     622
     608
     613
     565
     551
     587
     629
     602
     565
     615
     578
     596
     574
     557
     548
     607
     578
     573
     626
     582
     605
     611
     591
     544
     624
     574
     648
     604
     590
     556
     590
     537
     605
     604
     595
     604
     556
     600
     558
     629
     565
     573
     622
     602
     583
     581
     614
     543
     594
     617
     618
     566
     566
     627
     603
     560
     592
     665
     566
     618
     602
     570
     605
     582
     576
     611
     600
     579
     607
     619
     600
     574
     627
     552
     615
     608
     607
     589
     609
     643
     585
     589
     552
     591
     626
     587
     580
     596
     576
     632
     577
     592
     588
     589
     574
     565
     608
     606
     629
     594
     575
     581
     625
     613
     547
     597
     589
     614
     599
     545
     594
     560
     570
     592
     558
     571
     537
     611
     636
     615
     606
     603
     591
     582
     584
     641
     662
     618
     581
     581
     585
     566
     600
     607
     594
     619
     629
     601
     579
     557
     578
     558
     572
     553
     612
     587
     579
     592
     584
     661
     557
     574
     596
     607
     584
     605
     585
     589
     573
     589
     596
     588
     603
     616
     608
     594
     563
     603
     628
     590
     617
     607
     653
     616
     608
     620
     571
     655
     585
     558
     570
     605
     658
     602
     589
     605
     605
     582
     575
     595
     624
     608
     648
     602
     587
     608
     641
     613
     630
     589
     594
     599
     626
     660
     637
     621
     631
     598
     606
     576
     616
     654
     653
     624
     621
     618
     618
     585
     632
     593
     594
     604
     628
     630
     659
     639
     586
     575
     645
     601
     618
     618
     615
     611
     635
     621
     617
     615
     613
     639
     548
     631
     591
     661
     609
     623
     587
     650
     635
     568
     613
     608
     593
     610
     659
     643
     593
     661
     644
     652
     606
     568
     606
     586
     643
     606
     616
     605
     609
     615
     590
     623
     621
     615
     564
     637
     666
     600
     627
     628
     603
     620
     652
     614
     597
     644
     667
     650
     640
     669
     601
     624
     591
     623
     561
     633
     633
     656
     701
     638
     590
     653
     595
     608
     632
     603
     579
     639
     616
     667
     636
     658
     645
     612
     619
     700
     633
     601
     642
     620
     599
     649
     629
     646
     618
     618
     660
     661
     637
     661
     645
     635
     664
     658
     611
     691
     720
     627
     663
     657
     622
     614
     612
     626
     648
     621
     652
     664
     669
     644
     680
     670
     645
     608
     650
     685
     615
     634
     659
     669
     653
     679
     673
     640
     662
     680
     690
     640
     640
     662
     614
     673
     650
     648
     700
     630
     644
     631
     633
     649
     689
     624
     695
     607
     649
     695
     650
     635
     620
     689
     681
     604
     627
     661
     690
     607
     661
     674
     652
     644
     628
     651
     677
     659
     664
     640
     648
     719
     664
     689
     655
     628
     675
     685
     657
     653
     660
     670
     625
     704
     699
     658
     668
     645
     689
     639
     634
     666
     623
     654
     646
     684
     657
     708
     659
     714
     664
     676
     654
     691
     668
     708
     629
     706
     721
     670
     675
     715
     681
     654
     696
     650
     743
     639
     694
     659
     647
     656
     656
     696
     723
     693
     653
     690
     674
     677
     678
     660
     716
     692
     696
     659
     679
     676
     704
     743
     703
     628
     656
     661
     683
     722
     685
     711
     667
     699
     720
     694
     705
     671
     720
     687
     661
     700
     709
     700
     728
     715
     716
     699
     677
     729
     692
     719
     695
     667
     723
     675
     729
     700
     722
     699
     697
     733
     694
     729
     713
     729
     674
     704
     708
     740
     698
     737
     721
     711
     711
     712
     712
     725
     671
     737
     711
     738
     732
     739
     685
     706
     701
     671
     696
     708
     731
     716
     682
     680
     742
     765
     736
     691
     714
     749
     746
     715
     767
     719
     768
     766
     722
     752
     712
     766
     738
     772
     709
     688
     722
     730
     743
     756
     668
     722
     732
     773
     777
     712
     795
     717
     677
     758
     727
     748
     751
     732
     698
     717
     707
     728
     749
     766
     739
     728
     709
     746
     705
     726
     746
     765
     768
     748
     725
     733
     798
     732
     759
     802
     701
     708
     769
     704
     704
     740
     756
     733
     761
     738
     755
     715
     739
     771
     817
     770
     756
     720
     743
     764
     752
     753
     756
     782
     732
     780
     720
     751
     751
     793
     792
     772
     733
     724
     758
     742
     710
     775
     744
     797
     761
     727
     753
     774
     780
     769
     750
     745
     722
     768
     718
     764
     752
     756
     744
     771
     757
     722
     716
     748
     761
     728
     714
     756
     741
     742
     740
     756
     739
     763
     749
     743
     693
     751
     744
     755
     753
     710
     724
     694
     731
     782
     752
     715
     771
     687
     656
     702
     744
     744
     695
     731
     732
     728
     707
     740
     722
     684
     726
     752
     684
     709
     670
     730
     696
     708
     663
     673
     670
     667
     691
     632
     666
     662
     619
     628
     645
     690
     624
     636
     615
     584
     627
     652
     635
     563
     608
     662
     663
     622
     611
     604
     621
     641
     594
     613
     563
     602
     576
     584
     574
     598
     570
     558
     606
     528
     538
     550
     518
     520
     541
     486
     541
     536
     533
     516
     534
     509
     507
     503
     551
     481
     522
     516
     503
     493
     499
     494
     528
     470
     497
     494
     449
     485
     512
     535
     503
     455
     458
     460
     440
     462
     452
     482
     473
     457
     450
     478
     452
     450
     452
     475
     455
     441
     463
     467
     485
     498
     468
     440
     429
     443
     436
     418
     410
     460
     417
     441
     413
     429
     429
     443
     441
     418
     459
     432
     451
     437
     405
     427
     439
     463
     416
     425
     410
     408
     405
     466
     455
     415
     428
     386
     430
     413
     392
     420
     454
     416
     385
     408
     413
     393
     368
     390
     392
     399
     418
     381
     400
     402
     376
     422
     377
     387
     421
     335
     385
     385
     368
     394
     393
     400
     390
     363
     395
     427
     323
     380
     361
     427
     415
     375
     368
     359
     361
     361
     369
     388
     395
     382
     362
     386
     403
     370
     386
     366
     389
     361
     366
     392
     361
     334
     363
     329
     371
     377
     395
     355
     359
     353
     384
     357
     403
     356
     359
     360
     377
     354
     368
     361
     365
     335
     374
     384
     403
     339
     386
     337
     350
     376
     322
     343
     375
     363
     350
     342
     346
     343
     344
     322
     340
     349
     335
     334
     329
     309
     325
     353
     352
     370
     382
     325
     355
     317
     360
     360
     361
     322
     367
     342
     316
     325
     325
     365
     364
     355
     330
     330
     315
     305
     319
     333
     334
     336
     322
     339
     346
     309
     320
     331
     342
     333
     299
     357
     327
     332
     316
     351
     324
     308
     324
     333
     320
     316
     313
     325
     302
     347
     308
     316
     302
     301
     291
     303
     291
     330
     294
     346
     276
     304
     318
     283
     310
     330
     303
     312
     338
     284
     288
     307
     309
     287
     347
     314
     313
     281
     282
     296
     309
     313
     305
     289
     317
     308
     312
     330
     300
     342
     322
     295
     269
     331
     281
     318
     302
     302
     303
     292
     293
     321
     300
     307
     302
     305
     272
     318
     306
     315
     335
     305
     302
     282
     278
     272
     279
     314
     298
     322
     281
     287
     250
     292
     313
     274
     289
     284
     292
     287
     290
     280
     290
     266
     266
     273
     314
     302
     292
     306
     297
     287
     304
     269
     282
     284
     264
     272
     286
     290
     232
     273
     282
     275
     285
     280
     264
     275
     322
     277
     286
     274
     280
     291
     280
     244
     299
     284
     277
     281
     290
     314
     287
     281
     252
     261
     274
     238
     273
     302
     255
     253
     269
     238
     239
     257
     288
     271
     278
     275
     296
     250
     252
     260
     265
     233
     248
     250
     269
     229
     263
     244
     276
     263
     246
     273
     251
     224
     251
     246
     251
     263
     241
     268
     248
     265
     244
     269
     267
     248
     250
     239
     280
     239
     247
     224
     246
     235
     251
     231
     252
     243
     228
     234
     261
     245
     223
     237
     258
     270
     218
     221
     256
     269
     234
     248
     272
     239
     239
     228
     209
     248
     271
     257
     241
     256
     237
     254
     240
     250
     248
     227
     239
     216
     212
     233
     250
     238
     245
     253
     228
     233
     268
     260
     211
     221
     227
     257
     241
     204
     226
     235
     244
     230
     247
     233
     227
     222
     229
     206
     227
     239
     238
     248
     248
     203
     220
     218
     249
     207
     234
     208
     222
     202
     225
     229
     193
     218
     212
     223
     218
     216
     238
     230
     206
     218
     208
     223
     201
     207
     228
     231
     189
     204
     228
     228
     219
     215
     226
     221
     203
     232
     216
     229
     234
     210
     208
     215
     227
     215
     189
     189
     220
     198
     236
     219
     208
     196
     187
     178
     225
     219
     182
     210
     200
     220
     209
     170
     184
     215
     197
     186
     184
     218
     207
     180
     211
     203
     213
     203
     202
     210
     199
     191
     198
     204
     219
     217
     199
     187
     191
     202
     218
     212
     208
     217
     190
     194
     192
     175
     201
     174
     204
     168
     186
     200
     173
     186
     215
     186
     192
     193
     204
     192
     179
     212
     181
     181
     188
     167
     184
     181
     180
     206
     207
     193
     203
     161
     195
     193
     190
     157
     202
     171
     186
     171
     195
     183
     182
     169
     193
     166
     173
     194
     200
     178
     165
     163
     164
     182
     184
     191
     181
     167
     188
     173
     207
     182
     196
     175
     173
     146
     166
     172
     183
     195
     182
     186
     203
     193
     189
     171
     181
     189
     181
     160
     168
     190
     185
     180
     176
     168
     172
     180
     187
     184
     168
     182
     155
     162
     166
     171
     164
     151
     158
     175
     175
     180
     160
     197
     172
     164
     197
     168
     165
     160
     174
     171
     163
     190
     187
     186
     208
     157
     176
     186
     161
     159
     175
     170
     159
     167
     183
     173
     185
     169
     170
     185
     163
     178
     168
     179
     167
     162
     168
     172
     171
     177
     167
     155
     167
     185
     190
     183
     168
     182
     168
     176
     154
     186
     177
     162
     150
     165
     170
     174
     183
     156
     194
     186
     184
     164
     153
     159
     181
     172
     164
     175
     167
     167
     177
     152
     186
     156
     190
     167
     163
     159
     156
     161
     143
     198
     179
     159
     150
     145
     166
     145
     166
     173
     159
     190
     167
     161
     170
     135
     147
     171
     131
     162
     174
     157
     165
     166
     147
     158
     133
     169
     174
     170
     149
     173
     151
     181
     171
     158
     165
     163
     174
     170
     170
     178
     159
     151
     172
     155
     148
     178
     166
     175
     136
     165
     177
     170
     165
     159
     161
     164
     146
     176
     149
     146
     155
     166
     138
     165
     184
     158
     156
     171
     182
     172
     148
     137
     164
     170
     159
     173
     167
     141
     161
     162
     148
     171
     173
     181
     179
     179
     165
     166
     161
     160
     165
     194
     159
     176
     160
     156
     161
     169
     137
     160
     158
     156
     158
     142
     147
     155
     174
     141
     167
     170
     187
     140
     162
     152
     175
     149
     169
     136
     133
     171
     161
     177
     161
     153
     132
     150
     173
     177
     158
     153
     153
     146
     153
     151
     142
     156
     148
     151
     157
     152
     167
     170
     153
     155
     174
     158
     149
     169
     173
     163
     153
     174
     167
     148
     168
     143
     145
     144
     154
     146
     147
     119
     154
     165
     145
     158
     147
     155
     168
     136
     159
     171
     160
     180
     157
     156
     152
     134
     156
     168
     154
     165
     150
     129
     167
     143
     157
     133
     155
     151
     144
     161
     138
     155
     147
     163
     172
     148
     175
     167
     135
     144
     149
     187
     158
     170
     140
     165
     162
     150
     166
     164
     155
     163
     143
     152
     153
     156
     182
     151
     130
     180
     143
     132
     171
     160
     143
     144
     142
     156
     159
     160
     142
     158
     146
     152
     152
     154
     163
     145
     166
     137
     155
     161
     162
     155
     152
     166
     169
     183
     139
     158
     148
     143
     134
     196
     139
     151
     133
     149
     153
     151
     142
     168
     138
     148
     150
     163
     166
     165
     170
     157
     131
     135
     148
     158
     164
     146
     146
     140
     160
     145
     125
     138
     173
     183
     147
     156
     140
     146
     151
     149
     136
     138
     169
     151
     142
     144
     147
     148
     141
     152
     140
     157
     158
     163
     150
     157
     156
     146
     143
     166
     144
     150
     151
     143
     153
     129
     147
     159
     150
     136
     169
     158
     147
     141
     142
     143
     128
     133
     119
     149
     142
     157
     133
     156
     138
     163
     138
     126
     135
     147
     127
     151
     145
     123
     159
     155
     143
     167
     159
     147
     146
     147
     155
     156
     140
     158
     158
     150
     176
     142
     140
     148
     130
     126
     173
     161
     117
     161
     151
     160
     174
     127
     171
     183
     156
     156
     164
     148
     142
     147
     143
     147
     160
     140
     131
     150
     160
     170
     144
     154
     154
     141
     168
     142
     167
     128
     127
     141
     153
     135
     144
     137
     145
     129
     142
     143
     157
     142
     134
     132
     147
     121
     146
     145
     135
     124
     143
     158
     134
     147
     138
     140
     155
     127
     154
     163
     148
     153
     148
     142
     159
     124
     154
     149
     151
     154
     167
     154
     151
     131
     146
     145
     121
     152
     134
     159
     149
     160
     132
     142
     151
     132
     158
     142
     138
     144
     138
     123
     154
     128
     153
     158
     118
     133
     157
     138
     144
     149
     140
     133
     148
     184
     144
     137
     156
     128
     143
     137
     130
     144
     142
     132
     141
     126
     138
     141
     131
     129
     113
     138
     139
     145
     146
     135
     129
     146
     144
     136
     147
     156
     138
     136
     141
     146
     125
     144
     164
     148
     139
     137
     138
     143
     117
     117
     127
     136
     149
     132
     132
     144
     129
     152
     140
     140
     147
     124
     139
     147
     146
     133
     140
     116
     156
     140
     167
     149
     152
     140
     144
     156
     142
     178
     136
     138
     143
     141
     117
     125
     131
     151
     136
     152
     141
     157
     161
     135
     140
     133
     142
     134
     141
     123
     150
     162
     139
     144
     136
     143
     153
     161
     133
     140
     130
     147
     141
     154
     141
     136
     118
     130
     132
     145
     127
     134
     162
     163
     138
     138
     152
     153
     137
     126
     147
     120
     142
     145
     126
     137
     148
     133
     138
     127
     146
     131
     150
     138
     132
     132
     133
     157
     163
     144
     157
     137
     136
     163
     124
     138
     132
     135
     150
     147
     144
     132
     137
     129
     112
     146
     154
     139
     137
     142
     134
     151
     131
     163
     151
     140
     139
     144
     136
     128
     122
     133
     148
     136
     148
     170
     149
     134
     139
     133
     132
     147
     144
     127
     128
     139
     127
     145
     148
     139
     117
     138
     149
     149
     149
     155
     148
     136
     127
     137
     135
     147
     120
     144
     153
     146
     138
     133
     150
     147
     151
     135
     129
     151
     148
     180
     144
     135
     135
     156
     155
     134
     161
     145
     169
     182
     182
     152
     146
     160
     173
     152
     157
     162
     175
     154
     138
     159
     184
     199
     184
     200
     183
     224
     176
     225
     197
     211
     241
     248
     266
     259
     278
     256
     300
     323
     325
     355
     333
     376
     392
     418
     430
     453
     458
     499
     491
     546
     553
     567
     574
     614
     671
     628
     741
     708
     757
     766
     774
     910
     874
     934
     955
    1013
    1089
    1121
    1136
    1201
    1232
    1309
    1390
    1471
    1438
    1550
    1701
    1673
    1839
    1925
    2007
    2157
    2309
    2415
    2556
    2665
    2887
    3101
    3313
    3397
    3741
    3830
    4106
    4292
    4625
    4943
    5118
    5534
    5768
    6120
    6325
    6612
    6858
    7213
    7314
    7866
    7996
    8500
    8737
    8818
    9042
    9266
    9586
    9812
    9962
   10025
   10090
   10393
   10455
   10362
   10533
   10485
   10648
   10483
   10306
   10376
   10387
   10318
   10002
    9866
    9712
    9458
    9428
    9126
    8857
    8544
    8357
    8136
    7888
    7538
    7390
    6965
    6690
    6365
    6200
    5964
    5503
    5265
    5056
    4843
    4632
    4377
    4165
    3928
    3709
    3588
    3287
    3140
    2895
    2729
    2620
    2356
    2342
    2189
    2018
    1886
    1826
    1716
    1566
    1468
    1384
    1284
    1246
    1165
    1024
     977
     988
     863
     839
     777
     692
     674
     589
     613
     542
     534
     480
     476
     429
     429
     391
     383
     336
     304
     282
     277
     246
     226
     215
     233
     195
     205
     178
     188
     173
     155
     138
     152
     124
     144
     129
     113
     142
     115
     120
     105
     112
     114
      92
     102
     113
      85
      93
      97
      99
      74
     106
      74
      95
     105
      93
      79
      91
      96
      77
     103
      98
      76
      65
      94
      80
      66
      73
      71
      79
     102
      62
      75
      64
      66
      81
      77
      72
      88
      77
      81
      81
      85
      67
      75
      71
      89
      84
      77
      78
      72
      84
      78
      57
      81
      82
      88
     105
      83
      83
      89
      70
      73
      88
      83
      77
      76
      83
      77
      66
      84
      73
      88
      75
      73
      66
      73
      83
      72
      89
      81
      62
      97
      79
      65
      93
      67
      61
      76
      67
      83
      75
      72
      91
      88
      79
      59
      69
      92
      64
      66
      70
      77
      75
      61
      78
      85
      81
      88
      68
      82
      82
      78
      75
      93
      70
      83
      81
      76
      81
      79
      64
      74
      80
      71
      71
      72
      74
      90
      78
      74
      73
      92
      93
      75
      78
      90
      62
      78
      80
      70
      52
      73
      69
      87
      66
      75
      75
      73
      76
      79
      72
      71
      73
      75
      82
      84
      83
      67
      76
      68
      86
      81
      70
      69
      65
      79
      73
      64
      86
      69
      86
      73
      71
      61
      74
      84
      97
      70
      68
      73
      64
      80
      96
      70
      77
      65
      77
      64
      85
      97
      77
      68
      80
      88
      83
      66
      89
      59
      77
      85
      84
      93
      71
      75
      67
      80
      81
      74
      55
      69
      70
      66
      81
      78
      75
      76
      65
      90
      67
      61
      71
      59
      78
      63
      83
      81
      72
      73
      74
      74
      77
      82
      76
      88
      86
      72
      83
      76
      70
      72
      75
      74
      75
      58
      79
      71
      90
      65
      52
      89
      92
      92
      77
      75
      73
      62
      57
      72
      84
      82
      56
      65
      72
      78
      65
      79
      67
      59
      75
      75
      73
      87
      70
      77
      75
      71
      82
      70
      70
      74
      68
      64
      73
      68
      71
      75
      62
      74
      64
      75
      69
      76
      88
      73
      72
      92
      87
      78
      73
      89
      81
      68
      93
      72
      71
      63
      73
      76
      71
      80
      70
      81
      68
      80
      68
      66
      78
      71
      78
      57
      71
      97
      82
      63
      82
      82
      61
      76
      77
      69
      67
      76
      68
      69
      87
      70
      73
      69
      95
      63
      71
      67
      73
      70
      67
      63
      73
      82
      82
      76
      90
      65
      68
      77
      67
      75
      63
      75
      58
      62
      68
      68
      71
      70
      69
      72
      80
      72
      70
      61
      68
      72
      63
      69
      74
      61
      88
      73
      78
      69
      68
      48
      73
      75
      62
      70
      88
      77
      63
      76
      64
      70
      77
      77
      87
      77
      78
      65
      61
      84
      69
      66
      71
      69
      63
      64
      70
      83
      84
      78
      86
      88
      74
      68
      78
      56
      73
      70
      66
      74
      76
      83
      72
      83
      74
      73
      66
      56
      78
      73
      74
      80
      67
      68
      62
      78
      90
      80
      77
      75
      74
      66
      90
      74
      80
      70
      89
      54
      74
      73
      83
      74
      63
      75
      77
      75
      56
      76
      80
      76
      77
      60
      64
      98
      64
      56
      86
      79
      76
      69
      99
      83
      72
      82
      68
      79
      77
      67
      65
      62
      89
      93
      59
      73
      73
      75
      63
      59
      89
      84
      63
      74
      73
      76
      86
      69
      58
      75
      72
      65
      71
      72
      71
      72
     101
      80
      76
      77
      69
      79
      69
      71
      78
      54
      77
      73
      79
      79
      80
      70
      75
      71
      82
      58
      86
      79
      73
      72
      72
      75
      68
      64
      81
      85
      87
      88
      67
      74
      55
      80
      80
      71
      58
      72
      76
      73
      86
      84
      50
      54
      54
      71
      84
      67
      72
      72
      71
      63
      72
      80
      72
      75
      69
      77
      66
      78
      68
      66
      78
      84
      87
      75
      57
      66
      74
      66
      66
      75
      75
      84
      64
      74
      87
      73
      69
      89
      75
      67
      63
      91
      71
      62
      73
      74
      70
      74
      62
      65
      68
      66
      64
      80
      68
      55
      63
      74
      77
      63
      68
      87
      74
      77
      74
      74
      91
      60
      87
      79
      63
      77
      66
      87
      76
      73
      62
      69
      65
      66
      69
      76
      82
      65
      70
      80
      62
      76
      64
      73
      74
      86
      68
      69
      83
      80
      72
      78
      60
      69
      63
      73
      80
      73
      70
      87
      93
      69
      91
      85
      74
      77
      53
      72
      59
      73
      63
      83
      61
      73
      66
      73
      67
      60
      79
      68
      61
      77
      68
      68
      66
      77
      71
      89
      74
      84
      67
      72
      68
      79
      72
      69
      87
      78
      69
      80
      65
      62
      61
      66
      82
      74
      64
      76
      73
      80
      80
      74
      66
      81
      63
      67
      75
      73
      80
      86
      74
      71
      70
      67
      71
      75
      94
      63
      81
      72
      66
      70
      73
      71
      68
      68
      65
      79
      62
      91
      97
      60
      71
      75
      77
      70
      71
      88
      58
      63
      72
      74
      64
      78
      67
      84
      78
      86
      71
      63
      72
      87
      59
      83
      66
      67
      71
      58
      76
      64
      69
      71
      74
      76
      70
      74
      79
      62
      70
      76
      73
      67
      84
      74
      65
      76
      78
      55
      60
      63
      73
      91
      61
      74
      58
      74
      71
      80
      65
      91
      75
      55
      69
      78
      82
      67
      67
      79
      83
      75
      67
      75
      66
      64
      88
      60
      67
      76
      65
      81
      90
      70
      66
      88
      74
      79
      87
      72
      94
      68
      65
      80
      77
      65
      77
      80
      66
      66
      68
      88
      69
      87
      58
      85
      68
      80
      73
      71
      81
      76
      63
      69
      59
      62
      62
      82
      68
      71
      72
      70
      70
      73
      85
      71
      74
      66
      71
      67
      70
      77
      66
      80
      95
      64
      69
      72
      70
      78
      81
      73
      78
      63
      87
      74
      69
      62
      89
      69
      81
      58
      65
      77
      92
      70
      84
      80
      73
      61
      76
      72
      73
      70
      66
      78
      81
      61
      83
      63
      62
      58
      79
      63
      77
      67
      65
      62
      69
      68
      61
      80
      71
      74
      80
      75
      63
      71
      78
      68
      67
      73
      63
      68
      53
      63
      73
      74
      74
      87
      62
      72
      84
      60
      79
      57
      68
      73
      68
      56
      64
      67
      65
      65
      65
      67
      63
      61
      74
      61
      79
      61
      64
      66
      78
      80
      58
      60
      79
      90
      84
      70
      70
      81
      70
      55
      70
      78
      72
      79
      76
      77
      81
      61
      80
      66
      66
      62
      76
      78
      67
      75
      64
      55
      68
      79
      86
      70
      54
      79
      64
      74
      82
      70
      70
      83
      68
      68
      57
      74
      74
      76
      58
      78
      75
      64
      86
      79
      68
      59
      58
      60
      68
      60
      72
      64
      72
      61
      58
      65
      72
      72
      61
      66
      75
      75
      63
      82
      62
      58
      62
      63
      65
      66
      71
      90
      60
      80
      67
      73
      67
      69
      68
      60
      73
      68
      67
      91
      63
      70
      71
      65
      69
      60
      71
      63
      69
      74
      54
      68
      72
      80
      67
      67
      73
      66
      77
      75
      60
      68
      55
      62
      70
      64
      64
      72
      65
      54
      68
      71
      72
      74
      67
      83
      76
      88
      62
      77
      69
      70
      67
      78
      64
      60
      73
      75
      53
      83
      81
      72
      75
      72
      90
      70
      77
      75
      69
      85
      68
      67
      69
      62
      66
      79
      62
      68
      75
      79
      61
      73
      53
      67
      77
      70
      58
      71
      81
      80
      75
      68
      78
      70
      62
      83
      65
      57
      69
      67
      66
      72
      77
      63
      69
      74
      83
      63
      69
      56
      56
      69
      66
      65
      65
      75
      57
      68
      82
      57
      64
      83
      74
      74
      76
      66
      75
      68
      85
      74
      74
      53
      70
      83
      74
      65
      77
      66
      77
      88
      55
      73
      67
      77
      75
      61
      59
      66
      87
      72
      72
      54
      58
      76
      72
      75
      77
      63
      71
      64
      75
      70
      56
      87
      70
      70
      63
      55
      68
      78
      61
      78
      73
      55
      75
      62
      69
      73
      66
      73
      72
      75
      70
      70
      71
      68
      71
      70
      66
      76
      57
      69
      88
      65
      79
      65
      70
      78
      74
      51
      74
      65
      61
      74
      70
      79
      71
      73
      76
      59
      70
      65
      65
      64
      69
      62
      82
      49
      78
      64
      75
      72
      55
      73
      83
      86
      68
      68
      71
      65
      63
      81
      75
      83
      61
      87
      61
      52
      73
      70
      78
      72
      78
      91
      82
      74
      64
      57
      76
      65
      68
      67
      55
      75
      74
      59
      71
      50
      72
      59
      73
      60
      76
      67
      75
      72
      65
      72
      65
      66
      72
      75
      75
      61
      63
      67
      67
      77
      69
      61
      79
      78
      57
      88
      87
      77
      67
      74
      77
      86
      66
      78
      65
      76
      72
      62
      78
      65
      71
      59
      70
      67
      72
      80
      79
      70
      77
      80
      71
      60
      70
      68
      60
      68
      76
      61
      50
      83
      86
      88
      62
      66
      58
      61
      70
      64
      68
      66
      67
      85
      67
      71
      71
      61
      73
      76
      63
      65
      82
      73
      83
      68
      68
      61
      62
      73
      83
      62
      71
      71
      83
      58
      60
      70
      65
      67
      73
      77
      55
      68
      59
      75
      61
      84
      67
      77
      66
      68
      76
      64
      67
      66
      82
      68
      59
      85
      75
      84
      60
      73
      63
      74
      66
      75
      88
      70
      49
      64
      75
      84
      75
      65
      62
      66
      71
      74
      67
      66
      81
      88
      75
      82
      59
      68
      52
      81
      67
      71
      63
      66
      74
      63
      85
      68
      64
      69
      67
      79
      71
      66
      75
      71
      65
      82
      70
      74
      66
      78
      72
      64
      64
      69
      70
      83
      82
      74
      63
      88
      66
      67
      70
      75
      75
      77
      72
      93
      71
      72
      91
      65
      70
      80
      75
      77
      73
      64
      68
      50
      75
      61
      75
      74
      89
      87
      77
      72
      82
      78
      71
      68
      63
      63
      80
      82
      62
      65
     101
      66
      77
      74
      71
      68
      82
      73
      68
      73
      74
      67
      87
      85
      84
      87
      75
      74
      65
      86
      79
      67
      75
      62
      67
      68
      67
      56
      78
      80
      84
      82
      85
      73
      70
      90
      74
      77
      83
      96
      62
      75
      68
      88
      74
      68
      77
      57
      86
      66
      70
      82
      68
      76
      69
      77
      69
      68
      78
      78
      69
      66
      79
      75
      69
      62
      66
      68
      68
      61
      64
      64
      70
      69
      79
      67
      71
      65
      75
      57
      72
      53
      70
      72
      75
      98
      67
      86
      68
      82
      56
      65
      63
      81
      69
      67
      50
      67
      66
      74
      62
      91
      83
      69
      77
      74
      80
      65
      80
      58
      62
      68
      63
      76
      72
      58
      76
      60
      87
      72
      86
      65
      76
      67
      74
      74
      81
      78
      70
      71
      70
      74
      63
      62
      82
      79
      58
      70
      64
      66
      83
      76
      96
      89
      85
      86
      83
      77
      79
      64
      59
      81
      67
      81
      65
      87
      76
      69
      68
      61
      80
      59
      71
      60
      69
      61
      79
      67
      79
      67
      78
      61
      77
      65
      77
      65
      69
      69
      62
      65
      55
      63
      77
      82
      77
      65
      65
      82
      76
      71
      70
      70
      66
      78
      75
      75
      83
      62
      71
      76
      73
      89
      70
      87
      68
      79
      66
      74
      69
      74
      70
      70
      73
      74
      78
      78
      81
      90
      72
      79
      67
      69
      73
      80
      75
      75
      62
      72
      66
      75
      63
      54
      77
      87
      90
      77
      57
      62
      80
      70
      66
      71
      66
      72
      60
      70
      83
      67
      70
      77
      63
      78
      71
      75
      72
      66
      67
      77
      54
      87
      86
      77
      64
      79
      84
      55
      68
      69
      75
      75
      72
      60
      66
      75
      62
      82
      63
      67
      70
      81
      72
      70
      72
      78
      52
      70
      80
      80
      61
      60
      73
      86
      81
      79
      83
      71
      78
      63
      72
      68
      63
      80
      76
      77
      74
      64
      72
      70
      67
      76
      72
      80
      89
      81
      71
      81
      70
      71
      69
      69
      58
      75
      65
      69
      82
      74
      62
      76
      69
      93
      76
      69
      80
      78
      85
      66
      83
      83
      77
      77
      76
      78
      79
      70
      66
      69
      62
      83
      81
      71
      78
      78
      73
      71
      73
      69
      68
      73
      76
      65
      74
      87
      63
      75
      73
      69
      73
      68
      81
      69
      91
      76
      74
      76
      79
      56
      71
      69
      68
      70
      72
      85
      68
      68
      71
      61
      74
      70
      66
      64
      79
      75
      83
      80
      64
      64
      78
      80
      73
      76
      76
      69
      67
      80
      58
      66
      75
      67
      73
      84
      56
      61
      62
      61
      68
      78
      80
      80
      98
      68
      66
      65
      79
      78
      78
      73
      58
      67
      80
      79
      73
      68
      80
      67
      65
      69
      87
      83
      74
      69
      61
      74
      78
      65
      66
      81
      79
      79
      76
      81
      69
      77
      78
      65
      72
      64
      73
      76
      73
      67
      79
      60
      79
      73
      78
      75
      85
      88
      72
      65
      74
      76
      83
      72
      61
      70
      84
      76
      70
      73
      63
      72
      80
      63
      90
      63
      69
      75
      78
      65
      72
      70
      70
      61
      60
      76
      57
      76
      57
      76
      72
      81
      74
      61
      72
      59
      62
      61
      75
      75
      85
      69
      65
      57
      57
      64
      71
      76
      77
      79
      72
      90
      64
      67
      73
      62
      84
      61
      86
      69
      82
      84
      67
      71
      78
      61
      85
      80
      79
      76
      72
      79
      71
      70
      76
      81
      74
      52
      63
      74
      63
      77
      86
      81
      85
      74
      79
      68
      92
      74
      85
      68
      75
      64
      89
      71
      72
      65
      72
      63
      63
      65
      74
      90
      80
      78
      66
      74
      70
      69
      78
      59
      75
      88
      66
      83
      82
      77
      70
      61
      84
      78
      74
      82
      65
      75
      66
      74
      66
      81
      66
      80
      71
      75
      69
      76
      68
      75
      76
      77
      66
      69
      60
      66
      65
      74
      77
      77
      83
      83
      82
      75
      71
      82
      82
      76
      77
      79
      77
      93
      71
      65
      61
      85
      75
      79
      78
      86
      79
      84
      71
      74
      64
      65
      67
      72
      75
      86
      70
      69
      70
      87
      70
      73
      84
      62
      71
      68
      61
      75
      74
      86
      87
      72
      76
      70
      76
      64
      68
      76
      88
      79
      85
      69
      69
      77
      73
      83
      80
      64
      76
      77
      71
      75
      76
      65
      82
      83
      91
      67
      69
      72
      68
      71
      80
      88
      71
      67
      64
      67
      70
      87
      68
      68
      89
      84
      80
      86
      77
      72
      67
      78
      78
      85
      70
      77
      83
      82
      78
      79
      65
      89
      77
      78
      70
      82
      85
      84
      65
      77
      81
      68
      76
      74
      60
      65
      66
      75
      71
      78
      85
      83
      77
      67
      80
      82
      73
      80
      81
      87
      71
      62
      71
      70
      81
      75
      97
      92
      85
      88
      82
      77
      77
      67
      89
      63
      79
      73
      76
      77
      68
      98
      77
      81
      68
      73
      82
      84
      91
      76
      79
      72
      85
      75
      85
      78
      73
      76
      71
      73
      81
      85
      68
      79
      63
      63
      69
      70
      67
      58
      77
      60
      62
      82
      79
      81
      80
      72
      87
      79
      77
      89
      62
      75
      77
      62
      76
      79
      73
      71
      80
      84
      77
      63
      76
      81
      62
      80
      64
      71
      57
      77
      62
      79
      83
      86
      89
      62
      66
      79
      68
      85
      73
      77
      70
      58
      67
      79
      71
      78
      89
      70
      74
      70
      74
      74
      65
      81
      91
      78
      75
      74
      81
      71
      76
      79
      87
      90
      78
      71
      91
      76
      74
      75
      73
      82
      68
      67
      92
      73
      78
      68
      82
      88
      89
      72
      57
      87
      87
      83
      79
      90
      69
      53
      74
      64
      78
      59
      73
      75
      72
      66
      70
      78
      87
      63
      93
      86
      79
      76
      81
      86
      62
      77
      80
      65
      85
      99
      93
      62
      81
      68
      69
      71
      72
      61
      57
      90
      69
      71
      64
      96
      76
      73
      73
      89
      73
      88
      67
      71
      70
      75
      72
      68
      85
      90
      63
      68
      79
      78
      78
      69
      98
      65
      77
      66
      65
      65
      78
      64
      97
      61
      67
      74
      84
      68
      84
      74
      94
      84
      73
      80
      85
      87
      78
      72
      64
      80
      82
      82
      97
      74
      94
      72
      78
      79
      68
      79
      86
      66
      67
      74
      67
      73
      76
      82
      88
      81
      80
      91
      86
      67
      74
      65
      84
      84
      72
      81
      77
      71
      88
      91
      74
      79
      78
      75
      78
      77
      85
      65
      69
      70
      80
      64
      65
      77
      80
      76
      74
      74
      66
      63
      67
      91
      66
      62
      75
      78
      64
      81
     110
      80
      77
      78
      72
      86
      81
      79
      83
      80
      72
      75
      61
      72
      93
      65
      78
      77
      68
      80
      62
      90
      83
      89
      69
      87
      80
      97
      82
      80
      75
      71
      69
      72
      80
      80
      86
      97
      80
      71
      73
      72
      73
      88
      81
      78
      72
      71
      76
      64
      86
      76
      69
      66
      71
      71
      68
      61
      72
      87
      84
      61
      82
      90
      76
      77
      88
      73
      58
      69
      81
      69
      59
      87
      85
      65
      89
      96
      77
      78
      69
      82
      79
      76
      92
      84
      80
      93
      73
      97
      83
      92
      98
      83
      87
      76
      76
      65
      85
      81
      72
      84
      71
      83
      73
      82
      66
      82
      74
      71
      60
      76
      74
      81
      77
      71
      83
      72
      72
      78
      77
      83
      76
      78
      75
      71
      80
      88
      78
      72
      75
      64
      56
      77
      59
      82
      80
      73
      66
      76
      71
      64
      90
      82
      77
      86
      82
      87
      69
      78
      85
      84
      78
      67
      57
      70
      76
      71
      69
      90
      90
      78
      61
      90
      84
      66
      70
      79
      67
      67
      64
      82
      85
      77
      75
      74
      71
      74
      83
      74
      87
      69
      83
      73
      75
      72
      69
      60
      81
      76
      77
      83
      80
      74
      85
      69
      73
      91
      82
      84
      79
      76
      67
      78
      80
      80
     102
      70
      80
      87
      75
      76
      89
      81
      84
      65
      90
      74
      83
      78
      88
      84
      77
      75
      73
      87
      85
      85
      76
      78
      68
      76
      84
      70
      81
      88
      83
      79
      89
      84
      83
      91
      94
      74
      89
      93
      83
      73
      66
      74
      67
      78
      88
      75
      88
      72
      69
      79
      69
      97
      72
      80
      75
      76
      91
      87
      70
      92
      86
      71
      83
      86
      96
      75
      91
      75
      79
      80
      81
      85
      78
      93
      90
      74
      85
      83
      74
      72
      94
      87
      80
      87
      72
      65
      82
      85
      78
      65
      77
      67
      65
      72
      65
      66
      84
      79
      86
      61
      83
      74
      81
      79
      78
      93
      88
      79
      82
      92
      76
      89
      88
      70
      79
      93
      73
      81
      79
      82
      63
      71
      83
      76
      71
      76
      70
      86
      74
      81
      76
      68
      74
      75
      71
      90
      80
     105
      68
      88
      86
      82
      78
      71
      96
      89
      72
      73
      72
      80
      71
      76
      86
      83
      74
      82
      91
      75
      66
      80
      71
      73
      87
      66
      78
      64
      88
      76
      79
      79
      79
      88
      91
      83
      78
      87
      86
      78
      78
      91
      61
      80
      76
      81
      81
      76
      75
      63
      85
      78
      73
      88
      78
      87
      81
      70
      81
      73
      78
      69
      74
      87
      67
      96
      88
      85
      81
      66
      76
      82
      65
      86
      83
      94
      79
      87
      69
      94
      84
      79
      74
      76
      81
      72
      87
      76
      80
      86
      79
      89
      77
      91
      83
      67
      66
      83
      84
      87
      69
      83
      70
      71
      64
      73
      76
      77
      87
      81
      77
      76
      80
      72
      70
      89
     103
      84
      78
      82
      75
      77
      87
      71
      81
      78
      87
      63
      86
      78
      70
      72
      85
      81
      74
      71
      87
      85
      83
      95
      77
      92
      92
      73
      85
      86
      93
      85
      82
      79
      75
      92
      77
      83
      82
      83
      96
      70
      64
      92
      87
      88
      89
      88
      69
      67
      89
      85
      79
      63
      79
      85
      81
      65
      78
      83
      66
      74
      90
      84
      71
      93
      93
      85
      91
      82
      83
      77
      78
      81
      87
      94
      87
      78
      84
      91
      87
      85
      96
      95
      70
      87
      82
      82
      85
      93
      85
      79
      83
      76
      87
      74
      86
      82
      65
      78
      88
     100
      78
      80
      74
      76
      74
      82
      96
     105
      85
      93
      82
      96
      98
      84
      78
      94
      83
      77
      71
      80
      74
      97
      89
      71
     100
      85
      79
      89
      89
      90
      87
      78
      74
      93
      89
     101
      82
      66
      78
      79
      70
      90
      76
      79
    1305
    2529
    2525
    2532
    2564
    2455
    2445
    2563
    2528
    2560
    2419
    2498
    2468
    2478
    2577
    2474
    2535
    2507
    2548
    2520
    2502
    2582
    2508
    2506
    2444
    2493
    2486
    2500
    2499
    2542
    2538
    2531
    2510
    2482
    2439
    2496
    2434
    2529
    2558
    2555
    2450
    2460
    2495
    2505
    2440
    2446
    2489
    2509
    2502
    2523
    2500
    2444
    2497
    2496
    2449
    2511
    2539
    2521
    2439
    2478
    2486
    2386
    2391
    2531
    2515
    2489
    2497
    2535
    2457
    2433
    2554
    2401
    2499
    2502
    2353
    2465
    2355
    2450
    2494
    2422
    2462
    2378
    2383
    2492
    2468
    2474
    2434
    2461
    2531
    2403
    2439
    2454
    2417
    2510
    2447
    2507
    2385
    2441
    2461
    2406
    2479
    2396
    2370
    2449
    2405
    2406
    2422
    2360
    2373
    2381
    2331
    2411
    2479
    2472
    2429
    2411
    2463
    2337
    2419
    2414
    2362
    2429
    2370
    2417
    2433
    2473
    2420
    2472
    2371
    2428
    2475
    2421
    2428
    2487
    2338
    2513
    2507
    2416
    2402
    2433
    2411
    2432
    2380
    2408
    2412
    2458
    2402
    2409
    2395
    2374
    2367
    2407
    2428
    2399
    2396
    2384
    2397
    2320
    2449
    2445
    2379
    2372
    2327
    2307
    2470
    2368
    2381
    2354
    2369
    2411
    2330
    2308
    2351
    2416
    2378
    2414
    2445
    2319
    2295
    2335
    2331
    2336
    2422
    2343
    1186
$ROI:
5
349 399
960 988
992 1050
1491 1501
5157 5169
$PRESETS:
None
0
0
$ENER_FIT:
0.000000 0.107033
$MCA_CAL:
3
0.000000E+000 1.070331E-001 0.000000E+000 keV
$SHAPE_CAL:
3
0.000000E+000 0.000000E+000 0.000000E+000
