$SPEC_ID:
23cm counts
$SPEC_REM:
DET# 1
DETDESC# DLAB-PHY-L3-49 926 Right
AP# Maestro Version 7.01
$DATE_MEA:
10/28/2024 15:47:40
$MEAS_TIM:
649 823
$DATA:
0 8191
       0
       0
       0
       0
       0
       0
       0
       1
       0
       0
       0
       0
       0
       0
       0
       0
       0
       0
       0
       0
       0
       0
       0
       1
       2
       5
      14
      25
      39
      56
      74
      89
     111
     144
     238
     735
    2804
    6754
   12389
   17940
   21063
   22666
   22455
   21128
   18223
   16012
   13664
   11677
   10183
    9064
    7450
    6438
    5673
    4857
    4364
    3707
    3248
    2880
    2545
    2265
    1975
    1813
    1525
    1401
    1275
    1105
    1017
     915
     770
     768
     692
     653
     550
     501
     486
     448
     428
     374
     352
     359
     341
     308
     304
     279
     275
     246
     258
     267
     208
     216
     205
     218
     257
     196
     213
     196
     198
     191
     199
     221
     192
     197
     183
     194
     168
     193
     189
     173
     196
     195
     169
     184
     177
     198
     187
     200
     177
     171
     195
     177
     191
     163
     183
     165
     167
     162
     180
     173
     156
     145
     174
     167
     165
     166
     157
     158
     159
     149
     162
     188
     152
     146
     168
     166
     149
     179
     185
     153
     172
     149
     150
     161
     171
     149
     166
     141
     148
     131
     171
     167
     137
     139
     153
     176
     158
     154
     156
     152
     159
     163
     164
     162
     174
     153
     131
     152
     159
     151
     159
     149
     161
     185
     140
     144
     149
     153
     135
     135
     160
     170
     150
     161
     136
     154
     153
     140
     142
     132
     159
     137
     152
     140
     127
     144
     140
     144
     157
     133
     129
     131
     153
     151
     153
     154
     144
     148
     137
     164
     127
     168
     126
     122
     137
     136
     160
     137
     123
     114
     156
     148
     136
     115
     116
     134
     148
     150
     127
     132
     136
     140
     148
     127
     138
     134
     151
     139
     130
     155
     136
     134
     158
     145
     131
     130
     139
     145
     132
     135
     149
     126
     123
     124
     129
     139
     147
     133
     137
     124
     120
     142
     124
     147
     154
     123
     132
     114
     148
     131
     136
     125
     135
     113
     109
     150
     128
     148
     122
     130
     113
     126
     124
     148
     130
     120
     149
     130
     138
     118
     128
     142
     117
     119
     145
     136
     140
     130
     124
     128
     115
     122
     129
     113
     128
     139
     135
      93
     125
     114
     140
     137
     140
     138
     125
     123
     114
     142
     130
     126
     128
     124
     123
     117
     126
     124
     125
     116
     109
     133
     149
     105
     138
     117
     117
     112
     124
     130
     125
     124
     149
     114
     123
     101
     112
     141
     124
     125
     127
     129
     124
     136
     119
     134
     122
     131
     121
     118
     106
     117
     126
     122
     124
     111
     162
     119
     123
     116
     117
     151
     146
     137
     153
     146
     121
     106
     119
     135
     130
     136
     141
     135
     115
     114
     111
     141
     146
     125
     133
     116
     131
     128
     119
     129
     133
     118
     126
     124
     127
     142
     126
     119
     114
     132
     123
     138
     123
     106
     114
     133
     125
     121
     119
     132
     143
     108
     101
     133
     124
      99
     113
     137
     112
     132
     117
     116
     129
     130
     111
     102
      97
     138
     124
     105
     121
     122
     125
     128
     114
     130
     113
     121
     123
     139
     116
     122
     126
     104
     103
     121
     123
     113
     107
     127
     117
     101
     127
     114
     129
     126
     132
     133
     113
     139
     121
     119
     134
     118
     120
     116
     129
     132
     126
     128
     115
     113
     123
     103
     131
     117
     117
     110
     104
     126
     120
     120
     122
     115
     119
     119
     120
     123
     127
     116
     121
     120
     112
     133
     120
     108
     125
     122
     137
     120
     111
     129
     130
     126
     123
     123
     113
     117
     116
     135
     115
     123
     119
     116
     116
     118
     125
     117
     131
     106
     115
     123
     106
     135
     120
     114
      91
     109
     121
     128
     142
     122
     145
     114
     102
     119
     110
     131
     136
     112
     118
     136
     103
     117
     131
     113
     112
     113
     140
     122
     126
     123
     110
     128
     116
     107
     138
     131
     123
     112
     120
     125
     128
     105
     133
     114
     117
     114
     121
     109
     121
     122
     126
      94
     114
     111
     129
     129
     145
     121
     129
     115
     127
     133
     130
     120
     138
     123
     117
     130
     121
     123
     125
     124
     111
     135
     144
     122
     110
     121
     121
     114
     126
     126
     125
     116
     117
     121
     127
     133
     133
     135
     126
     143
     134
     156
     149
     125
     134
     127
     131
     137
     157
     130
     160
     160
     131
     141
     136
     173
     140
     142
     140
     167
     145
     147
     162
     158
     159
     153
     126
     167
     161
     138
     185
     167
     175
     169
     171
     139
     164
     162
     128
     176
     155
     145
     159
     162
     133
     152
     149
     167
     148
     158
     138
     162
     139
     144
     155
     137
     139
     148
     138
     133
     139
     128
     131
     132
     122
     118
     117
     118
     127
     130
     119
     132
     122
     121
     137
     104
     121
     117
     113
     117
     116
     132
     111
     131
     111
     129
     132
     120
     143
     126
     121
     133
     121
     118
     113
     116
     118
     115
     120
     122
     119
     125
     127
     116
     113
     128
     110
     113
     115
     110
     117
     139
     152
     139
     136
     120
     147
     149
     124
     132
     124
     138
     136
     129
     131
     146
     127
     129
     123
     128
     137
     120
     134
     152
     131
     139
     116
     132
     123
     134
     132
     128
     105
     142
     134
     135
     117
     123
     117
     126
     129
     113
     123
     115
     142
     141
     122
     125
     123
     125
     121
     131
     103
     126
     118
     103
     124
     122
     116
     120
     118
     117
     132
     134
     124
     127
     119
     126
     108
     136
     117
     114
     108
     123
     111
     110
     125
     115
      97
     105
     102
     104
     102
     107
      98
      99
     123
      91
     107
     128
     105
     101
     115
     116
     111
     115
     115
      93
     115
     124
     116
     110
     101
     106
     110
     126
     103
     112
     122
     124
     115
     112
     115
     146
     117
     125
     106
     118
     103
     110
      98
      99
     120
     114
     110
     116
     130
     119
     114
     103
     108
     100
     109
     137
      98
      95
     106
     102
     109
     126
     119
     122
      99
      98
     118
     113
     101
     109
     120
     105
     121
     114
     127
     109
     107
     105
     103
     110
      95
     111
     127
     107
     111
     124
     133
     106
     106
     116
     125
     110
     119
     134
     123
     102
     107
     116
      86
     115
     116
      96
     106
     103
     126
     122
     111
     111
     112
     109
     120
     101
     104
     112
     105
     117
      95
     101
     119
     104
     135
     121
     113
     103
     118
     106
      86
     117
     118
     124
     121
      81
      92
     106
     102
     117
     105
     100
     114
     117
     102
     113
      97
     113
     110
     110
      99
     116
     107
     118
     100
     121
     112
      90
     118
     116
      91
     122
     126
     113
     111
     100
     129
     113
     100
     100
     110
      97
     124
     116
     124
     109
      97
     115
      90
     115
     110
     127
     109
      96
      97
      99
     105
     121
     100
     103
     125
     135
     103
     124
     100
     103
     104
     112
     109
     120
     131
     107
     115
     112
     103
     106
      98
     109
     120
     110
      97
     113
     115
      93
     103
     117
      92
     112
     109
     128
      96
     122
     113
      84
     100
     105
     128
      90
     104
     121
      99
      95
     125
     115
     115
     118
     117
      97
     100
     126
     102
     117
     114
     100
      93
     111
      98
     111
     104
     104
     116
      82
     124
     110
     118
      86
     102
     108
     121
     109
     121
     104
      86
      91
     103
      93
     104
      95
     124
     101
      93
      99
     110
     124
     102
     113
     107
      90
     104
     133
     115
     116
      90
     111
      96
     107
     107
     102
      98
     124
     101
      98
     132
      98
     100
     103
      99
     112
     114
      99
      99
     125
      96
     109
     103
     122
     104
     107
      93
     111
     101
      91
     102
      94
     125
      98
     118
      99
     129
     104
     122
     116
     116
     112
     113
     106
     100
      97
     101
     106
      97
     130
     110
     110
      86
     118
     112
     109
     110
     117
     105
     124
      95
     112
     115
     122
      98
     118
     105
     104
     111
     112
     108
     111
     106
      95
      99
     120
      98
     107
     111
     122
      98
      91
     116
     106
     132
     100
     100
      89
      99
      96
     111
     100
     102
     117
     109
     117
     110
      88
     102
     116
     109
      95
      95
     124
     107
     119
     106
     102
     121
     111
     119
     115
     107
     112
     102
     121
     104
     101
     132
     113
     113
     109
     100
     104
     106
     100
     109
     115
      93
     115
     110
     104
     112
     126
     107
     101
     111
      98
     115
     101
     121
     111
     108
     108
     118
      95
     101
     122
     105
     111
     117
      96
     118
     121
     101
      99
     100
     116
     103
     102
     112
     109
     109
      98
      97
     115
      95
     123
      96
     120
     104
     101
      91
     106
     135
     118
      87
      97
     102
     108
     107
      97
     103
     115
      91
      98
     100
     108
      93
     101
     116
      97
     101
      98
     108
      89
     116
     110
     115
     108
     113
     122
     111
     106
     131
      99
     115
      94
     102
     107
     120
     103
     105
     130
     131
     108
     109
     117
     105
     115
     113
     100
     104
     123
     102
      94
     109
     110
     117
     109
      98
     111
     108
     107
     113
      87
     111
     103
     111
      88
     110
     101
      87
     101
     102
     116
      93
      97
     104
      91
     106
      92
     117
     109
      95
     121
     112
     107
     109
     114
     101
      87
     106
      93
     101
     101
     108
     114
      99
     107
      86
      89
      93
     110
     101
      94
      98
     112
     110
      86
     115
     122
     103
     126
     102
     105
     107
     105
     109
     105
      98
     110
     103
      99
     106
      99
      98
     104
     110
      87
     103
      89
     112
     116
      96
     106
      99
     112
      96
     114
     103
     121
      93
     107
     101
      92
     104
     118
     121
     114
      86
     108
      99
     103
     107
      94
     116
      99
     103
      85
     108
      95
     110
     117
     111
     106
     101
     111
      85
      94
     113
     106
     125
     108
     108
      91
     108
      91
     136
     108
      84
     101
      96
     106
     102
     116
     117
     115
     118
      98
     126
     126
     105
      90
      96
     104
     111
     124
      98
     123
     114
     120
      99
     101
     108
     101
     112
     101
     106
      98
     105
     104
     113
      96
     109
     116
      96
      83
     111
      93
     102
      94
     122
     108
     110
     125
     103
     106
     123
     125
     111
     111
      82
     121
     107
      99
     116
     108
     126
     116
     110
      88
     109
     110
      97
     115
     104
     107
     109
      94
     120
     120
     105
     134
     100
      97
      95
     116
      95
      98
     117
     105
     100
     123
     129
      93
     102
     117
     121
     135
     114
     129
     101
     106
      98
     128
     130
     119
      99
     114
     117
     108
     116
      92
     116
     109
     114
      99
     116
     102
     111
     102
     118
     127
     145
     120
     129
     114
     123
     129
     103
     113
     106
     132
     112
     125
     120
     105
     108
     121
     105
     108
     122
      94
     138
     121
     133
     132
     123
     121
     132
     120
     123
     111
     140
     141
     140
     109
     116
     104
     120
     132
     109
     135
     127
     121
     119
     115
     107
     113
     129
     156
     110
     122
     116
     112
     109
     108
     121
     119
     130
     121
     119
     126
     116
     122
     120
     116
     114
     122
     118
     100
     143
     127
     122
     125
     116
     109
     128
     116
     105
     123
     102
     117
     103
     117
     121
     107
     104
     114
     128
     123
     132
     120
     114
     117
     108
     125
     124
     101
     123
     112
     111
     113
     109
     118
     113
     115
     119
     130
     119
     113
     112
     121
     115
     120
     119
     115
     110
     119
     109
     117
     125
     121
     100
     112
     120
     112
     139
     105
     122
     116
     114
     107
     116
     113
     126
     114
     130
     123
     117
     109
     106
     110
     110
     109
     133
     101
     116
     113
     121
     118
     113
     112
     132
     107
     102
     123
     131
     112
     119
     117
     111
     133
     112
     104
     126
     130
     110
     108
     130
     137
     130
     139
     112
     112
     125
     100
     123
     106
     120
     122
     113
     116
     112
      98
     130
     118
     116
     104
     127
     115
     107
     107
     108
     109
     122
     122
     130
     119
     128
      99
     120
     120
     127
     101
     136
     126
     105
     123
     110
     116
      98
     107
      89
     106
     110
     125
     106
     115
     127
     114
     104
      90
     113
     106
     120
     110
     129
     104
     111
     114
     105
     116
     101
     111
     134
     117
     120
      91
      98
     113
     109
     111
     123
     104
     112
     129
     137
     101
     113
     104
     100
     109
     104
     126
      99
     128
     113
     102
      99
     109
     124
     117
     118
     104
     125
     107
      99
      93
     133
     117
     114
     112
     101
     124
     119
      88
     116
     117
     120
     124
     101
     104
     101
     112
      98
     123
      96
     123
      97
     107
     120
     104
     120
      96
     104
     112
     121
     110
     113
     108
     103
     120
     104
     104
     117
      99
      96
     114
     117
     108
     113
     128
     109
     113
     111
      99
     124
     113
     109
     111
     117
     121
     123
     104
     104
     107
     118
     115
     112
     104
     115
      98
     107
     126
      94
      84
     121
     115
     113
     105
      92
     108
     106
      90
     133
     107
     132
     101
     113
     110
     121
      98
     102
      95
     139
     109
     122
     106
     108
      86
     115
     126
     111
     118
     120
     104
     114
     126
     108
     120
     101
     112
      93
     123
     113
     115
     107
     124
     116
      99
      97
     111
     121
     129
     107
     132
     104
     111
     111
     126
     109
     119
     122
     121
     109
     130
     103
     101
     117
     111
     117
      98
     129
     111
     120
     114
     110
     100
     132
     107
     104
     116
     124
      98
     101
     135
     107
     119
     124
     133
     114
      94
     115
      98
     110
     110
     118
     135
     104
     115
     110
     107
     127
     100
     124
     117
      92
     110
     108
     124
     101
     115
     124
     114
     113
     114
     117
     110
     117
     114
      99
     118
     124
     107
      95
     126
     120
     110
     132
      97
     137
     130
     112
     101
     103
     110
     118
     121
     119
     136
      98
     100
     102
     121
     126
     110
     115
     118
     117
     116
     114
      97
     116
     123
     127
     120
     104
     113
     122
     128
     128
     112
     108
     122
      94
     107
      95
     122
     116
     127
     118
     100
     127
      79
      91
     117
     129
      98
     101
     123
     118
     142
     126
     105
     103
     105
     119
     100
     115
     101
     116
     109
     125
      96
     120
     113
     114
     107
     125
      96
      98
     115
     116
     117
     126
     113
     125
     119
     117
     107
     123
     120
     129
     107
     125
     106
     118
     103
     129
     128
     112
     116
      94
     134
     102
     102
     117
     109
     122
     108
     118
     111
     101
     112
     121
     120
      95
     103
     127
     113
     117
     104
     101
     106
     120
     119
     113
     112
     114
     108
     113
     118
     112
     107
     131
     104
     100
     100
     123
     112
     139
      89
     121
     119
     128
     107
     129
     100
     109
     103
     109
     108
     101
     107
     125
      99
     100
     112
     109
     108
      99
     116
     117
     141
     120
     115
     121
     111
     110
     114
      93
     113
     138
     134
     124
     110
     104
     109
      99
     125
     117
     151
     124
     104
     126
     103
     110
     107
     115
      95
     108
      99
     107
     107
     115
     112
     104
      93
     100
      94
      95
     119
     103
     130
     108
     103
      91
      97
     127
      98
     110
     107
     122
     132
     110
     138
     109
     136
     114
     103
     108
     115
     123
     109
     124
     119
     117
     110
     100
     112
     117
     112
     115
     124
     114
     126
      92
     108
     103
     109
     113
     105
     141
     135
     106
     109
      97
      89
      96
      99
     107
     111
     101
      90
     115
     121
     102
     116
     130
      94
     129
     135
      95
     107
     107
     123
     101
     106
     125
     114
     111
     125
     141
     101
     124
     118
     106
     126
     104
     101
     130
      98
      99
     117
     121
      92
     106
     126
     116
     108
     116
     115
     114
     128
     119
     110
      90
     106
     126
     114
     102
     111
     109
     108
     113
     104
     106
     111
     108
     109
     117
     117
     132
      90
     118
     111
     114
      98
     105
     119
     112
     109
     127
     113
     108
     116
     102
     138
     113
      87
     122
     123
     105
     114
     106
      93
     114
     108
     128
     119
     122
      96
      94
     118
     116
      99
     119
     100
     101
     118
     118
     117
     119
     137
     102
     125
     106
     117
     102
     109
     113
     110
      92
     111
      94
     103
      97
     106
     116
      94
     109
     115
     104
     106
     127
     105
     111
     123
     123
     129
     106
     113
     129
     104
     106
     105
     107
     106
     111
     109
     112
     107
     120
      92
      98
     106
     109
     128
     116
     113
     140
      89
     106
     110
      96
     112
     126
     141
      94
     114
     124
     100
     104
     106
     118
     139
     105
     126
     109
     127
     101
     121
      97
      97
     116
     117
     109
     109
      81
     107
     102
     112
     115
     118
     107
     109
     109
     126
     118
     102
     112
     103
     106
     118
      82
     127
     110
     118
     118
     114
     108
     121
     106
     122
     123
     127
     118
     107
     101
     119
     109
     112
     117
      97
     118
      94
     103
     106
     126
     116
     107
     116
     124
     121
     118
     135
     138
     105
     117
     111
     114
      91
     110
      94
     115
     118
     126
     121
     122
     100
     107
     107
     122
     112
     105
     108
     110
     109
     120
     117
     123
     113
     117
     131
     107
     105
     111
     113
     103
     109
     116
     120
     113
     115
     136
     118
     112
     129
     128
     107
     116
     133
     107
     116
     102
     121
     106
     120
     112
     114
     140
     116
     127
      92
     105
     115
     138
     105
     123
     116
     103
      93
     124
     117
     111
     109
     105
     131
     112
     130
     103
     107
     119
     123
     110
     110
     111
     125
     118
     120
      98
     107
     104
     111
     127
      99
     108
     106
     121
     105
     116
     124
     107
     117
     117
     110
     102
      96
     109
      99
      99
     123
     124
     118
     102
     120
     105
     117
     103
     123
     106
     117
     118
     115
     110
     108
     122
     102
     118
     122
     107
     118
     121
     114
     102
     116
     103
     123
     116
     114
     128
     125
     128
     121
     140
     136
     122
     123
     136
     127
     113
     110
     100
     101
     134
     110
     124
     127
     117
     109
     106
     121
     121
     114
      95
     122
     127
     123
     138
     130
     118
     115
     117
     101
     123
     123
     120
     119
      94
     102
     149
     133
      95
     109
     119
     117
     113
     118
     127
     108
     112
     117
     128
     118
     122
     122
     118
     112
     115
     107
     121
     133
     119
     116
     118
     126
     139
     111
     127
     119
     123
     120
     123
     109
     100
     140
     114
     118
     133
     118
     114
     122
     125
     128
     106
     121
     131
     117
     136
     108
     128
     130
     128
     107
     114
     104
     135
     130
     122
     122
     115
     115
     138
     138
     127
     126
     134
     111
     106
     132
     134
     128
     131
     127
     118
     113
     125
     131
     101
     118
     126
     121
     124
     117
     145
     125
     124
     122
     142
     138
     115
     126
     137
     117
     113
     116
     125
     134
     126
      99
     156
     118
     130
     119
     127
     120
     131
     122
     134
     107
     112
     116
     140
     109
     132
     109
     137
     136
     115
     115
     140
     128
     118
     127
     145
     130
     111
     124
     131
     122
     127
     121
     131
     108
     130
     122
     142
     131
     140
     152
     137
     126
     120
     125
     131
     139
     125
     121
     117
     129
     143
     124
     108
     139
     128
     130
     129
     104
     121
     118
     123
     131
     120
     123
     121
     111
     108
     124
     127
     137
     122
     126
     138
     142
     136
     125
     134
     123
     136
     145
     131
     139
     125
     144
     141
     120
     133
     116
     129
     129
     132
     150
     136
     134
     149
     118
     128
     129
     115
     126
     121
     158
     117
     133
     145
     120
     143
     134
     130
     120
     113
     116
     150
     137
     144
     146
     138
     117
     141
     138
     136
     130
     137
     124
     143
     123
     130
     131
     145
     125
     138
     141
     144
     155
     139
     138
     109
     154
     143
     134
     124
     150
     125
     149
     127
     118
     133
     137
     138
     145
     114
     121
     118
     142
     116
     126
     142
     129
     152
     129
     135
     122
     158
     154
     133
     148
     135
     131
     133
     129
     114
     140
     132
     127
     140
     145
     120
     153
     144
     134
     133
     122
     123
     116
     121
     137
     145
     125
     136
     143
     125
     159
     132
     181
     148
     147
     156
     144
     158
     143
     143
     156
     138
     124
     139
     158
     136
     140
     159
     156
     134
     146
     155
     133
     123
     127
     133
     130
     158
     124
     136
     152
     153
     155
     167
     152
     147
     147
     134
     144
     130
     137
     150
     158
     152
     159
     149
     133
     157
     159
     144
     147
     134
     150
     148
     140
     149
     143
     143
     148
     146
     139
     147
     140
     132
     133
     145
     141
     159
     134
     158
     144
     137
     141
     133
     144
     128
     130
     138
     146
     138
     152
     148
     149
     148
     146
     135
     152
     135
     128
     110
     150
     157
     159
     147
     153
     147
     133
     138
     125
     150
     121
     140
     136
     140
     139
     126
     136
     136
     144
     165
     133
     149
     154
     145
     141
     164
     160
     151
     154
     162
     159
     145
     144
     160
     158
     166
     149
     154
     141
     133
     141
     134
     145
     137
     149
     146
     137
     135
     149
     125
     133
     139
     139
     147
     148
     159
     144
     158
     150
     156
     125
     181
     126
     136
     144
     144
     132
     139
     137
     113
     141
     149
     122
     152
     132
     156
     163
     143
     138
     142
     144
     147
     129
     145
     151
     141
     117
     132
     125
     121
     125
     148
     127
     154
     134
     155
     139
     133
     132
     134
     129
     120
     121
     133
     116
     140
     121
     110
     127
     107
     119
     112
     105
     120
     117
     116
     113
     137
     100
     124
     112
     101
     119
     106
     130
     108
     108
     104
     108
     102
     108
      94
     109
     125
     108
     109
     112
     113
     112
      98
     109
      96
     105
     101
     102
      90
     103
      93
      84
     117
      87
     113
      74
     111
      84
     103
      77
      98
      87
     109
      99
     109
      91
      99
     102
      90
      91
      97
      96
      87
      90
      97
      77
      95
      89
      88
      88
      82
      89
      83
      96
      99
     102
      88
      76
      78
      88
      71
      95
     101
      77
      83
      87
      91
      83
     108
      85
      78
      82
      81
      94
      92
      86
      89
      95
      85
      80
      82
      77
     104
      92
      77
      77
      83
     101
      89
      69
      78
      83
      77
      87
      91
      84
      90
      77
      82
      83
      78
      75
      94
      70
      83
      82
      81
      86
      85
      76
      78
      74
      82
      85
      70
      74
      70
      76
      86
      76
      72
      77
      67
      71
      79
      62
      68
      78
      73
      65
      89
      88
      74
      87
      83
      71
      74
      77
      69
      70
      80
      73
      83
      81
      69
      56
      75
      82
      72
      58
      94
      75
      81
      63
      78
      79
      74
      78
      67
      74
      66
      80
      77
      75
      62
      52
      71
      76
      65
      82
      78
      78
      82
      57
      70
      55
      74
      76
      75
      65
      59
      60
      65
      65
      66
      85
      69
      62
      60
      65
      69
      62
      65
      69
      59
      60
      64
      65
      63
      63
      79
      56
      71
      65
      78
      77
      63
      73
      57
      60
      71
      62
      75
      74
      66
      65
      81
      72
      68
      63
      55
      61
      59
      86
      65
      68
      65
      70
      54
      79
      66
      70
      67
      67
      59
      69
      69
      70
      73
      81
      59
      63
      71
      56
      57
      59
      51
      84
      50
      59
      71
      61
      81
      77
      61
      74
      54
      64
      59
      62
      76
      75
      62
      71
      61
      61
      58
      64
      53
      63
      71
      55
      67
      71
      55
      73
      56
      62
      78
      71
      75
      79
      57
      54
      66
      74
      62
      47
      52
      73
      75
      58
      48
      58
      74
      58
      47
      56
      75
      64
      59
      54
      64
      62
      45
      55
      60
      51
      77
      62
      62
      75
      62
      60
      64
      56
      50
      69
      53
      76
      52
      74
      84
      66
      55
      48
      76
      78
      46
      51
      59
      72
      65
      55
      59
      68
      66
      61
      64
      50
      50
      54
      58
      52
      65
      54
      61
      68
      55
      67
      56
      50
      67
      66
      50
      55
      46
      55
      60
      55
      61
      65
      59
      44
      46
      74
      71
      68
      56
      54
      55
      52
      50
      58
      65
      66
      47
      53
      52
      54
      65
      43
      45
      49
      53
      61
      63
      63
      57
      49
      38
      48
      56
      46
      57
      52
      58
      42
      54
      51
      56
      55
      56
      57
      43
      61
      58
      51
      57
      49
      56
      55
      66
      56
      46
      52
      59
      50
      55
      60
      53
      57
      53
      47
      53
      68
      55
      75
      51
      49
      48
      55
      52
      46
      46
      55
      53
      56
      56
      56
      49
      56
      46
      48
      49
      51
      36
      51
      42
      46
      61
      51
      49
      47
      54
      53
      47
      64
      44
      63
      56
      49
      56
      50
      56
      45
      56
      44
      49
      51
      47
      48
      35
      46
      46
      59
      36
      53
      50
      47
      53
      39
      51
      46
      36
      35
      43
      45
      47
      54
      49
      53
      49
      44
      51
      54
      55
      48
      39
      49
      39
      45
      47
      48
      51
      42
      44
      40
      41
      37
      42
      41
      48
      46
      38
      58
      51
      52
      42
      51
      48
      50
      41
      35
      45
      43
      45
      54
      45
      48
      55
      45
      50
      38
      46
      48
      46
      38
      45
      43
      35
      55
      52
      35
      42
      48
      36
      43
      52
      55
      44
      47
      49
      49
      49
      53
      50
      54
      41
      36
      36
      38
      48
      42
      42
      43
      49
      42
      40
      38
      35
      45
      37
      45
      41
      43
      52
      43
      35
      36
      52
      37
      62
      34
      36
      35
      43
      51
      47
      60
      47
      35
      45
      26
      38
      52
      42
      36
      38
      45
      38
      30
      38
      46
      38
      46
      39
      46
      39
      40
      33
      40
      30
      47
      41
      41
      46
      48
      34
      47
      30
      37
      44
      32
      39
      43
      44
      45
      42
      29
      44
      34
      34
      32
      46
      36
      42
      39
      35
      38
      36
      38
      45
      37
      32
      42
      32
      36
      50
      34
      42
      44
      36
      42
      43
      45
      30
      45
      40
      31
      35
      27
      45
      41
      29
      33
      40
      42
      42
      25
      43
      30
      31
      45
      32
      37
      37
      36
      37
      46
      37
      53
      34
      40
      32
      53
      41
      40
      37
      42
      39
      30
      43
      43
      32
      32
      44
      37
      41
      27
      34
      36
      28
      33
      38
      33
      38
      32
      39
      28
      44
      37
      37
      30
      36
      44
      30
      44
      37
      31
      37
      36
      43
      40
      34
      33
      47
      43
      28
      30
      35
      31
      38
      29
      27
      38
      42
      35
      33
      43
      36
      35
      30
      27
      41
      31
      32
      25
      33
      28
      46
      36
      27
      39
      36
      35
      29
      36
      39
      43
      35
      28
      26
      42
      39
      26
      26
      33
      29
      34
      39
      31
      33
      35
      33
      28
      30
      29
      40
      43
      30
      46
      37
      43
      25
      36
      39
      54
      37
      38
      35
      38
      33
      34
      39
      38
      34
      36
      40
      44
      46
      37
      30
      40
      38
      43
      29
      36
      33
      33
      36
      35
      41
      29
      33
      45
      34
      27
      34
      39
      24
      31
      39
      35
      30
      24
      28
      28
      31
      32
      39
      39
      29
      32
      26
      33
      30
      40
      33
      36
      30
      37
      32
      42
      41
      32
      33
      36
      24
      50
      37
      38
      34
      32
      35
      36
      38
      44
      29
      24
      29
      42
      33
      34
      45
      29
      35
      31
      35
      35
      37
      37
      27
      34
      26
      37
      32
      32
      32
      32
      40
      26
      31
      44
      38
      44
      31
      24
      24
      27
      30
      28
      35
      32
      37
      28
      32
      31
      39
      31
      27
      34
      36
      31
      36
      34
      34
      35
      41
      38
      42
      28
      36
      35
      36
      49
      37
      41
      36
      32
      37
      24
      30
      43
      27
      28
      37
      31
      35
      25
      37
      27
      43
      38
      30
      31
      35
      35
      23
      22
      38
      38
      31
      38
      38
      26
      37
      26
      23
      39
      30
      33
      47
      34
      33
      37
      34
      29
      33
      28
      32
      35
      32
      41
      37
      26
      38
      31
      36
      30
      35
      33
      32
      33
      31
      32
      32
      39
      40
      37
      45
      23
      29
      35
      31
      46
      32
      31
      33
      39
      42
      32
      23
      46
      35
      26
      37
      30
      24
      33
      46
      40
      29
      32
      25
      36
      30
      38
      39
      26
      39
      31
      41
      18
      35
      33
      38
      38
      35
      30
      24
      42
      44
      25
      33
      45
      32
      44
      29
      35
      48
      30
      35
      27
      44
      24
      29
      33
      32
      27
      39
      30
      29
      23
      30
      32
      36
      33
      33
      37
      31
      20
      34
      30
      33
      36
      27
      28
      35
      34
      38
      36
      27
      41
      25
      27
      33
      32
      32
      33
      25
      23
      35
      26
      32
      29
      19
      34
      27
      31
      26
      44
      21
      26
      33
      33
      36
      45
      27
      28
      27
      22
      34
      32
      38
      30
      32
      24
      37
      29
      21
      27
      36
      38
      33
      41
      32
      41
      28
      34
      31
      28
      28
      30
      24
      28
      37
      37
      36
      37
      36
      42
      26
      26
      27
      33
      30
      27
      22
      23
      33
      24
      30
      24
      36
      53
      34
      32
      19
      31
      22
      31
      25
      36
      23
      27
      25
      43
      38
      24
      43
      27
      31
      33
      27
      28
      36
      36
      28
      25
      32
      36
      28
      25
      36
      34
      37
      38
      26
      37
      28
      23
      34
      28
      29
      37
      26
      27
      33
      30
      33
      22
      16
      32
      34
      36
      32
      30
      32
      23
      28
      28
      37
      32
      33
      32
      27
      40
      32
      26
      23
      36
      33
      27
      34
      31
      24
      31
      25
      31
      23
      34
      30
      26
      38
      26
      36
      41
      35
      43
      33
      28
      42
      23
      24
      38
      29
      42
      33
      35
      25
      32
      26
      23
      34
      30
      23
      24
      27
      39
      23
      21
      29
      30
      24
      26
      24
      22
      21
      34
      26
      24
      33
      28
      40
      16
      30
      38
      23
      24
      32
      40
      32
      27
      32
      29
      31
      36
      29
      31
      25
      22
      25
      24
      27
      29
      26
      35
      32
      28
      38
      36
      35
      38
      33
      19
      27
      32
      26
      30
      25
      31
      30
      27
      26
      30
      18
      24
      30
      38
      27
      29
      41
      46
      28
      34
      28
      38
      29
      25
      32
      26
      30
      38
      24
      24
      31
      31
      32
      31
      36
      23
      29
      33
      34
      22
      26
      33
      29
      27
      24
      32
      35
      22
      25
      23
      28
      37
      33
      39
      33
      23
      29
      38
      27
      36
      21
      24
      32
      21
      21
      31
      19
      20
      30
      27
      22
      27
      27
      27
      30
      26
      26
      30
      22
      26
      24
      29
      21
      22
      26
      33
      26
      33
      23
      31
      18
      26
      27
      32
      28
      33
      35
      30
      28
      30
      32
      20
      30
      23
      33
      31
      34
      35
      30
      29
      37
      25
      32
      25
      30
      31
      23
      36
      30
      29
      22
      30
      31
      40
      44
      34
      35
      22
      31
      25
      32
      36
      34
      34
      26
      37
      23
      32
      24
      28
      27
      27
      29
      37
      27
      20
      32
      24
      27
      20
      28
      27
      27
      30
      23
      32
      29
      29
      35
      23
      26
      38
      33
      27
      28
      32
      34
      27
      22
      34
      31
      32
      28
      28
      19
      35
      25
      30
      21
      34
      32
      25
      40
      30
      29
      27
      22
      26
      27
      19
      32
      33
      34
      34
      35
      39
      30
      35
      37
      39
      43
      40
      29
      45
      35
      42
      35
      41
      38
      32
      49
      50
      47
      34
      46
      54
      43
      54
      56
      57
      60
      53
      75
      70
      85
      79
      71
      84
      78
     105
      90
      81
      98
     107
     114
     116
     104
     117
     111
     113
     143
     139
     150
     170
     143
     186
     180
     187
     225
     205
     216
     257
     218
     257
     280
     257
     279
     335
     292
     357
     407
     391
     450
     492
     490
     518
     537
     553
     635
     664
     741
     836
     816
     869
     913
     966
    1042
    1098
    1132
    1192
    1312
    1400
    1428
    1423
    1532
    1549
    1681
    1758
    1788
    1931
    1921
    1911
    1940
    1976
    1979
    2040
    2040
    2021
    2120
    2051
    2127
    2120
    2095
    2121
    2079
    2067
    2052
    1961
    1888
    1915
    1916
    1802
    1757
    1695
    1699
    1693
    1576
    1529
    1506
    1409
    1321
    1191
    1178
    1185
    1129
    1044
    1021
     945
     947
     773
     811
     743
     653
     640
     612
     560
     576
     512
     490
     467
     406
     373
     366
     385
     327
     307
     260
     241
     243
     214
     212
     174
     162
     153
     167
     143
     136
     147
     123
     114
     112
      87
      92
      78
      88
      84
      59
      55
      58
      62
      59
      48
      38
      31
      46
      38
      37
      33
      33
      34
      27
      26
      20
      27
      26
      27
      18
      19
      16
      14
      15
      18
      18
      15
      13
      11
      18
      10
      20
      23
      21
      20
      16
      15
      13
      15
      19
      17
      15
      15
      16
      11
      12
      17
      11
      21
      17
      16
      24
      10
      10
      16
      13
      20
      16
      16
      14
      26
      18
      13
      18
      18
      10
      14
      17
      12
      22
      20
      12
      12
      15
      21
      18
       5
      19
      12
      12
      12
      14
      15
      15
      16
      15
      13
      16
      11
      15
      14
      17
      10
       7
      16
      15
      16
      11
      13
      17
      14
      10
      11
       9
      10
      24
      17
      11
      20
      12
      19
      10
      16
      15
       7
       9
      11
      21
      15
      15
      22
      13
      23
      16
      12
      13
      11
      16
      15
      22
      18
      16
      22
      17
      17
      16
      17
      15
      13
      20
      10
      17
      17
      18
      16
      17
      16
      15
      19
      16
      13
      22
      12
       5
      19
      14
      21
       9
      12
      19
      16
      18
      20
      18
      17
      13
      13
      19
      18
      15
      19
      11
       9
      18
      12
      10
      14
      15
      13
      15
       9
      18
      16
      11
      21
       9
      13
      14
      16
      17
      20
      13
      20
      17
       7
      14
      20
      10
      13
       9
      16
      20
       8
      12
      11
      13
       9
      22
       9
      13
      17
       8
      11
       7
      13
      16
      16
      11
      18
      12
      12
      14
      14
      17
      15
      16
      18
      13
      12
      11
      16
      14
      18
      14
      18
      17
      10
      21
      11
      15
       9
      16
      13
      12
      12
      18
      11
      22
      10
      16
      11
       7
      11
      16
      11
      12
      15
      19
      18
      15
      12
      19
      17
      14
      22
      18
      12
      18
      19
      13
      21
      20
      15
      14
       6
      15
      17
       7
      12
      12
      16
      14
      11
      19
      13
      17
      19
       7
      21
      17
      15
      23
      10
      14
      17
      12
      20
      16
      19
      25
      16
      10
      13
      16
      10
      16
      16
      11
      19
      11
       8
      15
      13
      18
       9
      13
      15
      15
      13
      16
      13
      22
      20
      15
      16
      15
      15
      20
      12
      17
      11
      16
      17
      14
      18
      18
       9
      13
      13
      16
       7
      12
      18
      16
      12
      14
      17
      17
      13
      18
      22
      15
      18
      14
      15
      18
      17
       9
      13
      14
      12
      16
      23
      23
      15
      17
      10
      15
      14
      13
      10
      18
      13
      11
       6
      16
      20
      15
      23
      18
      10
      21
      12
      11
      13
      18
      15
      16
      17
       9
      19
      11
      15
      17
      16
      21
      22
      10
      11
      16
      10
      17
      13
      17
      13
      19
      14
      21
      20
       8
      16
      15
      18
      21
      12
       9
       7
      15
      11
      11
      13
      16
      27
      14
      15
      20
      10
      14
       9
      17
      12
      17
      15
      11
      23
      14
      14
      11
      16
      10
      11
      13
      18
      17
      14
      11
      11
      15
      13
      14
      18
      14
      19
      21
      15
       9
      10
      17
      18
      17
      16
      17
      14
       9
      14
      12
      11
      13
      15
      19
      12
      17
      11
      22
      15
       9
      19
      16
      14
      16
      16
      11
      14
      13
      19
      11
      13
      10
      12
      14
       8
      13
      16
      15
      10
      12
      20
      23
      14
      16
      12
      15
       7
      15
      10
      20
      14
      16
      16
      18
      12
      14
      20
      15
      16
      13
      16
      22
      11
      15
      13
      13
      17
       6
       7
      13
      12
       9
      10
      16
      17
      15
      13
      22
      21
      12
       5
      11
      23
      11
      17
      12
      21
      13
      10
      25
      18
       8
       6
      14
      18
      17
      15
      17
      20
      19
      18
      16
       9
       9
      13
      13
      17
      11
      15
      18
      13
      10
      21
      18
      17
      19
      16
      16
      20
      10
      13
      12
      14
      19
       9
      16
      22
      14
      13
       9
      15
      24
      16
      10
      15
      12
      15
      15
      20
      22
      14
      23
      17
      17
      19
      15
      14
      12
      21
      25
      12
      20
      19
      14
      16
      16
      24
      13
      13
       7
      10
      14
      16
      16
      20
      24
      26
      13
      20
      11
      20
      15
      18
      18
      17
      11
      11
      11
      19
      22
      10
      12
       9
      15
      11
      13
      12
      19
      17
      16
      16
      19
      19
      19
      20
      17
      10
      19
      17
      14
      17
      20
      15
      19
      16
      11
      10
      11
       8
      14
      25
      18
      11
      14
      16
      15
      14
       8
      11
      11
      12
      14
      14
       7
       8
      10
      14
      19
      21
       8
      21
      17
      15
      13
      13
      12
      10
      10
      17
      15
      18
      12
      17
      17
      10
      19
      12
      16
      14
      17
      17
      10
      13
      15
      12
      19
      14
      13
      16
      16
      13
      10
      17
      18
      16
      20
      23
      19
       6
       9
      14
      13
      16
      15
      17
      14
      21
      22
       7
      17
      11
      17
      13
      13
      21
      15
      11
      15
      11
      13
      11
      14
      12
      16
      11
       5
      19
      15
      12
      16
      16
      19
       8
      10
      23
      15
      17
      15
      16
      10
      25
      16
      18
      12
      17
      17
      16
      10
      15
      15
      15
      14
      23
      15
      11
      16
      15
      18
      15
      13
      11
      13
      12
      11
      11
      15
      15
       9
      13
      11
      15
      11
       7
      14
      12
      21
      11
      19
      15
      20
      23
      18
      14
      11
      19
      19
      11
      16
       9
      12
      13
      11
      11
      21
      17
      13
      14
      16
      15
       8
      13
      19
      16
       8
      21
      14
      15
      16
      20
      11
      12
       7
      22
      20
      12
      13
      26
      20
      11
      11
      17
      12
      15
      12
       9
      15
      14
      18
      15
      22
      15
      16
      24
      14
      19
      16
      18
      19
      11
      17
      17
      22
      15
      17
      14
      15
      14
      21
      16
      10
      11
      15
       7
      10
      12
       6
      16
      22
      18
      20
       9
      15
      21
      19
      13
      22
      12
      14
      15
      24
      15
      17
      16
       9
      19
      16
      21
      13
      21
       6
      21
      15
      10
      15
      18
      23
      10
      16
       9
      12
      11
      14
      14
      16
      17
      13
      17
      10
      11
      17
      13
      16
      16
      20
      11
      17
      12
      11
      16
      19
      12
      21
      12
      11
      12
      18
       7
      12
      20
      14
      11
      15
       9
      11
      20
       8
      12
      18
      18
      19
      15
      17
      18
      11
      19
      15
      18
      17
      17
      13
      12
      10
      14
      14
      11
      17
      20
       9
      17
       9
       7
      18
      16
      13
      18
      13
      12
      13
      11
      11
      14
      11
      11
      18
      15
      17
      14
      17
      16
      22
      11
       9
      15
      12
      10
       6
      14
      17
      14
      19
       7
       9
       8
      12
       7
      17
      15
       8
       9
      17
      17
      11
      11
      15
      17
      20
      15
      18
      13
      20
      15
      17
      15
      19
      10
      10
      15
      15
      16
      18
       6
      12
      14
      14
      16
      14
      22
      14
       7
      10
      21
      11
       7
      12
      17
      21
      11
      19
      16
      18
      10
      18
      16
      13
      13
      13
       9
      14
       8
      15
      16
       9
      15
      13
      14
      17
      15
      10
      10
      10
      10
      17
      22
      11
      15
      21
      24
      17
      16
      17
      15
      12
       9
      13
      16
      20
      19
      20
      17
       7
      15
      13
      16
      14
      16
      16
       7
      16
      12
       8
       7
      17
      12
      16
      10
      15
      19
      19
      20
      15
      19
      11
      20
      12
      13
       8
      12
      12
      11
       7
      16
       8
      12
      15
       9
      18
       6
      13
      10
      19
      10
       9
      16
      13
      15
      14
      12
      12
      10
      11
      21
      11
      15
       9
      14
       9
      14
      17
      12
      12
      20
      17
      15
      11
      16
      17
      19
      12
       9
      16
      10
      10
      23
      12
      17
      17
       9
       7
       7
      14
      21
      14
      15
      16
      15
      15
      16
      22
      10
      14
      12
      25
      16
      12
       4
       9
      16
      13
       9
      12
      16
      15
       9
      14
       8
      12
      22
      12
      16
      11
      15
      18
      15
      14
      13
      10
      15
      15
      16
      10
      12
      12
      12
      20
      11
      14
      14
       9
      17
      18
      17
      11
      12
      12
      12
      12
      19
      21
      10
      16
      15
      15
      10
      13
      15
       8
      11
      16
       9
      18
      22
      11
      13
       9
      13
       8
      12
      18
      15
      11
      10
      13
      15
      11
      16
      15
      12
      12
      18
      18
      13
      14
      13
       6
      15
      18
      10
      17
      20
      14
       7
      14
      15
      11
      12
      11
      16
      20
      11
      11
      16
      18
       9
       9
      17
      12
      16
      21
      17
      17
      10
      11
       6
       9
      11
      16
      10
      17
      11
      15
      19
      13
      14
      11
      16
      18
      14
      17
      14
      16
      11
      17
      14
      15
      13
      19
      17
       8
      19
      17
      12
      17
      12
      17
       8
      15
      14
       9
      13
      14
      17
      15
      14
       9
      21
      14
      15
      16
      13
      13
       9
       6
      11
      12
      16
      12
      19
      16
      14
      14
      15
      14
      15
      18
      19
      12
      12
      14
      18
      16
      12
      17
      12
      13
      14
      15
      11
      11
      11
      12
      11
      22
      13
      15
       9
      20
      13
       9
       9
      14
      18
      16
      10
      17
       9
       8
      10
      16
      15
      14
       9
      23
      18
      20
      14
       6
      15
      21
      17
      23
      13
      22
      12
      18
      18
      11
      12
      13
      12
      18
      17
       5
      11
      17
      18
      13
       8
      14
      13
      13
      17
      13
      20
      16
       8
      19
      22
      10
      20
      16
      15
      15
      15
      13
      17
      16
      14
      12
      18
      17
      16
      13
      19
      19
      11
      15
      13
      12
      17
       7
      11
      15
      14
      14
      22
       7
      11
      14
      12
      20
      15
       7
      12
      26
      15
      12
      12
      10
      17
      10
      10
      18
      16
      10
      13
      18
      15
      13
      13
      14
      18
       9
      16
       7
      20
      13
      17
      14
      18
      16
       9
       8
      17
      12
      23
      14
      10
      20
      16
       8
      25
      12
      18
      15
      12
      16
      13
      10
      11
      15
      19
      15
      14
      16
      25
      14
      13
      12
      12
      17
      14
      21
      13
      14
      14
      17
      11
      16
      11
      20
      18
      21
      19
      13
      23
      10
      16
       7
      19
      12
      16
      15
      10
      13
      12
      16
      21
      10
      12
      15
      16
      15
      12
      15
       9
       8
      11
      10
      10
       4
      19
       6
      11
      11
      18
      18
      16
      19
      12
      10
      11
      13
      17
      11
      16
      16
      13
      10
      18
      11
      11
      14
      10
      13
      17
      11
      20
      14
      10
      17
      17
      17
      15
       8
      14
      19
      11
      11
      15
      12
      12
       9
      16
       9
      21
       9
      12
      19
       8
      10
      19
      10
      13
      13
      16
      14
      12
      14
      11
      15
      12
      10
      14
      14
      11
      17
      19
      13
       5
      16
      17
      12
      11
      11
      11
      14
      12
      13
      13
      13
       7
       7
      13
      17
      14
      15
      19
       7
      17
      18
      20
      11
       8
      19
      21
       6
      12
      18
      12
      25
       6
      17
      18
      18
      14
      13
      16
      21
      14
      15
      19
      13
      12
       5
      19
      14
      12
      15
      13
      14
       9
      10
      15
      14
      12
      14
      16
       8
       9
      12
      15
      14
      16
       8
       7
      19
      16
      12
      10
      12
       6
      14
      15
      11
      13
      14
      13
      11
      12
      11
      14
      15
      12
      15
      16
      15
      12
      16
      17
      14
      16
      12
      11
      12
       8
      13
      26
      11
      21
      15
      10
      20
      12
      14
      13
      14
      14
      14
      12
      19
      10
       8
      18
      13
      17
      18
      21
      16
      20
      13
      11
      18
       7
      16
      13
      10
      15
      26
      10
      13
      12
      17
      10
      14
      12
      15
      20
      11
      12
      11
      14
      15
       9
      19
      11
      11
      10
       9
      12
      25
      16
      18
      15
      14
      19
      12
      12
      22
      12
      12
      11
      18
      21
      11
       8
      21
      26
       4
      13
      23
      19
      14
      17
      20
      16
      10
      26
      20
      15
      11
      15
      13
      19
      13
      17
      18
      10
      15
      14
      10
      18
      17
      14
      10
      12
      17
      11
      17
      15
      16
      22
      12
      13
      23
      15
      13
      14
      10
      18
      16
      11
      15
      19
      11
      11
      15
      18
      16
      17
      11
      16
      15
      19
      11
       9
      16
      11
      11
       5
      14
      20
      11
      13
      12
      13
      15
      14
      18
      18
      17
      21
      12
      11
      18
      16
      21
      14
      16
      10
      17
       8
      17
      21
      12
       9
      19
      15
      13
      10
      18
      11
      16
      15
      17
      20
      11
      16
      14
      14
      13
      13
      18
      10
      10
      15
       8
      21
      16
      11
      15
      13
      13
      10
      19
       6
      14
      19
      13
      16
      13
      16
      18
      16
      16
      15
      12
      12
      13
       9
       9
      14
      14
      20
      13
       9
      14
      13
       9
      11
       8
      22
       7
      12
      14
      12
      15
      15
      12
       8
      19
      10
      11
      18
      17
      19
      11
      18
       8
      13
      17
       9
      12
      11
      10
       7
      16
      16
      13
      15
       6
      15
      17
      15
       8
      14
      12
      23
      17
      15
      19
      15
       9
      11
      12
      16
      11
      18
      14
      15
      18
      14
      12
       9
      16
      16
      12
       7
      12
      13
      11
      17
      19
      15
      15
      16
      12
      11
      14
      11
      14
      24
      11
      14
      13
      16
       8
      15
      15
       9
      12
      15
      11
      11
      15
       8
      13
      15
      17
      14
      13
      17
      13
      17
      17
      10
      15
      16
      15
      21
      16
      18
      15
      10
      16
      15
      13
      12
      18
       9
      14
       9
      20
      13
      13
      14
       5
      19
      19
      15
       9
      13
      10
      14
      14
      12
      21
      15
       8
      14
      17
      15
       9
      17
      18
      10
      15
      13
      11
      17
      13
      16
      19
       9
      20
      17
      20
      16
      15
       9
      18
      14
      12
      14
      15
      20
       7
      11
      14
      15
      17
      12
      16
      18
      20
      11
      12
      13
      15
      14
      12
       9
      16
      14
       9
      18
      13
      14
      13
      11
      15
      14
       9
       9
      10
      18
      24
      14
      15
      17
      13
      13
      11
      15
      15
      10
      14
      23
      10
       7
      12
       9
      11
      18
      18
      12
      10
      15
      12
      20
      19
      20
      19
      15
      14
      21
      18
      10
       9
      11
      14
      12
      12
      13
      13
       8
      10
      11
      17
      15
      12
      17
      11
      19
      14
      13
      12
      15
      15
      14
       7
      10
      13
      19
      10
      17
      16
      10
      21
      17
      16
      15
      13
      18
      16
      10
      19
      14
      13
      23
      17
      16
      12
      13
      11
      10
      11
      14
      16
      14
      18
      14
      18
      13
       8
      10
      12
      13
      14
      15
      13
      14
      22
      14
       7
      24
      11
      14
      16
      16
      20
      21
      14
      11
      19
      10
      17
      13
       8
      16
      16
      10
      17
      14
      18
      10
      14
      14
      13
      19
      10
      16
      12
      14
      13
      15
      10
      15
      14
      18
      12
      12
      19
      14
      13
      16
       8
      16
      13
      14
       8
      20
      19
      12
      13
      14
      13
      10
       6
      15
      16
       9
      24
      13
      14
      12
      10
      18
      11
      16
      19
      14
      15
      17
      19
      14
      10
      26
      12
      13
      25
      24
      15
      20
      13
      13
      17
      16
      14
      13
      17
      13
      17
      12
      12
      16
      11
      21
      14
      15
      18
      17
      15
      16
      17
      18
      14
      15
      10
      18
      13
      19
      14
      14
      11
      11
      12
      16
      18
       9
       7
      14
      15
      14
      15
      18
      16
      16
      12
      12
      15
      14
      12
      19
      27
       3
      18
      16
      16
       8
      17
      15
      14
      13
      20
      10
      11
      15
      11
      16
      10
       7
      13
      17
      14
      12
      24
      18
      17
      16
      12
      21
      11
      12
      18
      14
      15
      14
      22
      15
      11
      12
      12
      12
      14
      11
      12
      18
      15
      15
      13
       7
      18
      14
      13
      15
      21
       9
      14
      14
      13
      17
      13
      17
      12
      14
      19
      12
      16
      14
      16
      13
      17
      15
      12
      12
      10
      24
      12
      18
      14
      17
      22
      18
      15
      21
      17
       6
      22
      14
      10
      24
      19
      10
      16
      14
      10
      15
      23
      14
      14
      11
       9
      17
      17
      16
       9
      12
      13
      19
      14
      14
       6
      16
      17
      17
       7
      12
      14
      11
      14
       9
      20
      19
       7
      15
      14
      13
      15
      17
      12
      17
      15
      16
      14
      13
      18
      19
      17
      16
       9
      20
      10
      13
      13
      14
      23
      11
      13
      18
      20
      22
      12
      13
      21
       8
      12
      18
      16
      17
      20
      13
      12
      14
      14
      19
      12
      18
      11
      19
      19
      12
      11
      21
      17
      11
      11
      19
      18
      10
      11
      17
      20
      15
      20
      17
      14
      10
      17
       7
      18
      22
      16
      12
      15
      16
      14
      14
       9
      21
      14
      16
      15
      20
      13
      13
       8
      13
      13
      13
      14
      14
      13
      15
      16
      11
      11
      17
      12
      17
       6
      17
      13
      14
      15
      12
      16
      21
      15
      18
      14
      17
      20
      13
       8
      17
      19
      16
      21
      11
      12
      13
      16
      18
      18
      14
      13
      14
      10
      17
      10
      13
      17
      13
       8
      11
      16
       9
      12
      10
      16
      22
       8
      15
      18
      12
      15
      16
      16
       9
      13
      10
      11
      13
      14
      14
      16
      13
      16
      14
       9
      10
      16
       9
      16
      18
      12
      19
      14
      11
       8
      13
      17
      15
      13
      23
      14
      15
      20
      15
      16
      14
      17
      21
      15
      19
      21
      20
      19
      14
      18
      19
      15
       7
      15
      13
      18
      15
      11
      18
      14
      15
      11
      13
      11
      19
      10
      12
      18
      21
      16
      12
      15
      17
      18
      21
      15
       5
      15
      20
      16
      21
      20
      20
      17
      19
      12
      13
      12
      14
      13
      11
      21
      16
      13
      14
      12
      17
      19
      10
      13
      20
      23
      16
      18
       8
      11
      11
       9
      18
      10
      10
      17
      15
      13
      23
       9
      13
      14
      18
      12
      15
      12
      17
      16
      15
      15
      14
      15
      16
      14
      18
      13
      10
       7
      23
      16
      17
      20
      13
      13
      16
      20
      15
      14
      14
      16
      13
       7
      11
       8
      13
      18
      13
      18
      16
      19
      17
      10
      19
       9
       8
      17
      14
      15
      15
      20
       8
      22
      13
      18
      12
      19
      12
      10
      16
      11
      20
      23
      17
      13
      12
      11
      17
      13
       8
      19
      19
      16
      12
      10
       6
      19
      16
      11
      14
      16
      12
      14
      16
      22
      13
      23
      15
      11
      13
      10
      10
       8
      12
      12
      15
       8
      18
      16
      16
      16
      16
      17
      15
      15
      26
      14
       9
      19
      15
      11
      13
      16
      14
       8
      16
      15
       3
      17
      22
      16
      20
       9
      23
      16
       9
      20
       8
      12
      21
       8
      14
      17
      11
      13
      20
      14
      11
      23
      15
      16
      10
      18
      18
      19
      13
      20
      16
      18
      13
      19
      18
      18
      18
       9
      13
      17
       8
      12
      12
      12
      23
      16
      18
      17
      17
      21
      18
      12
      17
      14
      11
      14
      14
      15
      18
      10
      13
      19
      19
      16
      13
      12
      16
      14
      19
       7
      25
      12
      16
      17
      21
      15
      17
      20
      20
      18
      22
      14
      14
      11
      19
      13
      12
      12
      21
      11
      10
      15
      16
      17
      17
      10
      15
      17
      13
      16
      18
      11
      13
      11
      15
      19
      22
      17
      11
      16
      19
      20
      15
      13
      13
      20
      10
      12
       9
      18
      21
      12
      17
      15
      13
      18
      11
      14
      11
      10
      14
      17
      21
      18
      16
      17
      13
      12
      21
      17
      11
      17
      22
      15
      28
      17
      15
      15
      20
      18
      19
      14
      15
      12
      21
      13
      16
      12
       6
      17
      12
      10
      13
      20
      19
      19
      25
      15
      17
      17
      16
      18
      21
      10
      15
      10
      18
      18
      18
      12
      23
      10
      16
      13
      17
      11
      17
      10
      18
      22
      13
      15
      13
      17
      13
      16
      18
      16
      10
      14
      12
      18
      23
      10
      20
      16
      12
      13
      19
      12
      17
      18
      23
      17
      16
      17
      16
      18
      20
      20
      16
      14
      16
      11
      13
       9
      16
      19
      13
      21
      11
      18
      11
      15
      20
      19
      18
      20
      12
      12
      12
      20
      16
      17
      19
      15
      14
      16
      13
      23
      19
      18
      16
      15
      12
      21
      17
      13
      18
      11
      14
      16
       9
      18
       9
       9
      12
      21
      15
      14
      18
      18
      21
      14
      16
      14
      15
      12
      25
      11
      22
      12
      15
      22
      19
      20
      14
      14
      21
      21
      19
       9
      16
      13
      19
      12
      16
      19
       9
      16
      19
      21
      18
      10
      18
      18
      16
      16
      16
      21
      15
      22
      18
      20
      14
      12
       8
      15
      15
      15
      15
      17
      20
      11
      20
      14
      20
       9
      22
      18
      19
      11
      22
      14
      20
      10
      12
      22
      17
      13
      20
      18
      19
      13
     225
     495
     439
     505
     469
     473
     473
     450
     459
     484
     429
     457
     437
     469
     466
     443
     511
     457
     447
     442
     481
     441
     471
     485
     470
     449
     460
     455
     450
     455
     448
     472
     473
     424
     474
     527
     505
     477
     466
     488
     461
     475
     467
     453
     459
     462
     475
     432
     449
     457
     488
     467
     455
     460
     440
     450
     464
     463
     472
     452
     468
     454
     465
     422
     450
     442
     458
     450
     458
     454
     432
     453
     445
     467
     459
     441
     434
     479
     487
     452
     443
     446
     425
     460
     419
     461
     474
     480
     447
     504
     431
     460
     444
     450
     450
     449
     523
     425
     432
     418
     492
     426
     417
     447
     438
     468
     473
     433
     439
     451
     464
     416
     422
     456
     424
     475
     454
     454
     457
     438
     447
     477
     431
     467
     421
     433
     434
     426
     409
     435
     419
     423
     460
     449
     447
     438
     470
     473
     474
     432
     461
     411
     429
     458
     444
     440
     444
     413
     427
     428
     436
     458
     465
     436
     446
     415
     460
     419
     450
     410
     456
     449
     421
     432
     444
     443
     483
     447
     439
     427
     428
     440
     429
     460
     427
     437
     431
     406
     450
     425
     428
     447
     451
     468
     190
$ROI:
5
349 399
960 988
992 1050
1491 1501
5157 5169
$PRESETS:
None
0
0
$ENER_FIT:
0.000000 0.107033
$MCA_CAL:
3
0.000000E+000 1.070331E-001 0.000000E+000 keV
$SHAPE_CAL:
3
0.000000E+000 0.000000E+000 0.000000E+000
