$SPEC_ID:
23cm counts
$SPEC_REM:
DET# 1
DETDESC# DLAB-PHY-L3-49 926 Right
AP# Maestro Version 7.01
$DATE_MEA:
10/28/2024 14:58:41
$MEAS_TIM:
615 809
$DATA:
0 8191
       0
       0
       0
       0
       0
       0
       0
       0
       0
       1
       1
       0
       0
       0
       1
       0
       0
       0
       0
       0
       0
       0
       0
       0
       0
       5
      15
      31
      46
      82
     139
     186
     238
     303
     414
    1184
    4306
   10478
   18869
   26556
   31082
   33483
   33180
   30963
   27217
   23711
   20065
   17143
   14873
   12837
   10742
    9249
    7982
    6970
    5793
    4950
    4351
    3811
    3254
    2755
    2377
    2076
    1738
    1561
    1407
    1121
    1043
     926
     838
     705
     658
     534
     516
     485
     451
     378
     357
     311
     297
     278
     238
     226
     231
     224
     199
     189
     175
     156
     193
     189
     170
     128
     151
     129
     128
     129
     123
     124
     120
     107
     106
      97
      96
     100
     123
     115
      98
     119
     115
     108
     129
      98
      95
     104
     103
      93
     121
     119
     110
      97
      86
     102
     128
      93
     104
     106
     106
     103
     109
     116
     113
     103
     100
      93
     114
     102
     102
      85
      96
      74
      87
     111
     111
     101
      96
     114
      71
     105
      95
      91
     106
      98
      96
      95
      96
      82
     100
      81
      96
      94
     104
      91
      92
      88
      83
      87
      97
      99
      74
      96
     100
      88
     110
      95
      94
     109
      89
      77
     105
      93
      92
      77
      86
      87
      91
      97
      94
      73
      98
      89
      69
      94
      86
      74
      94
     102
      80
      85
      81
      81
      79
      89
      94
      76
      85
      83
      84
      87
      75
      72
      86
      91
      84
      87
      89
      75
      81
      82
      80
      84
      89
      75
      71
      84
      90
      89
      84
      68
      76
      88
      80
      94
      93
      83
      95
      78
      74
      80
      83
      79
      72
      81
      87
      83
      81
      81
      95
      88
      88
      93
      86
      79
      80
      81
      82
      88
      74
      93
     110
      75
      75
      55
      67
      79
      85
      76
      93
      81
      75
      69
      84
      86
      85
      79
      92
      82
      81
      75
      78
      79
     121
      96
      73
      74
      82
      93
      66
      88
      69
      95
      74
      84
      82
      70
      72
      65
      71
      78
      79
      89
      84
      89
      78
      64
      72
      93
      88
      84
      72
      71
      89
      61
      56
      91
      68
      70
      86
      89
      70
      94
      71
      85
      78
      59
      65
      73
      74
      66
      85
      82
      79
      72
      85
      95
      71
      55
      70
      65
      73
      82
      87
      77
      70
      81
      71
      72
      60
      75
      77
      72
      68
      73
      82
      78
      61
      81
      77
      89
      76
      61
      64
      72
      81
      67
      66
      86
      80
      68
      71
      68
      73
      99
      81
      96
      66
      82
      70
      69
      65
      80
      80
      76
      84
      78
      75
      79
      65
      77
      91
      85
      72
      65
      71
      84
      80
      93
      88
      56
      69
      84
      83
      88
      82
      73
      67
      67
      75
      87
      95
      72
      76
      72
      65
      79
      94
      63
      73
      68
      72
      79
      66
      65
      75
      72
      79
      74
      81
      75
      71
      81
      64
      71
      75
      73
      76
      74
      60
      86
      71
      72
      52
      69
      55
      77
      71
      74
      81
      67
      92
      75
      63
      74
      90
      80
      79
      72
      79
      65
      73
      80
      84
      67
      70
      67
      87
      78
      73
      68
      80
      80
      71
      81
      81
      68
      84
      63
      79
      59
      73
      69
      69
      93
      76
      69
      66
      83
      74
      85
      75
      81
      85
      60
      75
      76
      75
      65
      77
      69
      68
      75
      81
      55
      56
      75
      75
      77
      71
      53
      66
      81
      82
      88
      72
      57
      90
      87
      89
      89
      66
      81
      71
      83
      78
      77
      77
      67
      80
      79
      67
      85
      77
      72
      72
      75
      67
      79
      72
      71
      70
      66
      79
      80
      65
      64
      74
      64
      63
      62
      72
      80
      77
      76
      59
      85
      73
      67
      72
      76
      62
      73
      71
      70
      71
      70
      73
      77
      67
      65
      68
      78
      78
      78
      73
      83
      72
      65
      81
      77
      71
      62
      66
      68
      78
      71
      84
      64
      78
      68
      66
      73
      76
      71
      67
      65
      70
      85
      64
      76
      80
      68
      88
      79
      67
      71
      59
      96
      79
      70
      73
      79
      93
      85
      76
      72
      77
      89
      75
      76
      84
      82
      67
      69
      92
      84
      82
      78
      76
      83
      88
      91
      94
      88
      80
      78
      88
      70
      99
     100
      81
      96
     100
     108
     101
      83
      81
      89
      96
      96
      77
      88
      85
     101
     110
     121
     103
     103
      96
     111
     123
      92
     105
      77
      89
     105
      90
     104
     107
     103
     103
     103
     108
      75
      88
      95
      93
      90
      85
      75
      89
      93
      61
      81
     105
      84
      89
      77
      76
      64
      80
      81
      70
      88
      82
     102
      72
      64
      74
      66
      70
      67
      82
      79
      62
      70
      77
      89
      59
      64
      72
      73
      81
      70
      82
      74
      88
      82
      90
      82
      69
      80
      61
      72
      78
      73
      73
      69
      59
      73
      67
      67
      61
      89
      86
      79
      85
      63
      72
      94
      85
      76
      75
      69
      77
      71
      74
      69
      76
      79
      83
      76
      83
      63
      78
      85
      82
      70
      77
      86
      79
     101
      88
      72
      73
      87
      88
      92
      73
      86
      81
      70
      77
      67
      87
      79
      95
      74
      74
      87
      76
      74
      83
      82
      74
      85
      64
      70
      71
      72
      68
      81
      55
      70
      57
      67
      80
      78
      80
      67
      71
      78
      77
      70
      67
      74
      70
      81
      54
      76
      67
      85
      58
      75
      65
      59
      64
      73
      50
      72
      60
      82
      70
      57
      77
      64
      63
      54
      68
      63
      65
      65
      75
      66
      72
      68
      60
      64
      67
      70
      49
      69
      60
      72
      67
      59
      65
      73
      60
      64
      66
      84
      63
      93
      78
      66
      79
      68
      57
      77
      67
      72
      52
      63
      71
      77
      59
      85
      68
      65
      63
      63
      85
      68
      73
      73
      85
      69
      66
      75
      63
      53
      67
      72
      65
      68
      64
      72
      72
      64
      56
      59
      91
      55
      62
      68
      65
      65
      68
      65
      58
      77
      75
      72
      78
      59
      66
      63
      61
      59
      62
      61
      70
      69
      64
      60
      59
      60
      64
      79
      59
      80
      72
      66
      67
      55
      71
      69
      71
      57
      70
      60
      48
      59
      84
      66
      62
      62
      75
      78
      74
      69
      60
      52
      74
      59
      63
      55
      65
      56
      66
      56
      69
      61
      62
      85
      58
      56
      78
      74
      58
      50
      62
      69
      70
      68
      58
      59
      76
      70
      62
      63
      80
      59
      66
      64
      49
      65
      54
      57
      78
      57
      74
      78
      71
      53
      61
      67
      65
      71
      70
      62
      77
      57
      65
      48
      70
      69
      63
      63
      70
      61
      63
      68
      67
      58
      74
      65
      82
      68
      64
      57
      64
      73
      62
      67
      62
      62
      65
      95
      56
      58
      57
      71
      65
      67
      70
      68
      66
      73
      79
      67
      70
      59
      73
      60
      74
      74
      68
      67
      50
      76
      73
      66
      65
      65
      72
      60
      86
      58
      57
      64
      57
      64
      72
      61
      63
      76
      69
      62
      76
      66
      63
      47
      72
      61
      61
      76
      59
      65
      53
      71
      77
      73
      71
      74
      61
      48
      58
      67
      73
      59
      72
      67
      52
      64
      59
      73
      64
      84
      72
      64
      62
      72
      72
      60
      78
      76
      69
      62
      71
      69
      64
      65
      68
      64
      80
      83
      61
      59
      70
      72
      51
      73
      66
      73
      71
      59
      54
      71
      64
      56
      64
      62
      68
      64
      44
      63
      69
      64
      66
      75
      67
      56
      49
      70
      63
      68
      63
      55
      55
      68
      65
      65
      53
      59
      72
      77
      60
      66
      65
      65
      70
      71
      65
      70
      64
      57
      73
      56
      64
      60
      60
      76
      63
      72
      86
      62
      53
      68
      70
      79
      61
      59
      62
      59
      78
      50
      53
      61
      59
      78
      82
      56
      72
      62
      60
      69
      63
      68
      63
      70
      55
      66
      45
      62
      66
      76
      77
      46
      55
      67
      63
      74
      71
      64
      60
      53
      70
      49
      72
      88
      71
      60
      76
      67
      59
      75
      68
      57
      61
      72
      62
      69
      57
      69
      46
      61
      69
      63
      60
      73
      69
      68
      67
      63
      71
      61
      68
      58
      49
      63
      69
      60
      61
      52
      63
      54
      56
      56
      79
      60
      65
      63
      68
      64
      63
      61
      45
      58
      74
      72
      58
      70
      63
      52
      55
      59
      68
      63
      55
      59
      77
      68
      80
      63
      67
      64
      71
      64
      68
      61
      69
      55
      52
      72
      69
      53
      66
      61
      75
      68
      58
      74
      61
      68
      74
      55
      55
      58
      62
      52
      61
      72
      79
      49
      70
      62
      50
      68
      58
      59
      70
      76
      60
      68
      81
      61
      54
      57
      67
      59
      55
      59
      65
      69
      61
      61
      61
      73
      63
      72
      74
      74
      72
      59
      48
      47
      74
      81
      65
      59
      60
      62
      65
      51
      57
      77
      72
      71
      71
      70
      57
      68
      62
      76
      72
      61
      77
      74
      61
      65
      53
      71
      67
      57
      56
      69
      64
      63
      63
      59
      87
      77
      72
      72
      65
      54
      53
      74
      56
      70
      59
      77
      65
      77
      63
      69
      63
      57
      81
      58
      55
      73
      69
      53
      62
      66
      47
      64
      67
      59
      65
      59
      68
      61
      47
      54
      63
      53
      72
      63
      65
      64
      61
      63
      65
      72
      65
      59
      54
      60
      67
      68
      57
      62
      59
      64
      79
      63
      71
      60
      79
      61
      63
      66
      64
      77
      60
      54
      58
      60
      59
      49
      76
      59
      66
      57
      72
      68
      64
      53
      74
      69
      69
      53
      56
      72
      55
      63
      57
      64
      62
      81
      56
      63
      65
      67
      66
      58
      65
      59
      55
      55
      60
      62
      60
      73
      73
      58
      57
      64
      49
      68
      88
      68
      74
      61
      57
      77
      61
      68
      73
      68
      77
      74
      61
      64
      66
      51
      62
      65
      58
      56
      57
      60
      71
      62
      55
      67
      65
      72
      63
      66
      70
      59
      66
      67
      65
      61
      71
      77
      64
      59
      82
      76
      61
      66
      68
      59
      78
      64
      66
      70
      70
      57
      57
      71
      64
      66
      68
      65
      54
      68
      63
      73
      77
      78
      74
      72
      71
      61
      82
      62
      69
      78
      56
      64
      64
      73
      71
      56
      71
      67
      76
      71
      73
      57
      72
      60
      76
      68
      84
      62
      73
      65
      60
      64
      75
      63
      66
      62
      57
      66
      65
      68
      67
      74
      79
      78
      77
      84
      78
      69
      84
      76
      58
      78
      71
      67
      86
      82
      79
      74
      79
      72
      62
      66
      78
      73
      74
      73
      78
      51
      64
      60
      66
      72
      61
      78
      58
      74
      64
      78
      80
      73
      60
      59
      78
      63
      76
      87
      71
      72
      76
      74
      70
      60
      56
      89
      72
      75
      69
      65
      69
      80
      74
      74
      73
      82
      74
      82
      87
      67
      72
      66
      75
      75
      76
      65
      66
      89
      67
      63
      83
      68
      76
      71
      64
      59
      58
      51
      84
      73
      68
      70
      56
      72
      82
      75
      77
      77
      64
      76
      63
      66
      78
      60
      51
      71
      68
      62
      87
      61
      69
      75
      61
      75
      49
      54
      77
      62
      66
      67
      64
      58
      77
      63
      48
      71
      68
      57
      66
      73
      65
      73
      68
      81
      71
      76
      59
      69
      70
      61
      59
      58
      59
      68
      72
      69
      88
      66
      66
      60
      78
      94
      76
      84
      66
      56
      78
      66
      66
      71
      73
      71
      81
      76
      62
      58
      86
      70
      67
      68
      95
      68
      73
      69
      79
      66
      75
      68
      65
      68
      56
      66
      76
      71
      62
      66
      62
      68
      55
      71
      58
      74
      77
      81
      56
      73
      65
      76
      70
      62
      72
      68
      68
      62
      69
      76
      53
      61
      72
      64
      75
      71
      62
      80
      87
      57
      81
      68
      64
      69
      64
      69
      55
      74
      56
      67
      71
      57
      70
      73
      77
      74
      67
      77
      77
      75
      75
      75
      68
      74
      73
      68
      66
      74
      60
      71
      56
      59
      70
      65
      75
      53
      74
      75
      68
      74
      65
      55
      62
      76
      70
      56
      61
      61
      62
      61
      65
      64
      45
      72
      72
      73
      62
      67
      64
      84
      63
      74
      80
      59
      69
      70
      87
      64
      66
      79
      67
      60
      70
      85
      90
      50
      58
      68
      73
      54
      91
      67
      65
      56
      47
      86
      49
      70
      80
      56
      69
      74
      66
      72
      72
      68
      68
      58
      61
      72
      59
      64
      54
      75
      63
      58
      67
      72
      73
      71
      68
      59
      70
      68
      57
      65
      77
      58
      70
      61
      67
      59
      73
      83
      79
      78
      67
      69
      66
      68
      68
      69
      74
      75
      62
      60
      58
      77
      74
      65
      80
      64
      67
      65
      58
      73
      72
      66
      72
      59
      63
      60
      75
      82
      68
      62
      73
      69
      64
      65
      74
      74
      71
      68
      49
      67
      70
      68
      69
      93
      61
      66
      63
      63
      60
      60
      64
      69
      76
      71
      69
      75
      83
      86
      52
      63
      76
      69
      66
      83
      84
      66
      69
      67
      55
      62
      67
      66
      62
      66
      78
      69
      59
      72
      62
      81
      79
      58
      67
      71
      61
      81
      66
      66
      67
      70
      57
      68
      69
      70
      55
      63
      59
      55
      64
      70
      68
      69
      51
      81
      60
      70
      77
      65
      87
      58
      77
      78
      61
      58
      69
      60
      69
      71
      86
      74
      80
      82
      48
      65
      82
      72
      68
      58
      64
      83
      68
      64
      69
      66
      71
      63
      71
      74
      76
      73
      67
      61
      79
      83
      82
      72
      74
      76
      71
      62
      73
      78
      56
      63
      72
      59
      67
      63
      61
      59
      63
      61
      70
      69
      75
      57
      64
      57
      64
      61
      63
      55
      60
      66
      70
      82
      62
      58
      66
      67
      77
      58
      72
      79
      61
      67
      62
      61
      65
      68
      70
      73
      74
      70
      76
      62
      81
      86
      81
      58
      67
      67
      60
      62
      61
      70
      54
      61
      63
      68
      65
      57
      57
      66
      70
      65
      66
      61
      77
      55
      72
      80
      55
      80
      80
      76
      65
      70
      70
      56
      58
      75
      75
      59
      64
      77
      65
      61
      76
      78
      82
      58
      63
      60
      66
      73
      66
      76
      68
      71
      56
      75
      50
      68
      59
      65
      66
      65
      59
      75
      47
      78
      71
      61
      74
      65
      72
      85
      68
      61
      67
      81
      73
      67
      89
      70
      59
      71
      53
      59
      72
      61
      83
      78
      67
      75
      72
      71
      77
      64
      65
      68
      49
      53
      70
      58
      68
      60
      51
      62
      68
      63
      59
      61
      65
      61
      63
      67
      65
      65
      57
      65
      68
      64
      76
      78
      52
      60
      62
      58
      59
      64
      62
      69
      60
      78
      59
      58
      74
      62
      76
      65
      72
      68
      69
      59
      58
      56
      68
      59
      66
      76
      59
      60
      57
      61
      56
      64
      69
      58
      59
      49
      73
      61
      71
      81
      76
      74
      60
      65
      65
      57
      64
      57
      51
      67
      61
      77
      66
      56
      61
      59
      76
      69
      65
      71
      81
      74
      76
      73
      50
      72
      50
      67
      66
      60
      65
      56
      63
      67
      82
      67
      64
      67
      65
      56
      70
      56
      65
      63
      56
      63
      68
      63
      69
      53
      75
      56
      81
      66
      68
      75
      72
      64
      59
      67
      74
      56
      62
      76
      73
      82
      60
      56
      49
      70
      70
      51
      85
      59
      80
      60
      63
      55
      55
      70
      68
      56
      71
      73
      62
      70
      72
      78
      48
      65
      51
      63
      56
      73
      68
      63
      52
      56
      62
      77
      67
      75
      63
      76
      62
      72
      69
      59
      81
      75
      66
      60
      55
      66
      77
      74
      75
      71
      73
      68
      56
      84
      63
      76
      51
      60
      62
      84
      59
      80
      74
      65
      66
      80
      61
      54
      48
      66
      70
      68
      73
      71
      47
      65
      72
      63
      52
      71
      70
      53
      60
      63
      63
      69
      56
      66
      64
      68
      58
      58
      66
      59
      60
      70
      62
      72
      74
      58
      81
      66
      65
      97
      75
      71
      61
      65
      67
      69
      57
      72
      70
      74
      67
      63
      77
      64
      62
      67
      59
      62
      60
      69
      56
      72
      62
      61
      60
      63
      67
      65
      84
      73
      55
      69
      64
      69
      63
      65
      64
      52
      65
      76
      75
      71
      76
      58
      61
      71
      71
      54
      74
      66
      59
      64
      71
      77
      88
      63
      74
      65
      80
      61
      77
      72
      74
      67
      79
      71
      61
      60
      77
      72
      64
      74
      60
      68
      48
      59
      69
      67
      75
      69
      63
      63
      73
      73
      57
      78
      70
      77
      64
      61
      68
      67
      70
      71
      76
      63
      64
      74
      66
      67
      60
      71
      78
      58
      85
      69
      59
      79
      66
      66
      70
      79
      51
      72
      65
      73
      56
      63
      77
      61
      70
      64
      81
      68
      78
      77
      66
      66
      62
      64
      82
      75
      64
      83
      74
      83
      78
      72
      81
      61
      63
      64
      73
      72
      64
      69
      59
      62
      75
      69
      58
      72
      77
      73
      61
      74
      60
      77
      74
      76
      68
      67
      69
      75
      77
      60
      69
      63
      71
      77
      66
      86
      76
      65
      57
      62
      56
      73
      73
      59
      63
      68
      66
      63
      69
      86
      82
      73
      57
      66
      76
      72
      63
      78
      66
      85
      76
      74
      67
      69
      74
      85
      79
      69
      61
      80
      81
      70
      76
      61
      68
     101
      60
      63
      58
      62
      70
      75
      88
      65
      74
      67
      82
      72
      84
      70
      62
      61
      79
      72
      65
      60
      70
      71
      83
      65
      82
      84
      87
      68
      86
      57
      80
      73
      79
      71
      79
      72
      74
      82
      67
      70
      92
      75
      75
      80
      79
      81
      59
      72
      68
      88
      71
      72
      75
      75
      75
      67
      78
      84
      85
      72
      74
      78
      66
      77
      73
      82
      63
      68
      71
      78
      58
      79
      76
      61
      68
      76
      85
      71
      62
      66
      66
      80
      62
      76
      67
      77
      65
      83
      71
      81
      74
      83
      75
      76
      81
      62
      63
      87
      67
      79
      73
      83
      55
      64
      73
      60
      77
      71
      62
      93
      78
      60
      76
      63
      81
      69
      57
      72
      90
      69
      87
      79
      77
      68
      85
      81
      70
      81
      73
      63
      68
      83
      74
      78
      71
      83
      85
      58
      82
      88
      66
      80
      67
      63
      61
      81
      69
      75
      91
      74
      83
      52
      75
      78
      68
      81
      68
      66
      71
      84
      78
      81
      86
      85
      77
      69
      73
      67
      72
      77
      52
      77
      74
      81
      80
      85
      81
      65
      88
      90
      67
      70
      71
      72
      82
      77
      81
      74
      60
      64
      74
      77
      84
      81
      87
      84
      57
      75
      73
      63
      78
      83
      74
      73
      69
      74
      66
      62
      81
      74
      74
      74
      87
      83
      77
      97
      78
      72
      80
      68
      71
      86
      93
      88
      93
      94
      78
      72
     109
      84
      75
      75
      81
      82
      75
      82
      73
      76
      74
      70
      96
      95
      73
      85
      82
      83
      79
      84
      76
      87
      67
      75
      87
      70
      69
      72
      71
      79
      92
      86
      84
      89
      80
      95
      91
      75
      80
      91
      96
      61
      75
      66
      86
      80
      95
      85
      82
      84
      78
      92
      86
      70
      89
      81
      80
      77
      84
      83
      77
      90
      65
      84
      94
     111
      78
      85
      84
      74
      75
      86
      77
      75
      86
      99
      78
      69
      75
      90
      77
      76
      74
      74
      83
      98
      92
      90
      65
      67
     102
      81
      90
      66
      78
      77
      87
      93
      71
      82
      88
      97
      82
      78
      69
      86
      83
      72
      80
      74
      66
      91
      85
      82
      97
      81
      73
      91
      90
      86
      71
      76
      83
      72
      86
      70
      81
      96
      77
      83
      87
      71
      91
      96
      82
      95
      82
      76
      74
      77
      75
      88
      89
      91
      79
      95
      90
      88
      66
      74
      92
      85
      82
      80
      77
      89
      83
      61
      91
      89
      93
      80
      90
      88
      89
      69
      78
      77
      85
      93
      75
      70
      72
      67
      86
      90
     100
      80
      81
      82
      73
      86
      71
      96
      97
      97
      88
      77
      67
      94
      83
      83
      79
      73
      93
      87
      85
      74
      83
      80
      87
      92
      82
      89
      79
      85
      64
      74
      67
      64
      81
      67
      65
      86
      86
      83
      86
      78
      74
      75
      81
      86
      74
      94
      79
      86
      85
      70
      86
      78
      87
      75
      69
      87
      66
      76
      87
      63
      81
      77
      79
      74
      74
      74
      71
      60
      61
      81
      64
      69
      80
      75
      64
      60
      65
      73
      70
      70
      83
      74
      74
      72
      73
      77
      69
      74
      57
      55
      58
      61
      77
      53
      44
      61
      89
      47
      60
      73
      58
      64
      44
      67
      65
      66
      59
      54
      61
      51
      66
      74
      56
      58
      66
      49
      50
      52
      67
      71
      52
      50
      43
      55
      54
      66
      79
      51
      59
      51
      46
      50
      57
      52
      42
      50
      63
      57
      46
      58
      47
      53
      45
      64
      62
      53
      45
      52
      59
      62
      56
      65
      51
      54
      42
      50
      46
      60
      48
      60
      49
      49
      56
      48
      35
      61
      49
      40
      47
      40
      46
      59
      57
      49
      41
      48
      40
      54
      44
      43
      49
      47
      38
      45
      49
      47
      54
      54
      52
      41
      49
      36
      51
      55
      44
      37
      47
      44
      39
      49
      42
      36
      42
      42
      51
      44
      51
      36
      51
      36
      49
      50
      47
      39
      43
      41
      35
      41
      51
      41
      44
      47
      45
      42
      48
      37
      45
      53
      47
      42
      37
      40
      41
      40
      37
      45
      48
      54
      53
      26
      43
      45
      29
      62
      38
      44
      58
      55
      41
      44
      46
      38
      45
      32
      40
      33
      36
      40
      39
      31
      37
      44
      39
      33
      40
      46
      38
      44
      42
      30
      36
      39
      33
      44
      39
      38
      38
      36
      41
      42
      28
      32
      36
      31
      31
      39
      39
      39
      44
      29
      38
      55
      37
      44
      47
      42
      48
      45
      42
      41
      42
      40
      40
      45
      37
      50
      50
      37
      34
      45
      30
      33
      35
      43
      29
      39
      47
      40
      41
      36
      39
      44
      43
      41
      38
      26
      33
      38
      32
      30
      35
      30
      42
      46
      52
      48
      34
      36
      31
      36
      38
      26
      36
      39
      37
      37
      41
      38
      33
      42
      40
      33
      36
      27
      31
      34
      40
      40
      41
      42
      32
      40
      28
      42
      37
      41
      38
      31
      44
      40
      34
      49
      35
      36
      36
      38
      33
      37
      34
      36
      45
      29
      34
      40
      36
      30
      33
      23
      23
      23
      35
      42
      39
      31
      39
      33
      45
      39
      36
      42
      30
      45
      43
      35
      38
      24
      27
      36
      31
      48
      35
      38
      39
      43
      34
      38
      39
      38
      30
      32
      42
      37
      45
      39
      35
      45
      22
      37
      33
      35
      43
      39
      38
      36
      41
      47
      32
      44
      39
      33
      26
      31
      35
      36
      47
      31
      45
      30
      32
      26
      38
      29
      29
      32
      41
      34
      29
      42
      40
      40
      42
      27
      34
      29
      26
      37
      36
      31
      26
      27
      34
      42
      32
      34
      32
      29
      30
      30
      38
      43
      42
      34
      32
      33
      32
      42
      33
      32
      31
      29
      27
      39
      28
      27
      34
      28
      37
      36
      27
      39
      40
      34
      34
      31
      34
      31
      45
      25
      29
      37
      26
      29
      29
      23
      29
      29
      32
      37
      29
      33
      33
      24
      24
      29
      40
      26
      37
      36
      29
      25
      33
      33
      24
      23
      35
      29
      25
      32
      34
      35
      29
      36
      28
      30
      32
      24
      25
      30
      27
      27
      37
      30
      40
      31
      19
      35
      41
      30
      29
      34
      20
      25
      37
      35
      35
      28
      25
      34
      31
      34
      31
      25
      29
      26
      25
      27
      28
      34
      33
      43
      38
      30
      36
      17
      26
      32
      40
      36
      19
      31
      26
      32
      24
      24
      24
      15
      27
      33
      37
      38
      32
      18
      29
      23
      26
      23
      21
      28
      26
      30
      32
      28
      25
      38
      23
      36
      38
      28
      16
      27
      23
      31
      22
      24
      24
      31
      33
      22
      30
      20
      38
      29
      22
      26
      31
      28
      25
      33
      27
      30
      22
      24
      21
      21
      31
      28
      24
      22
      31
      26
      38
      23
      17
      19
      29
      20
      34
      26
      17
      22
      22
      25
      20
      20
      25
      28
      37
      28
      29
      22
      27
      17
      19
      25
      31
      30
      18
      21
      24
      32
      27
      23
      25
      23
      24
      25
      23
      21
      22
      33
      29
      23
      23
      25
      33
      23
      21
      30
      25
      28
      12
      27
      29
      22
      19
      34
      29
      25
      27
      26
      19
      21
      17
      22
      25
      34
      28
      25
      31
      23
      23
      19
      21
      27
      27
      21
      22
      24
      26
      24
      22
      20
      23
      31
      20
      30
      22
      19
      26
      24
      26
      23
      30
      30
      27
      28
      18
      18
      16
      20
      27
      28
      27
      25
      18
      25
      29
      23
      26
      20
      30
      28
      24
      19
      15
      28
      23
      26
      19
      18
      22
      18
      22
      17
      21
      30
      20
      22
      16
      22
      28
      24
      27
      21
      20
      23
      21
      18
      20
      16
      19
      22
      19
      26
      29
      24
      14
      28
      26
      25
      13
      25
      24
      20
      19
      22
      19
      26
      16
      28
      16
      25
      19
      23
      29
      19
      20
      22
      23
      27
      16
      21
      24
      18
      22
      23
      14
      18
      18
      16
      28
      19
      22
      22
      32
      19
      14
      23
      28
      25
      20
      13
      23
      22
      26
      25
      24
      25
      21
      24
      18
      30
      21
      21
      15
      27
      21
      20
      22
      18
      19
      17
      24
      21
      25
      28
      18
      18
      20
      16
      14
      13
      19
      18
      17
      23
      25
      29
      23
      23
      18
      16
      25
      24
      27
      21
      26
      24
      25
      20
      17
      17
      22
      19
      24
      26
      16
      22
      24
      14
      24
      23
      34
      15
      17
      24
      28
      16
      22
      25
      15
      22
      12
      22
      23
      17
      27
      20
      14
      26
      18
      22
      21
      20
      26
      20
      30
      23
      15
      24
      20
      17
      13
      19
      25
      11
      17
      16
      20
      11
      24
      18
      16
      19
      25
      23
      25
      28
      15
      17
      17
      16
      22
      16
      17
      17
      23
      18
      19
      23
      22
      23
      21
      19
      19
      23
      20
      13
      15
      19
      21
      25
      19
      22
      25
      18
      29
      22
      20
      23
      18
      16
      21
      25
      17
      27
      18
      12
      22
      18
      20
      24
      18
      16
      19
      17
      21
      18
      17
      19
      21
      16
      17
      15
      28
      13
      18
      12
      12
      17
      22
      20
      13
      33
      28
      31
      18
      18
      23
      19
      25
      12
      20
      19
      20
      20
      27
      25
      18
      15
      21
      24
      13
      16
      20
      23
      26
      21
      31
      21
      24
      24
      11
      19
      24
      25
      16
      20
       9
      19
      18
      11
      17
      20
      24
      30
      20
      20
      20
      19
      19
      15
      18
      24
      13
      23
      15
      17
      13
      18
      15
      17
      27
      19
      21
      13
      14
      13
      21
      14
      18
      26
      20
      24
      22
      27
      21
      17
      15
      26
      16
      24
      18
      22
      16
      25
      26
      15
      19
      17
      17
      21
      23
      19
      18
      15
      24
      20
      16
      20
      27
      14
      18
      29
      19
      16
      20
      21
      15
      20
      13
      22
      18
      26
      17
      21
      12
      21
      14
      22
      20
      24
      16
      17
      17
      18
      15
      23
      23
      14
      24
      16
      20
      19
      14
      20
      15
      17
      16
      13
      15
      24
      20
      19
      22
      20
      19
      20
      22
      11
      23
      13
      19
      20
      22
      23
      12
      18
      16
      14
      12
      22
      14
      26
      19
      26
      19
      23
      18
      20
      17
      19
      14
      19
      19
      12
      19
      19
      19
      25
      16
      20
      14
      22
      11
      19
      20
      17
      25
      18
      19
      14
      19
      24
      23
      19
      19
      15
      18
      22
      16
      25
      23
       9
      26
      24
      18
      17
      13
      16
      21
      17
      22
      10
      19
      19
      28
      22
      16
      27
      27
      19
      12
      16
      18
      15
      20
      30
      29
      13
      16
      19
      16
      14
      15
      13
      16
      34
      20
      24
      17
      17
      28
      15
      18
       7
      21
      18
      16
      21
      14
      17
      16
      14
      15
      14
      22
      15
      14
      16
      27
      19
      16
      16
      34
      25
      17
      17
      18
      20
      19
      12
      20
      26
      20
      26
      13
      19
      14
      21
      15
      23
      20
      23
      20
      18
      20
      18
      16
      18
      16
      15
      20
      20
      13
       8
      25
      23
      18
      16
      14
      19
      26
      20
      13
      23
      22
      17
      19
      18
      20
      15
      15
      13
      17
      14
      18
      20
      17
      19
      17
      15
      24
      16
      16
      13
      20
      19
      25
      20
      23
      25
      20
      20
      14
      19
      17
      25
      20
      13
      12
      19
      20
      17
      17
      11
      15
      20
      18
      18
      21
      15
      14
      22
      12
      21
      14
      15
      12
      18
      15
      17
      22
      18
      25
      16
      20
      18
      19
      24
      13
      13
      11
      11
      28
      12
      18
      21
      18
      14
      20
      18
      15
      13
      17
      17
      18
      21
      21
      17
      13
      20
      17
      18
      21
      23
      28
      15
      16
      18
      19
      17
      14
      17
      21
      20
      16
      26
      11
      19
      23
      18
      18
      15
      11
      16
      23
      16
      14
       9
      26
      19
      19
      15
      16
      11
      18
      15
      22
      18
      20
      14
      18
      10
      14
      21
      19
      18
      13
      13
      21
      19
      22
      11
      25
      19
      14
      19
      17
      23
      20
      12
      17
      15
      16
      13
      19
      17
      14
      18
      20
      12
      11
      19
      13
      19
      18
      22
      17
      22
      16
      15
      12
      22
      18
      22
      19
      16
      15
      14
      15
      13
      21
      13
      15
      23
      19
      17
      16
      18
      24
      13
      13
      19
      16
      14
      20
      16
      15
      15
      10
      24
      18
      23
      12
      12
      11
      14
      17
      12
      22
      19
      20
      12
      18
      16
      15
      14
      12
      23
      14
      10
      17
      16
      13
      16
      18
      13
      20
      22
      10
      16
      17
      14
      22
      19
      26
      17
      14
      11
      15
      19
      15
      20
      24
      17
      22
      13
      18
      22
      14
      19
      18
      24
      22
      11
      14
      21
      19
      15
      21
      21
      18
      23
      21
      22
      27
      19
      24
      25
      21
      27
      24
      30
      23
      20
      23
      27
      29
      22
      33
      32
      40
      49
      45
      32
      38
      39
      40
      40
      45
      46
      43
      52
      59
      64
      65
      73
      81
      99
      71
      63
      70
      93
     107
      77
     101
     115
     108
     116
     119
     132
     124
     131
     172
     166
     170
     184
     187
     194
     201
     194
     204
     259
     250
     285
     299
     338
     339
     387
     377
     375
     406
     439
     524
     509
     526
     583
     618
     626
     642
     707
     752
     694
     771
     739
     851
     819
     938
     904
     942
     959
     957
     979
    1053
    1021
    1064
    1083
    1112
    1121
    1131
    1147
    1155
    1131
    1169
    1097
    1207
    1161
    1096
    1105
    1150
    1108
    1058
    1049
    1012
    1002
    1014
     947
     993
     913
     877
     872
     832
     815
     770
     750
     685
     669
     657
     591
     570
     582
     521
     490
     461
     465
     450
     398
     369
     363
     333
     300
     299
     308
     257
     272
     239
     223
     185
     189
     182
     180
     143
     137
     135
     115
     114
     113
     105
      94
      90
      81
     101
      58
      67
      57
      49
      68
      53
      39
      41
      47
      39
      35
      33
      34
      26
      28
      28
      27
      25
      13
      23
      21
      24
      15
      21
      18
      20
      14
      15
      13
      17
      10
      16
       7
      14
      15
      13
       9
       5
      14
      12
      12
      12
       8
       6
      11
       8
       9
       9
      11
       7
      14
       6
       9
       6
      11
       8
      11
       6
      14
       5
      10
       6
       9
       9
      11
       8
       7
       8
      10
       7
      12
       3
       5
       9
      13
       9
      16
       5
       8
       9
       7
       6
       7
       6
      16
       8
       4
      11
       6
       6
      11
      18
       8
       5
       7
      10
      10
       9
      11
       5
       8
       3
      12
       6
      10
       5
      15
       8
       7
       9
       9
       5
      10
      14
      12
      18
       8
       8
      10
      13
      11
      13
       7
       7
      11
       5
      14
      12
       8
       9
      12
       5
      15
      13
      13
       9
      11
       9
       6
       7
       7
      11
      14
      16
      16
       7
       8
       9
       8
      11
       5
       7
      13
      16
      10
       9
       8
       8
      11
       7
       7
      10
      15
       8
      11
      14
       2
       4
      12
      12
       7
       8
       9
      19
       8
       5
      11
      10
       9
      10
       4
       8
      10
      11
       8
       7
      11
      11
       9
       5
       4
      11
      10
       8
       4
       7
       7
       8
       6
      11
       8
       7
      14
       9
       9
      12
      11
       7
      12
       8
       6
       8
      17
      14
       7
       6
       4
      12
       9
       5
       9
      11
       8
       8
       9
      10
       9
       6
       6
       5
       9
       7
      13
       9
      10
       9
       6
      12
       9
       8
       7
       9
      11
      14
       8
       6
      11
      15
      15
       9
      10
       8
      16
      14
       7
       9
      13
       6
       5
      11
       7
       7
      10
       8
       8
       9
       7
      12
       7
       9
      13
      11
       6
       7
       6
      10
      10
      10
       4
       8
       4
       9
      11
      11
       8
       8
       7
      14
       9
       4
       9
      17
      10
       6
       8
       7
       9
      13
       8
       8
      10
      10
       9
       2
       9
      11
       8
      10
      15
      12
       9
       9
       4
       5
      11
      12
      10
       8
      11
      13
       6
       9
       3
       6
       7
       6
       5
      13
      10
       8
      12
       5
      11
       7
      11
       7
      10
       9
       9
       8
      10
       9
      10
       6
       6
       8
      10
       8
       9
       9
       8
      10
      12
       9
       7
       9
       7
      15
       7
       9
      10
      11
      14
      14
       5
       6
       5
       7
       7
       8
      15
      10
      10
       4
       7
      13
       8
      10
      11
       7
       7
      10
       9
       8
      10
       7
       9
      10
       6
      12
      10
       8
       7
       4
       5
      12
       8
       5
       8
       7
      13
       8
      15
       6
       3
      10
       6
      10
       4
       8
       7
       8
       8
       7
      10
       8
      10
       6
       9
      12
       6
       6
       9
      11
       6
       5
      13
       3
       5
       7
       6
      10
      13
       5
      10
      10
       8
       9
       7
      13
       4
      15
       8
       9
       7
       8
       4
       9
      10
       8
      12
       7
      14
       6
       9
      12
       8
       8
       5
       4
       5
       5
      12
      11
      10
       8
       5
       9
       7
       6
      12
       8
      12
       9
       1
       8
      11
       3
       5
      14
       5
       7
      11
       7
      16
      10
       9
      14
       8
      12
       7
       7
      15
      11
      12
      14
       8
      18
       8
      12
       7
       9
       5
       9
      10
      11
      11
       5
      10
      14
       4
       6
      12
      14
       4
       2
       5
       9
      11
      10
      11
      10
      16
       6
      12
      10
      13
       7
       8
       9
       8
       9
       4
      12
       9
      13
       9
       5
       9
      10
       9
      14
      10
      16
       6
       8
       9
       4
      11
      13
       8
       8
       7
      18
       8
      14
       8
      10
      14
      10
       7
      10
       5
       7
       5
      16
      10
       6
      22
       9
       6
      11
       7
       8
       5
      13
      12
      12
       5
      11
       9
       7
       7
      13
      12
       8
      11
      12
      10
       9
       9
       8
      10
      11
       6
      14
       7
       5
       5
      13
       7
      15
       8
      11
       5
       8
      11
       9
       3
      10
      11
       5
      13
       8
       5
      14
      14
       5
      13
      10
       7
       5
       5
      15
       8
       6
       8
       6
      10
      10
      12
      18
      11
      11
       8
       8
      11
       5
       8
       5
       6
       9
       3
       9
       4
       7
      12
       9
       6
       9
       9
       6
       8
       9
      11
      11
       5
       5
       5
      10
       9
       8
       7
      15
      13
       9
       8
       9
      13
      12
      15
      14
       6
      11
       9
      11
       5
       6
      15
       7
       9
      12
       8
      10
       9
      13
      11
      11
      10
       8
       8
      13
      10
       8
       8
      15
      13
       8
      11
       2
      14
       7
       7
       9
       8
       7
       8
       8
       8
       5
      14
       8
      13
       7
       6
      12
       7
       9
       7
       6
       7
       7
      11
      11
       6
      14
       9
       8
       5
       8
       5
       7
       9
       7
      10
      11
      13
      10
       4
       7
       9
      10
       8
      11
       8
       6
      11
      11
      11
       8
       8
       9
      11
      11
       9
       8
      10
       9
      10
       6
      11
       7
      13
      10
       8
       6
      11
       9
       8
       7
      13
       5
       4
       8
       4
       8
      15
       8
       6
      10
       6
       8
       5
      10
      16
       8
      11
      14
       3
       7
      11
       5
       7
      11
       9
      12
      13
       6
       4
       9
       2
       7
       9
      13
       9
      14
       6
      13
      10
       6
       6
       3
      10
       8
      11
       8
       3
      16
      11
       9
       7
      11
      11
      12
      12
       6
       8
       8
       6
       6
       7
       6
      10
       9
      10
       7
       5
       8
      11
      10
      13
      12
       7
      10
       6
       6
       8
       6
      14
      11
      11
       9
       2
      11
       4
      11
      14
       5
      12
      14
      12
      17
       8
       8
      10
       7
       6
      10
      13
       8
      10
      11
       6
       3
      12
       5
       7
      18
      10
      12
       8
       7
      10
       6
      11
       8
       8
       8
      13
       6
       9
       9
      11
      14
       8
      15
      11
      12
       9
       5
       9
      10
      11
       8
       6
      14
       8
      14
       6
       8
       4
       6
       4
      10
      10
       8
       8
       8
       9
       7
       8
      12
       6
       8
       7
      11
      12
       8
       6
       6
      10
      13
      12
      13
      12
      10
      13
      13
      12
       5
      11
       6
       7
       5
       5
       7
      10
       9
      13
      11
       8
       8
       6
       6
       8
      10
       5
       4
      10
       6
       2
      14
       8
       7
       3
       5
       4
      16
       6
       6
       8
       6
       6
      10
       7
       9
       4
       4
      10
       4
       9
      10
       8
      11
      13
       9
       8
      12
      11
      12
      10
       4
      10
       8
       4
       9
       8
      12
       4
      10
       6
       4
      10
      10
      10
       7
       7
      11
       5
      12
       7
      13
       6
       7
       4
      14
       7
       9
       6
       9
      10
       9
       9
       7
       8
      13
       7
       9
      10
      12
       7
       6
       7
      13
       7
       7
      10
       5
      11
       5
      11
       8
      12
      13
       7
      14
      11
       9
       6
      10
       9
       8
       7
       6
       9
      10
      10
       7
       7
       5
      10
       7
       5
       8
      13
       8
       8
      14
       3
      13
       5
      10
      12
      16
       6
       5
      13
       5
       9
       9
      13
       9
       8
       9
       5
       6
       8
      10
       3
       8
      10
       5
       6
       5
      17
       6
       9
       7
       8
      12
       5
       9
       4
       7
       7
       7
       7
      10
       8
       7
       7
       9
       6
      10
       7
       8
      12
      11
      14
       6
       6
      13
       7
      10
       9
       4
      11
      11
       2
       4
      11
      11
       6
      13
       5
       9
       7
       7
       6
       6
       5
      10
      19
      16
       2
      11
      12
       4
       8
       9
       4
      12
       6
       8
      14
       5
       6
       9
       7
       6
      10
       9
       5
      11
      10
       8
      17
      12
      16
      10
      11
       7
      11
      10
       5
      14
      10
      12
       9
      12
       7
       6
      13
       6
      13
      11
      10
       7
       9
      12
       4
      15
      10
       8
      12
       8
       6
      14
      10
      14
      12
       8
       9
      13
      11
       9
      13
       5
       6
       7
       7
       3
       4
      10
       9
      13
       7
      10
       8
       6
       6
       3
      10
       9
       7
       4
       7
      11
       6
       9
      14
       5
       8
      13
       4
       9
      10
       6
       8
       5
      10
       5
      12
      17
       5
      10
      11
       4
      12
       4
       7
       7
       7
       4
       6
       5
      10
      11
       8
       9
      15
      10
       6
       7
       7
       6
       9
       6
       5
      11
       9
      12
      14
       8
       9
      14
       5
       8
       7
       8
      12
      14
      11
       9
      11
       3
      10
       3
       4
      10
       6
       5
       6
      13
       8
       9
       6
      20
       8
      11
       5
      13
       2
       9
       5
      14
      10
      10
       8
      10
       7
       6
       7
      10
       9
       5
       7
       7
       9
       3
      10
      13
       6
       8
      12
      11
       4
      12
       1
      13
      12
       7
       7
       9
       5
      11
      13
       8
      11
      12
       9
       9
       7
      12
      12
       9
      10
       5
      12
       9
      10
      11
       5
      11
      10
       6
       9
      11
      15
       8
       7
      11
      10
      10
      10
      10
       7
       9
      13
       4
       4
       6
      11
      10
       7
      11
       8
       7
       9
      10
       9
       7
      14
       7
      13
       6
       9
      12
      11
       6
       8
      12
      10
       2
       8
       4
       7
       6
      11
       9
       6
       3
      11
      13
      21
      12
       5
       8
      14
       7
       4
      10
      12
      17
       5
      11
       9
       3
      15
       8
      11
       9
       4
       7
       6
       8
       6
      10
       8
       7
       9
      10
      10
      11
       4
       9
       6
       8
       7
      12
      13
       8
       8
      11
       6
      10
       9
       6
       7
       4
       8
      11
      10
       4
       6
      10
       3
      10
      10
       8
       9
       7
       7
       5
       5
       5
       9
       7
       8
       9
       4
      10
       6
       6
      15
      16
      11
      11
       5
       7
       9
       5
       4
       6
       8
      14
       4
      10
      12
      10
       8
      12
       6
       9
      14
       9
       8
       9
      10
       5
       9
       8
       3
       9
      10
      17
      10
      10
       8
      10
       4
       8
      10
      11
       8
       7
       6
       7
       7
       8
       6
       6
       8
      12
       9
       7
       9
       8
      20
      10
      12
       8
       6
       9
       3
       7
       5
      11
       8
       8
       7
       8
       6
      14
       5
      10
       7
       4
      14
       4
       7
       9
       6
       5
       9
       7
      11
      14
       7
      10
       8
       8
       8
       8
      10
       7
       5
      13
      10
      12
       9
       6
       3
       4
      17
      13
       9
       6
      11
       9
      10
      10
       7
      12
       8
      10
       8
      10
       9
      10
      12
       8
      13
      11
       8
      13
       8
      10
       8
      10
       8
      10
       4
       5
       7
       9
       8
      12
       5
       5
       8
       5
      11
       8
       8
      15
       9
      12
       9
      10
       9
      12
       6
      12
       7
       5
      12
       6
       6
      10
      10
       7
      11
       6
      13
       5
       3
       6
      11
       6
       2
      12
       6
      10
       7
       7
       9
       4
      11
      13
       5
       9
       7
       8
       7
       7
       9
       6
       8
       6
      14
       7
      10
       9
       6
      10
      10
       6
       9
       8
      11
      10
       5
       7
       6
      10
       6
       8
       4
      10
      11
      18
       3
       5
       8
       7
       8
       6
       7
      10
      13
      10
       8
       8
      11
       6
       7
      10
       6
       5
       6
      10
      13
      11
       9
       5
       9
      12
      11
       4
       5
       5
      10
       7
       6
      11
       6
      11
       9
       7
       6
       4
       7
       9
      10
       5
      12
       8
      13
       6
       9
       5
       8
       9
      10
      13
       9
       5
       8
      11
      16
      10
      10
      10
       5
       7
      10
      10
       6
       9
       9
       8
      12
      11
       5
      14
       8
       6
      10
      13
       8
      10
       2
       8
       5
      12
       8
       9
       8
      11
       9
      13
      11
       9
       8
       8
      13
       5
       9
       5
      12
       5
      15
       6
       8
       9
       6
       9
      15
       8
       8
       9
       5
      11
      11
      16
       8
       1
       8
      14
       6
       4
       7
      14
       8
      10
       9
       8
      12
       7
       8
      11
      11
       7
       3
      12
       8
       6
       7
      12
      10
       4
       7
       5
       2
       8
       5
       6
      10
      10
       9
      11
       7
      12
       8
       7
      10
      12
       7
      11
      16
      10
       4
      11
       8
      10
      13
       8
       6
       6
      13
      10
       9
       6
      11
       6
       9
      16
      10
       8
      12
       4
      15
       6
      12
       6
       9
      12
      12
       9
      14
       6
       6
      10
      10
       7
       9
      15
      18
       3
       7
       9
      12
       4
       7
       9
      14
       3
       4
      11
       6
       4
      10
      12
       7
       7
       9
       8
      10
      11
       4
       7
      10
      10
      13
      11
       7
       8
       9
       7
       6
       7
       6
       4
       7
      11
       8
       5
       8
       5
       8
       5
      10
       7
       5
       3
      12
       7
       3
       4
       8
       5
       9
      11
       7
      18
       7
      12
       6
       5
       2
      10
      10
       9
       5
       9
      10
      10
       7
       6
       5
       7
       9
       7
       8
       8
       8
       3
       8
       3
       8
       6
       5
       4
       9
       7
      12
      13
       6
       5
       6
       5
       7
       4
       7
      11
      12
      10
       5
       9
      11
      10
      10
       2
      11
       8
      12
       7
      11
      12
       9
       6
       9
       3
       8
       6
       9
       8
       9
       5
       7
      12
       4
       8
       8
       8
       8
       3
      13
       6
       9
       8
       7
      11
       8
       9
       9
      11
      13
       7
      11
       8
       4
       5
      11
      10
      14
       9
      12
       7
       6
      12
       6
       5
       5
       8
      10
       6
       5
       6
      11
      13
       7
       9
      16
      10
      13
       5
       9
       6
       7
       6
      10
      13
       9
      11
      13
       6
       7
      10
       6
       9
      13
      12
       6
      10
      10
       4
       8
       6
       8
       6
      13
       5
       8
      11
      10
       7
       7
       8
       9
      13
      12
      12
      12
       6
       8
       9
      13
      11
       8
      13
       6
       7
       7
       7
       5
       6
      14
       8
       5
       9
      13
       2
       6
      11
       8
       6
       7
      13
       8
       4
       5
       7
      11
      12
       7
      12
       9
       9
      10
       8
      10
      12
       9
      18
      10
       9
       5
       9
       3
       7
      10
      13
      12
      10
      11
      13
      10
      10
       9
       9
       6
       9
      11
      16
       7
       4
       6
       4
       5
       9
       6
      10
       7
      12
       8
      12
      10
       8
      10
       8
       7
       8
      11
      14
       8
      11
       7
      10
       8
       8
       5
       9
       6
       7
      11
       8
      12
       9
       6
       4
       8
       8
       8
       8
      11
      10
       6
       8
      11
       9
      10
       8
       7
       6
      15
      10
       8
       5
       5
      10
       8
      11
       7
       2
      10
       9
       8
       8
       9
       7
      10
       9
      11
      14
      17
       5
       8
       8
      11
       9
       3
       9
      13
      11
       9
       6
      15
       7
       8
       9
       7
       6
      10
      14
      12
       7
       7
       8
      12
       5
      11
       8
      11
      11
       5
       8
       8
       9
       7
      10
       8
       8
       5
       5
      12
       5
       9
       9
       6
      11
      10
       6
      11
      15
      11
       3
       7
      10
      10
      12
      14
       9
       2
       8
      14
       8
       7
       6
      10
      11
      13
       6
       8
      10
      11
       8
       9
      11
      13
       6
      15
       6
      11
      10
      10
      14
       7
       9
       6
       7
       7
      13
       6
       6
       8
      11
       7
      11
      10
       6
       9
       2
      11
       2
       9
       4
       4
       7
      10
       8
      12
      10
       9
       9
      10
       4
      11
       9
      15
       7
      14
      11
       7
      12
      11
      12
       9
       8
      12
       5
       6
       7
       7
       5
       6
       8
      11
      12
       8
       8
      10
      10
       9
      15
       7
       9
      14
       9
       8
      11
      14
      13
      11
       9
      12
       6
       3
       8
      13
       9
      10
       6
      13
      10
      11
       9
      10
      11
       2
       3
      12
      12
      10
       6
      10
      10
      11
       5
       9
       9
      11
       8
      15
       7
       7
      10
      10
      10
      20
       9
      12
      13
      10
      10
       8
       4
       9
       8
       5
       7
       9
       3
       7
       9
       9
       7
      11
       9
      11
       9
       7
       7
       8
      10
      10
      15
       7
      12
      13
       6
      11
       6
      12
      12
      12
      16
      14
      11
       4
       9
       8
       7
       7
      10
       4
       6
      12
      11
       6
       7
      15
      10
      15
      10
      15
       8
       6
       7
      11
      12
       6
      12
       8
      11
       6
      12
      11
       7
       6
      11
      11
       9
       6
      11
       6
       4
       9
      14
       6
      13
       6
      11
      11
       9
      11
      11
       3
       7
       9
      11
       7
       9
      13
       7
       7
      19
      15
       3
       8
      13
       6
      15
      17
       4
       6
      11
       6
      10
      12
       6
       8
       8
       7
       5
       9
      10
       9
      12
      14
      17
       9
       7
       7
       7
       7
      10
      14
      11
      11
       4
       4
       5
       8
       6
       7
      12
       6
       7
      13
      16
      14
      10
       7
      13
      10
      12
       6
      11
      12
      11
      11
       8
       6
      14
       4
      12
       4
      14
       8
       7
      12
      11
      13
       9
       6
      10
       8
       7
       5
      12
      14
      11
       5
       5
       7
       7
       7
       8
       8
      13
       7
       8
      12
       9
       5
       6
      12
       8
       5
       2
       9
       5
      11
      11
      10
      11
      13
      10
       5
      13
       3
       7
       7
      11
       9
      10
       9
       8
       7
       4
       9
       6
       9
       8
      13
       8
       8
      12
       1
      12
      11
       6
      16
       9
      10
       8
      12
       9
      11
      10
       8
       5
       8
      10
      10
      12
       7
       9
      10
       9
       7
       5
       9
       9
       1
       9
      12
       6
       3
      11
       8
      13
      10
       9
       9
      15
      16
      11
       5
      10
      11
       4
       8
       5
       5
       4
      12
      10
      14
       9
      11
       9
       8
       6
       5
       6
      11
       7
      10
      15
       8
       4
       4
       8
       5
      10
       6
       9
      14
       6
       9
      12
       8
      10
       6
      16
       8
       8
      21
      12
      11
      11
       8
      10
      12
      10
       9
      11
      12
      16
       8
      11
      10
       6
       9
      11
       7
      14
       8
      10
      11
       5
       5
       7
       9
       8
       8
       9
      10
       9
       6
       6
      12
       8
       6
       9
       8
      12
       8
       6
       8
       8
       3
      10
      12
      10
       9
       6
       7
      10
      14
       9
      15
      12
      10
       9
       5
      11
       5
      12
       7
      10
       8
       7
       9
       9
      11
       3
      10
       9
       9
       4
       5
       7
       9
      21
       7
      15
      10
       5
       9
      10
       8
      10
       8
       7
       8
      10
      11
      10
       7
      14
      13
      14
      11
      11
       3
      11
      11
       6
       9
       9
      11
       3
       8
       7
      15
       2
       5
       9
       2
       9
       9
       7
       7
       9
       7
       7
      11
      13
      12
      11
       7
       9
       7
      11
       6
      10
       9
       7
      11
      12
      10
       6
       8
       5
       9
      10
       9
       8
      12
       9
      12
      11
       4
       7
       8
      10
      10
       9
      12
      16
       5
      12
       7
       9
      10
      14
       5
      11
       9
      11
       9
      13
      10
       7
      11
       6
       8
       7
      11
      14
      18
      10
       5
       8
       6
       6
      10
      10
       8
      14
      12
      13
      12
       6
      11
       8
      16
      13
       9
       9
       7
       7
       8
       4
       4
      11
       6
      10
      15
      11
       1
      10
      10
      13
      11
       9
       6
      13
       4
      10
       6
      13
      15
      11
       8
      11
       9
       9
      12
       5
      18
      10
       9
       9
      12
      10
       9
       9
       7
      11
       8
       6
      12
       8
      10
       8
       8
       4
      13
      10
      12
       5
      16
      11
       7
       6
       7
      16
       8
      11
       8
      10
       9
      10
      11
      12
       7
       9
       8
      15
      12
       9
      12
       7
       9
       8
       6
       5
       7
       6
       6
       8
      13
      15
      14
       9
       7
       6
       6
       9
       8
       8
       5
      11
      21
      13
       8
       5
      10
      11
      10
      10
      12
       9
      11
       6
      11
      10
      12
      10
       8
      16
       8
       5
       7
       9
      14
       6
       8
       7
      11
       8
       6
      12
       7
       7
      11
       8
       4
       4
       6
       9
      10
      10
       4
      11
      10
       9
       8
      13
       8
      17
       6
       9
      11
       8
       8
       7
       7
       9
       5
      11
      10
       7
       8
       8
      11
      13
      13
       5
       8
       7
      12
       6
      14
      11
      11
      10
       5
       0
      10
       6
       9
      12
       6
      11
       8
       8
      14
       6
       8
       8
       8
       8
       5
       6
       7
      14
       5
      11
       6
      12
      14
       3
       6
       9
       8
      10
       9
       6
      13
       7
       8
       9
      12
      12
      11
       9
       9
      15
       9
      12
      12
       6
      11
      11
       7
      11
      10
       9
       6
       6
      11
      10
      14
      11
      10
      14
       6
      10
       9
       8
      10
      11
       5
      13
      10
      11
       9
      11
      13
      12
       7
      10
       9
      10
       7
      12
      12
       9
      11
      10
       7
      11
       7
      11
      16
       9
       9
       7
       6
       6
       6
      16
      10
       9
       8
       5
       9
       6
       5
       7
      10
       8
       6
       5
       9
      15
      10
       9
      12
       8
       8
       9
      14
       6
       7
       7
       8
       4
      11
       6
      12
       4
       7
       6
      10
       7
      11
       7
      15
      13
      11
       6
      11
      12
       8
       7
       9
       9
     147
     309
     242
     270
     300
     271
     273
     296
     267
     295
     288
     277
     292
     255
     271
     278
     280
     251
     253
     259
     245
     259
     296
     274
     296
     284
     292
     246
     276
     280
     275
     306
     261
     281
     310
     281
     267
     269
     276
     294
     315
     275
     304
     279
     302
     273
     291
     286
     290
     266
     279
     294
     293
     293
     296
     257
     296
     260
     275
     284
     245
     263
     285
     289
     261
     283
     260
     272
     263
     288
     260
     250
     261
     267
     281
     263
     280
     272
     268
     281
     249
     262
     246
     277
     258
     254
     252
     248
     264
     252
     280
     266
     268
     278
     236
     281
     266
     275
     265
     271
     258
     289
     263
     257
     255
     236
     250
     281
     269
     304
     260
     267
     288
     289
     270
     278
     275
     256
     232
     264
     235
     287
     256
     266
     253
     228
     262
     257
     268
     263
     283
     258
     299
     240
     272
     289
     248
     253
     236
     288
     253
     254
     263
     259
     270
     253
     239
     271
     255
     296
     265
     262
     245
     250
     273
     245
     260
     260
     243
     250
     261
     282
     266
     281
     263
     260
     270
     254
     229
     257
     276
     279
     243
     271
     286
     257
     257
     251
     264
     271
     259
     217
     227
     243
     119
$ROI:
5
349 399
960 988
992 1050
1491 1501
5157 5169
$PRESETS:
None
0
0
$ENER_FIT:
0.000000 0.107033
$MCA_CAL:
3
0.000000E+000 1.070331E-001 0.000000E+000 keV
$SHAPE_CAL:
3
0.000000E+000 0.000000E+000 0.000000E+000
