$SPEC_ID:
23cm counts
$SPEC_REM:
DET# 1
DETDESC# DLAB-PHY-L3-49 926 Right
AP# Maestro Version 7.01
$DATE_MEA:
10/28/2024 15:33:48
$MEAS_TIM:
569 723
$DATA:
0 8191
       0
       0
       0
       0
       0
       0
       0
       1
       0
       0
       0
       0
       0
       0
       0
       0
       0
       0
       0
       0
       1
       1
       0
       0
       1
       6
      13
      26
      22
      47
      76
      93
     109
     150
     218
     688
    2500
    6113
   11429
   16100
   19162
   20547
   20654
   19252
   16706
   14485
   12308
   10856
    9090
    7735
    6728
    5751
    5102
    4306
    3763
    3298
    2849
    2391
    2202
    1887
    1648
    1456
    1287
    1115
    1128
     878
     810
     697
     712
     608
     558
     482
     421
     409
     325
     352
     336
     293
     285
     258
     227
     259
     207
     212
     190
     226
     196
     193
     181
     182
     180
     173
     187
     146
     136
     166
     181
     156
     139
     143
     165
     149
     115
     130
     132
     126
     138
     116
     145
     127
     130
     126
     136
     131
     134
     129
     119
     112
     139
     130
     129
     139
     119
     123
     125
     111
     123
     130
     121
     114
     135
     112
     113
     106
     135
     116
     116
     117
     121
     130
     105
     122
     107
     145
     111
     117
     132
     109
     129
     111
     114
     100
     128
      97
     101
     108
     106
     120
     106
     120
     120
     118
     122
     119
      93
     111
     114
     115
     127
     109
     104
     114
     101
     117
     107
     103
     105
     113
     128
     124
      94
      98
     103
     101
     122
     135
     106
     110
      98
     118
     111
      99
     125
     107
      95
     110
     101
     109
     106
      88
     107
     100
     103
     109
     108
     113
     106
     108
     109
     108
     108
      96
     109
     104
     101
      95
     124
     109
      93
     111
     105
      82
     122
      99
     106
      95
     115
      75
     104
     104
     109
     103
      93
     115
      97
     117
      82
     115
     100
      95
      98
     103
     103
     105
     100
      95
      92
      91
      99
      99
     108
     107
      96
      89
     100
     102
     110
      98
      87
      96
     102
      84
      99
      89
      97
      92
      81
     103
     111
      95
     106
      97
     100
     101
     112
     102
      91
      87
     113
     118
      95
      95
      93
      92
     119
      94
     111
     108
     103
      85
      96
      87
      86
     103
     107
      92
     100
      99
      85
      89
     107
     109
      75
      87
      95
      95
      85
      79
      96
      86
      94
     104
      94
      99
      95
     111
      95
     105
      97
      97
      93
     101
      75
      85
     100
      85
      94
      80
      91
      97
      74
      88
      90
      93
     102
     106
     111
     111
      91
      97
      91
      86
      94
      94
      84
      84
      87
      90
      80
      88
      92
      85
     107
      78
      90
     106
      88
      94
      80
      79
      93
     102
      94
     107
      86
      99
      81
      89
     107
     105
      86
      84
      76
     109
      79
      98
     103
     104
      88
     102
      77
      73
      93
      89
      94
      88
      92
      88
      98
     100
     100
      82
      85
      91
      93
     102
      96
      84
      96
      72
     100
      94
      74
      86
      89
     100
      92
      89
      79
      94
      92
      77
     117
      78
      90
      94
      88
      90
      84
      93
      90
      80
      96
      96
     100
      85
      86
      89
      77
      85
      86
      96
      88
      89
      81
      71
      93
      92
      71
      84
      82
      80
      90
      81
      73
      90
      95
      84
      92
      91
      78
      91
      79
     104
      80
      71
      83
      85
      94
      95
      83
      75
      92
      95
     103
      92
      88
      92
      97
      91
      77
      80
      85
      94
      97
      98
      89
      91
     110
      88
      82
      76
      81
     108
      89
      74
      82
     106
     105
      93
      84
      92
      97
      83
      82
     104
     101
     101
      90
     103
      93
      96
      84
      98
      93
      70
      85
      82
      89
     102
      86
      93
      92
      80
      69
      86
      86
      87
      67
      89
      95
     109
      96
      83
      82
      96
      85
      76
      93
      90
      76
      85
      86
      86
     103
      79
      85
     102
     100
      93
      91
      89
      95
      88
      80
      89
      86
      79
     104
      87
      90
      80
      76
      99
      90
      81
      74
     102
      96
      89
     111
      73
      84
     102
      92
      86
      96
      99
      73
      83
      74
      93
      88
      76
      95
      87
      98
      83
      66
      83
      84
      87
      79
      89
      82
      73
      90
      95
      74
      71
      87
      97
      77
      83
     107
      86
      93
      76
      97
      95
      96
      92
      97
      86
      79
      78
     103
     105
      89
      85
      96
      74
      96
      95
      97
      91
      98
      88
      86
      85
      82
     107
     107
      86
      74
      88
     116
     114
     111
      86
     102
      96
     106
      95
     104
     102
     125
     103
     101
     111
     112
     111
     111
     125
     110
     116
     109
     115
     107
     127
     123
     117
     132
     130
     127
     106
     104
     131
     116
     129
     136
     133
     117
     110
     121
      95
     129
     105
     115
     117
     113
     106
     114
      86
     103
     118
     111
     117
      96
     106
     105
      88
     111
     109
     113
     107
      91
      98
     101
      94
      89
     116
     103
      83
      95
     108
      87
      90
      71
     100
      89
      92
      93
      90
      82
     102
      84
      90
     101
      99
      80
      75
      98
      99
     101
      92
     100
      76
      80
      90
     110
      89
      99
      83
      87
      82
      92
     106
      98
     100
      94
      80
      83
      82
      86
      82
     104
      99
     112
      80
      88
     109
     105
      98
     103
      97
     104
      97
      88
      97
      98
     106
      95
      94
      97
     117
      88
      93
      95
      87
      90
     101
     107
      97
      87
      94
      98
      98
     101
      94
      91
      97
      91
     102
      98
     107
      80
      97
      91
      89
      99
      97
      90
      93
     101
      91
      86
     103
      98
      81
      80
      99
      90
      67
      84
      79
      86
      92
      71
      77
     100
      94
      75
      95
     101
      87
      69
      87
     105
      79
      81
      95
     106
      95
      75
      69
      82
      77
      70
      78
      90
      89
      76
      71
      81
      86
      87
      83
      92
      83
      73
      79
     103
      91
      86
      90
      85
      68
      89
      84
      83
     101
      79
      80
      64
      74
      90
      82
      88
      75
      72
      70
      86
      91
      68
      80
      78
      80
      93
      91
      72
      96
      91
      85
      84
      79
      84
      74
     101
      90
      89
      87
      78
      80
      78
      69
      70
      79
      74
      78
      81
      91
      75
      82
      87
      70
      58
      89
      75
      84
      87
      69
      72
      88
      91
      85
      75
      81
      84
      78
      86
      90
      71
      98
      77
      89
      77
      82
      70
      63
      71
      85
      88
      82
      79
      84
      90
      64
      86
      90
      80
      95
      72
      86
      83
      78
      83
      84
      80
      75
      97
      82
      65
      60
      76
      75
      77
      65
      74
      84
      78
      78
      75
      68
      71
      90
      78
      85
      81
      87
      79
      75
      81
      95
      80
      86
      81
      74
      98
      75
      82
      70
      68
      82
      76
      83
     102
      90
      76
      90
      80
     100
      79
      69
      75
      66
      79
      89
      90
      85
      81
      80
      78
      70
      62
      72
      70
      59
      76
      80
      90
      84
      79
      87
      89
      76
      73
      78
      73
      79
      74
      74
      84
      67
      84
      83
      87
      65
      67
      76
      89
      72
      83
      85
      83
      64
      83
      71
      72
      86
      81
     100
      89
      94
      70
      84
      97
      87
      80
      76
      86
      70
      78
      74
      92
      79
      83
      76
      84
      77
      83
      80
      80
      89
      80
      81
      84
      84
      76
      74
      92
      76
      71
      80
      69
      80
      96
      84
      73
      83
      74
      84
      76
      87
      94
      84
      80
      84
      66
      88
      68
      94
      78
      75
      86
      77
      88
      76
      84
      76
      87
      58
      75
      92
      71
      87
      67
      82
      64
      78
      97
      87
      74
      70
      87
      80
      80
     100
      74
      70
      94
      69
      86
      86
      84
      87
      69
      84
      75
      73
      78
      63
      86
      86
      71
      89
      70
      74
      77
      76
      61
      84
      81
      87
      79
      79
      92
      59
      79
      68
      72
      85
      76
      71
      73
      70
      73
      83
      84
      80
      69
      84
      83
      85
      98
      72
      99
      85
      90
      80
      79
      71
      85
      87
      77
      58
      77
      85
      79
      93
      87
      83
      69
      86
      72
      67
      83
      77
      85
      84
      94
      79
      81
      93
      83
      73
      75
      70
      68
      82
     100
      75
      78
      72
      80
      66
      90
      85
      96
      68
      71
      83
      88
      78
      79
      91
      75
      73
      78
      86
      90
      82
      89
      76
      92
     100
      81
      79
      79
      74
      82
      68
      78
      87
      82
      67
      63
      79
      74
      95
      76
      82
      81
      80
      90
      72
      79
      89
      93
      73
      49
      85
      78
      84
      90
      92
      74
      86
      93
      81
      72
      72
      89
      90
      79
      65
      81
      81
      68
      98
      80
      71
      78
      80
      72
      73
      86
      95
      79
      65
      62
      83
      86
      73
      67
      84
      84
      66
      88
      75
      93
      73
      78
      85
      77
      89
      88
      70
      63
      82
      83
      73
      81
      87
      67
      88
      89
      56
      61
      93
      67
      85
      69
      78
      79
      89
      91
      80
      75
      66
      87
      89
      63
      85
      82
      76
      76
      90
      77
      67
      76
      91
      84
      84
      79
      75
      73
      82
      69
      93
      90
      61
      76
      76
      67
      64
      76
      65
      80
      95
      59
      67
      92
      89
      70
      70
      78
      78
      80
      83
      71
      76
      90
      72
      62
      91
      80
      66
      71
      76
      86
      69
      69
      67
      76
      86
      83
      71
      64
      89
      64
      71
      78
      59
      83
      82
      88
      90
      84
      78
      87
      86
      87
      82
      77
      77
      64
      80
      84
      70
      83
      81
      84
      91
      71
      58
      70
      57
      77
      86
      74
      85
      68
      82
      79
      82
      88
      95
      80
      70
      93
      76
      80
      71
      78
      71
      83
      88
      68
      88
      66
      83
      80
      61
      80
      78
      82
      77
      71
     102
      78
      81
      71
      84
      88
      75
      83
      91
      81
      78
     105
      78
      75
      80
      81
      72
      73
      87
      73
      77
      84
      88
      94
      61
      71
      72
      75
      72
      79
      77
      72
      78
      65
      70
      84
      84
      84
      80
      76
      81
      83
      76
      81
      78
      78
      92
      81
      65
      58
      84
      82
      89
      70
      82
      87
      87
      71
      66
      70
      70
      89
      70
      81
      66
      84
      85
      72
      77
      76
      66
      76
      75
      85
      73
      91
      72
      87
      71
      81
      84
      75
      74
      80
      77
      78
      73
      88
      74
      75
      91
      77
      75
      87
      69
      79
      75
      83
      63
      81
      82
      76
      80
      82
      95
      86
      98
      71
      79
      92
      93
      68
      85
      75
      93
      74
      82
      78
      74
      87
      66
      90
      79
      70
      75
      84
      59
      78
      76
      91
      86
      80
      81
      82
      83
      65
      80
      67
      78
      81
      89
      84
      75
      70
      87
      89
      75
     108
     100
      93
      77
      89
      89
      81
      88
      77
      89
      73
      83
      90
      88
      85
      89
      87
      68
      92
      88
      94
     102
      76
     102
      78
      84
      83
      92
      80
      93
      94
      87
      94
      86
      87
      77
      80
      89
      79
     100
      80
      93
      91
      99
      76
     101
      99
      75
      93
      83
      88
      92
      96
      85
      79
      84
      96
      88
      71
      98
      94
      94
      79
      94
      91
      88
      74
     109
      83
      90
      70
      88
      92
     100
      84
      77
      86
      93
      87
     108
      86
      89
      85
      73
      85
      75
      69
      99
      92
      66
      77
      88
      95
      86
      72
      79
      90
      84
      83
     104
     110
      77
      81
      73
      97
      97
      85
      70
      90
      80
      99
      82
      99
      73
      94
      86
      89
      83
      93
      81
      74
      92
      97
      93
      84
      80
      91
      87
      80
      76
      97
      73
     101
      95
      90
      86
      75
      94
     102
      68
      77
      84
      93
      78
      85
      83
      72
      91
      88
      91
      91
      93
      90
      98
      84
      80
      69
      85
      78
      83
      90
      73
      86
      81
      85
      91
      79
      79
      92
     100
      73
      78
      78
      99
      70
     101
      79
      85
      89
      85
      94
      78
      81
      84
      85
      84
     101
      58
      67
      73
      77
      78
      83
     103
      73
      62
      86
      74
      81
      80
      75
      87
      91
      82
      87
      84
      80
      88
      96
      62
      99
      77
      84
      86
      97
      72
      88
      92
      88
      89
      72
      82
      89
      64
      96
      89
      80
      79
      68
      80
      84
      81
      84
      81
      90
      84
      72
      86
      75
      73
      69
      85
      99
      80
      85
      96
      79
      72
      86
      77
      96
      86
      84
      78
      93
      80
      86
      96
      77
      97
      95
      81
      75
      94
      96
      74
      80
      91
      84
      76
      77
      91
      69
      78
      97
      92
      90
      81
      99
      92
      94
      75
      85
      74
      70
      82
      66
      99
      88
      88
      84
      89
      79
      72
      77
      75
      69
      60
      77
     103
      66
      80
      67
      76
      69
      87
      66
      80
      92
      90
      81
      73
      79
      93
      72
      78
      97
      73
      70
      73
      91
      95
      63
     103
      98
      66
      79
      88
      79
      74
      84
      87
      78
      78
      79
      86
      84
      72
      74
      86
      80
      72
      87
      71
      84
      82
      78
      74
      85
      92
     104
      79
      86
      80
      79
      78
      79
      78
      74
      77
      87
      67
      85
      78
      89
      78
      75
      77
      87
      82
      98
      81
      77
      73
      82
      81
     108
      85
      71
      90
     104
      78
      82
      97
      80
      83
      78
      88
      77
      83
      76
      81
      78
      73
      82
      80
      88
      76
      86
      70
      81
      70
      75
      63
      96
      83
      87
      75
      87
      84
      88
      79
      85
      89
      83
      99
      87
      67
      89
      89
      70
      79
      77
      88
      92
      80
      96
      86
      89
      77
      71
      75
      85
      89
      67
      94
      87
      96
      96
      82
      74
      98
      80
      77
      99
      71
      79
      76
      94
      75
      79
      64
      83
      87
      81
      72
      96
      87
      78
      86
      89
      92
      76
      74
      94
      78
      96
      80
      81
      78
      87
      85
     112
      87
      88
      84
      83
      81
      82
      77
      99
      88
      81
      81
      65
      78
      89
      83
      73
      77
      81
     101
      81
      86
      87
      73
      93
      79
      75
      84
      78
      85
      87
      99
      96
      77
      97
      87
      80
      86
      95
      74
      94
      92
      84
      90
      71
      77
      68
      97
      86
      95
      75
      71
      74
      64
      81
      87
      80
      87
     100
      85
      83
      92
      81
      79
      97
      72
      96
      70
      77
      96
      88
      82
      77
      81
      84
      72
      91
      88
      65
     105
      82
      86
      83
      89
      84
      75
      75
      94
      91
      63
      75
      82
      77
      92
      97
      79
      80
      67
      93
      87
      91
      67
      87
      92
      74
      61
      81
      67
      77
      93
      76
      92
      79
      80
      72
      79
      62
      84
      76
      73
      95
      81
      82
      89
     108
      77
      75
     105
      74
      85
      76
      81
      79
      78
      86
      91
      76
      96
      71
      73
      81
      66
      89
      72
      90
      81
      86
      84
      81
      75
      73
      89
      78
      89
      84
      84
      85
      85
      94
      74
      90
      78
      84
      83
      89
      95
      98
      67
      81
      75
      71
      87
      75
      85
      68
      91
      91
      94
      78
      80
      88
      92
      86
      96
      89
      75
      87
      75
      70
      82
     102
      65
      85
      85
      78
      87
      86
      72
      76
      87
      74
      84
      83
      88
     101
      67
      98
      73
      84
      88
      77
      90
      77
      72
      75
      74
      66
      85
      59
      70
     101
      78
      87
      82
      80
      77
      90
      92
      95
      67
      83
      87
      78
      77
      86
      75
      75
      75
     103
      82
      95
      67
      81
      83
      86
      89
      91
      82
      80
      77
      88
      71
      63
      73
      66
      61
      98
      86
      77
      85
      75
      83
      79
     104
      79
      87
      70
      90
      92
      72
      84
      89
      78
      78
      73
      86
      68
      69
      89
      83
      72
      80
      80
      85
      97
      70
      70
      79
      86
      74
      97
      78
      69
      95
     101
      95
      81
      93
      83
      87
      88
      69
     104
      84
      74
      60
      83
      75
      90
      76
      89
      83
      69
      77
      79
      80
      73
      68
      78
      85
      95
      87
      88
      65
      95
      66
      77
      84
      91
      73
      89
      77
      87
      80
      82
      84
      91
      92
     100
      84
      87
      95
      69
      80
      87
      84
      90
      82
      84
      79
      87
      90
      73
      67
      77
      64
      82
      78
      89
      75
      72
      66
      97
      76
      91
      76
      76
      91
      67
     107
      86
      73
      86
      82
      97
      75
      93
      82
      69
      83
      70
      91
      65
      69
      88
      87
      77
      78
      65
      82
      89
      92
      84
      83
     101
      82
      84
      72
      86
      69
      73
      88
      79
      87
      76
      90
     100
      79
      80
      77
      76
      82
      82
      85
      85
      90
      83
      78
      74
      79
      75
      97
      91
      79
      76
      75
      84
      80
      85
      91
      65
      86
      86
      95
      88
      85
      74
      76
      94
      88
      59
      89
      74
      76
      75
      87
     100
      77
      82
      90
      88
      80
      81
      73
      78
      79
      95
      78
      91
      86
      85
      82
      83
      88
      60
      90
      70
      79
      80
      74
     107
     112
      86
      74
      95
      84
      97
      69
      65
      80
      91
      87
      87
      76
      75
      76
      84
      86
      84
      74
      66
      88
      87
      87
      76
      73
      81
      87
      80
      89
      97
      76
     101
      86
      86
      93
      73
      69
      70
      81
      75
      83
      80
     104
     100
     100
      78
      72
      82
      91
      84
      90
      74
      83
      85
      88
      93
      59
      88
      79
      88
      93
     106
      92
      75
      92
      75
      68
      87
      72
      81
      70
      92
      84
      89
      76
      92
      95
      76
      92
      74
      89
     103
      84
      83
      86
      72
      75
      79
      84
      82
      78
      92
      84
      84
      92
      99
      94
      84
      91
      91
      82
      94
      97
      91
     113
      90
      77
      81
      93
      92
      95
      76
      87
      81
      86
      83
      93
      82
      88
      85
      71
      73
      89
      81
      89
      95
      83
      71
      77
      91
      82
      78
      80
      89
      69
      91
      91
      83
      79
     100
      85
      78
      87
      72
      90
      89
      78
      91
      88
      83
      75
      75
      93
      87
      78
      76
      78
      96
      76
      75
      91
      96
     111
      78
     102
      96
     110
      81
      88
      95
      90
      97
      94
      85
      86
      81
      90
      85
      74
      83
      75
      78
      80
      87
      85
      95
      71
     114
      79
      99
      80
      74
      95
      87
      80
      96
      94
      93
     102
      84
      87
      67
      82
      93
      93
     102
      79
      75
      81
      86
      72
      85
      94
      84
      82
      77
      94
      90
      88
      96
      89
      89
      81
      84
      84
      91
      92
     100
      87
      98
      87
     108
      87
      78
      85
      95
      86
      93
      92
      94
      86
      88
      84
      95
     101
     104
      86
     109
      68
      85
      87
      94
      87
      88
      74
      93
      99
      88
      85
      94
      96
     102
      79
      95
      84
      85
      92
      90
     101
     117
      93
     101
      93
     108
      97
      93
      85
      74
     108
      93
      87
      81
      86
      98
      85
     101
      99
      92
     107
     104
      99
     110
     101
      86
      78
      97
     100
      98
      92
     102
     108
     124
      97
      98
      92
      80
      87
      80
     111
      85
      80
      86
      95
      98
      98
      93
     113
      84
      87
      98
      96
     103
     121
     103
      87
      88
     110
      78
      99
     103
      88
     110
      85
      99
     102
      94
     105
     105
     106
      81
      91
      92
     101
      87
     106
     105
     101
     113
      94
      98
      90
      99
      93
     109
     120
      99
      89
     106
      85
      97
      98
     103
      80
      95
      92
      82
      96
     106
      98
     103
      93
      99
     100
     102
     116
      99
     100
     103
     106
     100
     106
      87
     112
      80
      90
      89
      84
      96
      97
      98
     114
      88
      94
      94
     102
      99
     120
      94
     102
      87
     107
      98
     100
      95
      89
      98
     100
      91
     100
      91
      91
      94
     111
      98
     112
      87
      96
     101
      69
     122
     118
     102
     109
     104
     100
      92
      91
      95
      65
     106
     109
      93
     108
     105
     103
     101
     101
      99
      94
     112
     104
      97
     105
     102
     105
      92
      95
     115
     112
     100
      96
     106
     102
     102
     111
      94
      96
      92
     109
      98
     106
      90
     105
     102
     100
     137
     100
      90
     102
     105
     106
     114
     104
     107
     123
      85
     104
     110
      94
      98
      88
     110
     101
      83
      96
      99
     104
      94
     100
      92
     117
      87
     100
      88
     115
      96
     119
     106
      92
     113
     107
     101
      98
     107
     114
     116
      98
     110
      97
      81
     111
     100
     109
      95
     116
     100
     100
     125
      99
     103
     107
     111
      99
     102
     108
      90
      90
     100
     113
     112
     105
     113
      96
     105
      86
     111
     106
     111
      81
     109
     111
     117
     120
     114
     102
     102
     100
      87
     128
     107
     109
     103
     106
     111
      87
     115
     109
     105
     106
     104
     101
     109
      99
     114
     116
     119
     115
     102
     103
      95
      96
     101
     103
     106
     103
     102
     120
     105
     103
      81
      92
      99
     107
     110
      98
      90
      90
     108
      95
      90
     121
     106
      92
     110
     110
     104
      90
      99
      95
     102
     112
     111
     105
     114
     108
      91
     108
     102
     102
     125
     102
     109
     102
      87
      77
      86
      84
     116
      81
      83
      82
      98
      99
      92
     120
      83
      82
      97
      76
      94
      97
      90
     101
      90
      74
      83
      77
      84
     106
      81
      92
      90
      73
      78
      76
      72
      75
      84
      83
      84
      90
      88
      85
      73
      90
      89
      83
      91
      68
      78
      68
      84
      65
      84
      74
      82
      62
      79
      87
      60
      52
      80
      75
      66
      76
      78
      53
      82
      92
      58
      79
      73
      64
      65
      63
      80
      74
      68
      60
      81
      80
      70
      79
      75
      54
      72
      66
      75
      74
      59
      63
      62
      57
      61
      63
      60
      70
      76
      54
      58
      62
      61
      59
      70
      62
      66
      77
      63
      56
      67
      62
      61
      67
      42
      60
      62
      70
      70
      54
      69
      71
      59
      63
      50
      75
      73
      63
      79
      76
      67
      67
      48
      78
      57
      66
      68
      62
      64
      71
      56
      77
      62
      42
      58
      69
      51
      57
      47
      62
      64
      76
      63
      65
      51
      49
      51
      61
      64
      62
      47
      61
      53
      53
      57
      60
      64
      54
      62
      58
      60
      52
      62
      62
      45
      50
      49
      50
      68
      51
      52
      55
      54
      59
      65
      48
      36
      44
      41
      45
      70
      67
      55
      52
      64
      60
      54
      63
      67
      61
      52
      52
      65
      53
      61
      43
      47
      47
      64
      61
      65
      62
      65
      49
      44
      52
      51
      50
      54
      49
      53
      48
      51
      58
      52
      49
      67
      51
      57
      60
      37
      56
      51
      47
      43
      47
      56
      56
      61
      40
      41
      49
      57
      42
      60
      69
      60
      52
      43
      54
      50
      54
      52
      57
      47
      44
      66
      50
      48
      50
      46
      61
      63
      48
      63
      54
      49
      42
      49
      35
      49
      40
      53
      63
      44
      60
      46
      50
      44
      54
      49
      52
      44
      53
      35
      50
      42
      51
      47
      42
      48
      39
      52
      48
      48
      60
      66
      51
      51
      53
      46
      54
      48
      55
      71
      56
      42
      42
      51
      55
      37
      50
      44
      36
      43
      41
      47
      51
      47
      36
      34
      41
      40
      45
      51
      44
      55
      50
      48
      49
      58
      37
      51
      35
      45
      36
      42
      52
      45
      48
      42
      50
      36
      36
      50
      40
      47
      47
      39
      52
      53
      50
      41
      57
      47
      40
      45
      35
      36
      53
      32
      58
      34
      37
      44
      56
      41
      39
      41
      43
      38
      38
      46
      43
      45
      41
      48
      38
      54
      43
      45
      33
      44
      42
      58
      41
      51
      35
      48
      37
      42
      48
      48
      51
      40
      36
      43
      39
      52
      35
      44
      44
      53
      48
      36
      42
      35
      32
      56
      44
      34
      44
      46
      31
      41
      30
      47
      45
      42
      42
      48
      42
      25
      35
      61
      45
      49
      40
      38
      24
      38
      39
      40
      31
      48
      43
      37
      42
      41
      41
      39
      32
      40
      42
      44
      43
      36
      50
      44
      47
      33
      41
      48
      33
      35
      32
      29
      37
      38
      47
      45
      43
      31
      33
      50
      35
      37
      31
      31
      49
      51
      41
      39
      37
      35
      47
      39
      36
      39
      32
      40
      45
      29
      25
      40
      41
      42
      40
      39
      35
      28
      32
      44
      33
      42
      28
      35
      33
      40
      38
      39
      35
      56
      25
      41
      39
      42
      42
      43
      33
      34
      38
      28
      26
      28
      33
      26
      36
      34
      37
      25
      39
      33
      42
      37
      29
      34
      26
      26
      28
      38
      39
      37
      30
      34
      36
      33
      35
      32
      42
      39
      44
      41
      33
      33
      42
      31
      39
      44
      34
      33
      27
      33
      36
      28
      47
      35
      36
      32
      29
      27
      30
      30
      41
      45
      35
      42
      25
      27
      28
      29
      29
      29
      32
      24
      29
      25
      28
      31
      29
      39
      32
      40
      23
      25
      36
      35
      29
      27
      42
      38
      36
      37
      28
      24
      25
      34
      29
      34
      23
      40
      29
      29
      32
      22
      29
      28
      38
      30
      36
      21
      33
      25
      38
      23
      31
      37
      39
      33
      24
      29
      31
      29
      35
      26
      38
      30
      44
      23
      32
      28
      30
      28
      26
      22
      41
      25
      25
      25
      34
      27
      22
      26
      34
      22
      24
      31
      36
      27
      31
      36
      33
      31
      27
      26
      33
      29
      25
      37
      28
      27
      33
      40
      26
      34
      42
      34
      26
      28
      24
      28
      29
      29
      40
      31
      32
      34
      31
      34
      29
      27
      31
      32
      32
      32
      37
      37
      34
      27
      28
      30
      33
      22
      53
      31
      27
      24
      29
      18
      26
      27
      32
      32
      35
      28
      26
      25
      38
      36
      31
      27
      24
      33
      38
      31
      36
      30
      24
      35
      30
      28
      25
      25
      32
      29
      17
      30
      32
      34
      21
      36
      20
      18
      30
      25
      29
      30
      25
      29
      36
      21
      30
      26
      26
      26
      35
      37
      31
      33
      27
      30
      23
      39
      20
      24
      36
      32
      18
      29
      34
      20
      28
      28
      22
      31
      25
      33
      22
      32
      13
      32
      34
      21
      23
      23
      27
      27
      26
      28
      25
      33
      27
      30
      23
      24
      24
      30
      25
      24
      32
      27
      27
      30
      31
      20
      38
      25
      30
      17
      24
      28
      25
      28
      21
      30
      32
      27
      34
      25
      23
      31
      17
      27
      24
      20
      27
      25
      31
      21
      31
      23
      18
      23
      24
      14
      21
      21
      31
      23
      20
      15
      24
      30
      20
      24
      26
      34
      24
      29
      22
      39
      15
      26
      30
      28
      28
      27
      19
      31
      17
      19
      20
      27
      28
      24
      34
      18
      33
      25
      29
      17
      28
      25
      24
      35
      33
      24
      31
      23
      26
      22
      29
      30
      29
      27
      22
      28
      21
      28
      16
      21
      32
      18
      26
      19
      20
      25
      24
      32
      33
      23
      18
      25
      25
      21
      26
      23
      24
      25
      29
      34
      21
      24
      34
      20
      22
      22
      22
      16
      22
      28
      32
      21
      22
      29
      28
      22
      21
      29
      23
      27
      24
      21
      22
      24
      18
      18
      18
      22
      18
      21
      26
      28
      22
      22
      20
      22
      16
      25
      36
      16
      23
      22
      14
      23
      27
      19
      25
      22
      22
      23
      19
      28
      27
      22
      15
      24
      15
      17
      18
      33
      19
      28
      30
      34
      25
      19
      19
      21
      28
      21
      21
      27
      21
      20
      29
      20
      29
      21
      24
      22
      23
      20
      31
      28
      22
      27
      22
      34
      22
      25
      26
      21
      20
      25
      23
      24
      23
      23
      30
      17
      20
      26
      31
      20
      15
      19
      22
      31
      25
      21
      31
      21
      29
      24
      24
      31
      23
      22
      21
      24
      19
      19
      23
      29
      19
      21
      23
      30
      19
      31
      20
      24
      21
      28
      25
      23
      26
      28
      28
      18
      20
      27
      23
      22
      17
      27
      22
      27
      20
      24
      33
      28
      21
      23
      21
      23
      25
      24
      27
      15
      22
      19
      22
      31
      24
      32
      19
      24
      17
      24
      31
      19
      25
      19
      24
      14
      22
      26
      19
      22
      20
      24
      23
      22
      20
      19
      21
      23
      28
      31
      21
      26
      22
      21
      19
      24
      24
      24
      16
      25
      21
      25
      15
      15
      23
      18
      27
      21
      33
      19
      20
      17
      22
      23
      26
      20
      23
      30
      25
      29
      28
      24
      16
      25
      22
      26
      28
      26
      28
      13
      25
      16
      20
      33
      25
      21
      16
      21
      14
      11
      26
      25
      20
      20
      11
      26
      21
      18
      23
      24
      32
      22
      22
      19
      20
      16
      18
      18
      20
      22
      25
      26
      28
      18
      22
      21
      24
      31
      23
      23
      17
      22
      22
      33
      23
      22
      29
      18
      22
      22
      21
      25
      33
      34
      16
      20
      21
      22
      20
      24
      29
      21
      19
      25
      21
      20
      21
      25
      35
      21
      31
      23
      25
      25
      24
      19
      20
      22
      25
      25
      27
      21
      26
      18
      25
      15
      19
      24
      20
      16
      28
      21
      18
      23
      25
      23
      26
      24
      27
      23
      32
      26
      20
      17
      22
      17
      18
      16
      26
      20
      21
      29
      22
      20
      23
      24
      17
      26
      24
      22
      30
      23
      19
      31
      25
      17
      23
      17
      21
      21
      21
      25
      25
      24
      20
      19
      16
      25
      15
      20
      20
      13
      23
      26
      18
      21
      24
      19
      21
      25
      18
      15
      14
      24
      31
      33
      23
      20
      24
      15
      22
      21
      25
      18
      17
      21
      27
      31
      15
      13
      25
      16
      20
      22
      23
      28
      17
      22
      26
      23
      14
      32
      23
      26
      19
      22
      21
      21
      21
      23
      19
      16
      22
      22
      21
      19
      22
      21
      24
      21
      25
      22
      16
      21
       9
      23
      20
      14
      24
      31
      27
      15
      17
      18
      24
      22
      34
      13
      29
      23
      17
      16
      34
      24
      20
      20
      19
      21
      22
      16
      20
      16
      24
      24
      13
      20
      20
      22
      25
      20
      16
      21
      22
      15
      24
      22
      23
      16
      16
      14
      21
      20
      14
      25
      25
      27
      24
      23
      24
      27
      24
      18
      24
      24
      18
      18
      24
      18
      29
      17
      30
      19
      27
      24
      21
      17
      21
      17
      19
      22
      23
      21
      21
      21
      24
      17
      28
       9
      17
      27
      24
      27
      15
      21
      25
      22
      21
      22
      18
      21
      19
      27
      25
      25
      27
      22
      20
      26
      13
      21
      21
      14
      17
      20
      28
      23
      20
      19
      30
      16
      28
      21
      20
      16
      20
      15
      23
      26
      18
      19
      13
      20
      25
      20
      18
      19
      19
      22
      12
      16
      18
      19
      24
      17
      22
      12
      23
      26
      19
      25
      23
      20
      19
      27
      21
      30
      19
      19
      17
      13
      30
      23
      21
      21
      21
      22
      21
      22
      19
      23
      22
      20
      22
      13
      21
      17
      19
      17
      24
      18
      20
      20
      22
      21
      13
      21
      31
      32
      19
      21
      14
      19
      32
      24
      22
      13
      20
      25
      26
      29
      22
      16
      19
      24
      25
      36
      45
      31
      30
      38
      38
      29
      37
      24
      33
      43
      44
      40
      58
      36
      42
      50
      52
      55
      79
      48
      71
      63
      75
      52
      88
      71
      78
      91
      96
     101
     110
     104
     104
     108
     110
     115
     131
     129
     115
     145
     138
     151
     151
     142
     176
     170
     199
     204
     224
     255
     234
     256
     270
     277
     316
     356
     358
     385
     389
     442
     456
     488
     520
     551
     556
     656
     661
     660
     756
     774
     833
     848
     987
     949
     992
    1032
    1082
    1173
    1197
    1221
    1287
    1330
    1379
    1396
    1396
    1491
    1447
    1413
    1525
    1501
    1537
    1505
    1495
    1507
    1499
    1488
    1497
    1506
    1427
    1503
    1393
    1396
    1408
    1347
    1321
    1271
    1242
    1246
    1189
    1176
    1053
     993
     953
     951
     908
     854
     864
     829
     754
     710
     707
     627
     624
     597
     559
     484
     470
     396
     404
     391
     339
     332
     291
     265
     295
     234
     237
     227
     217
     189
     183
     164
     164
     129
     125
     122
     115
     123
      90
     107
      97
      73
      87
      70
      71
      62
      60
      63
      62
      38
      53
      44
      44
      29
      35
      38
      34
      29
      34
      25
      27
      32
      17
      25
      25
      15
      12
      21
      11
      14
      12
      14
      13
      15
      11
      16
      17
       6
      12
      14
      13
      14
      13
      13
      13
      14
      10
      13
       7
       8
      13
      15
      12
      12
      15
      11
      10
      19
      12
      10
      12
      11
       7
       8
      14
      11
      10
      11
      11
       4
      13
      16
      10
      11
      16
      10
      19
      10
       9
      13
      15
       8
      16
      16
      11
      11
      13
      14
      14
       9
       8
      10
      12
       9
       9
      11
      10
      15
      15
       9
      10
      13
       9
      15
      12
      13
       9
      11
      10
      11
       5
      10
       9
      17
      12
       8
      13
       8
       6
      11
      11
       8
      19
      11
      14
      12
      12
      13
      12
       8
       9
      15
      15
      18
      14
      10
      15
       7
      10
      20
      10
      15
       5
       8
      23
      12
       9
      16
      12
      11
       8
      10
       9
       8
       8
      14
       7
       9
      10
       9
       8
      14
      15
      12
       8
      15
       8
      10
      12
      12
      11
       7
      10
       8
      10
       9
       8
       9
      10
       9
      13
      13
       7
      10
      11
       8
      12
      14
       9
       5
      14
      11
      18
      10
       9
       7
      10
      12
       9
      13
       7
      17
      10
      10
      10
      11
      11
      14
       6
       7
       8
       7
      15
      10
      10
       7
      10
      11
      11
      12
      10
       6
      12
      10
      10
      10
      17
      21
      10
      12
      14
      14
      11
       7
       9
      16
       9
       6
       6
       8
       6
      12
      13
      16
      11
      12
      15
       9
      10
      10
      13
       8
       7
       9
       8
      11
       9
      11
       2
      12
       8
       9
      14
       9
      12
       9
      13
       9
      12
      11
      16
      15
       9
      11
       8
      12
       8
      11
      16
      13
      10
      12
      10
      10
       9
      12
       9
       8
      11
       9
       6
       8
      11
      10
       9
      15
      10
      13
      10
      10
      12
       7
      15
       9
      13
      12
      18
      14
      14
      13
       5
      16
       9
      10
       7
      16
      11
      14
      13
      10
      11
       8
      14
      11
      10
       9
       8
       6
      11
       8
       9
       9
      10
      18
       5
      10
       9
      19
      16
      15
       8
      13
       8
       9
       9
      14
      15
       6
      13
      11
       8
      13
      12
      14
      11
       9
       8
      12
       8
       5
       8
      18
       8
       9
       9
      13
      10
       9
       7
       9
       7
      12
      13
      12
       7
      10
      15
      12
      11
      12
      10
      10
       9
      14
      12
      12
       6
      10
       6
      15
       8
      12
      13
      11
      12
      10
       9
       9
      13
      13
      13
      13
       7
      10
       5
      15
       8
       8
      10
      17
       9
      10
      12
      14
      12
      25
      18
       8
      15
      11
      15
       9
       9
      11
      11
      16
      12
       7
       9
       8
       9
       4
      14
       8
       9
      12
      13
      13
      12
       8
      12
      10
       8
       5
      12
      11
      11
       9
       4
       8
      10
       5
      14
       8
       6
      11
      15
      11
      13
      11
       9
       7
      15
       7
       9
      17
      10
       6
      15
       7
      10
      10
       5
      13
       8
       9
      13
      10
      18
      12
       6
      11
      11
       7
      11
       5
      14
       9
      12
       9
      11
       8
      13
      15
      11
      13
      11
       9
      12
       9
       8
       8
      11
      12
       9
      13
      12
      11
      11
       8
      10
       6
       9
       8
      10
      17
      15
      15
       8
       8
      13
      10
       8
      16
      14
      16
       9
      11
      11
       7
       7
      17
      10
      12
      12
       4
       8
      10
       8
      15
      13
      14
      12
      14
       9
      10
       6
       6
      10
       7
      13
      10
       9
      18
      11
       8
      12
      10
      12
      16
      19
      11
       8
       9
       7
       8
      10
      13
       7
      11
       9
       8
      10
       8
       6
      12
       9
       8
      12
      16
       5
       7
      13
      10
       5
       7
      20
       8
      11
      10
       9
      10
       8
       8
       9
      10
       9
      10
       7
      13
      11
       4
      16
      18
      13
      10
      14
       6
      12
      14
       8
      16
      11
      15
       8
      15
      15
      16
      12
      12
      13
      17
      15
      10
       8
      12
       8
       8
      10
      11
       9
      10
      11
       3
      13
      14
       7
      15
       9
      12
      10
       5
      11
       6
      10
       8
      14
       9
      12
      18
       8
      15
       5
       7
      12
      14
      10
      16
      10
      13
      10
      13
      12
       3
       6
       9
      11
       9
       5
      14
      13
      15
       9
      15
      11
      15
      15
      12
       7
      11
      11
      10
      11
      10
      17
      11
      13
      13
       6
      14
      16
      15
      14
       9
       8
       6
       7
      13
      14
       9
       9
       6
      11
       3
       3
      15
      13
      10
      11
       9
       7
      13
      15
      10
       9
      10
       9
      14
       8
      10
      13
      16
      21
       7
      11
      11
      10
       9
       5
       7
       6
      16
       6
       9
      11
      15
      13
      14
      11
       7
       7
       9
       7
       8
       8
      11
       5
      18
      16
      15
      15
      11
      11
      17
      14
       8
      16
       7
       9
      12
      10
      11
      15
      10
       7
       8
      13
      11
       9
      11
      13
      12
      11
       8
       7
      11
      12
       4
      11
      10
       7
      11
      11
       8
      13
      17
       6
       8
       9
      16
      13
      11
       8
       8
      12
       8
       9
      10
      10
      11
      12
       6
      11
       2
       6
      10
       6
       9
      13
      16
      12
      12
      18
       7
      12
       7
      14
       7
      10
      10
       5
      11
      12
       8
      11
      15
      13
       8
       7
      10
      10
      13
      14
       9
       4
      14
       7
      16
      16
      11
       7
       5
       7
       7
      15
      13
      15
       4
      14
      18
       8
       7
       9
       8
      11
      10
       7
      10
       7
       9
       8
      12
      16
      10
      10
      11
       9
       9
      10
       7
      12
      12
      10
      12
      12
      10
      10
      19
       8
      19
      15
       6
       9
       9
      11
      13
      13
      13
      13
       6
      11
      11
       8
       5
      10
       8
      13
      16
       5
      10
      18
      10
       7
      15
       5
      15
       9
       9
       3
      18
      11
       9
      13
      13
       8
      15
       5
      13
      17
       7
      11
      10
       9
       6
       9
      12
      12
      14
      12
      10
      11
       8
       9
       9
      14
       6
       8
       9
       4
       9
      10
      11
      12
      12
      15
      11
       7
      10
       9
      11
      10
       9
      10
      11
       8
      11
      11
       7
      10
       7
      10
       6
      13
      12
       8
      14
      13
       7
       6
      10
      12
       9
      10
      13
       9
      11
       5
      11
       9
       4
       9
       8
      12
       6
       8
      12
      14
       9
       6
      14
      13
      14
      16
      13
       6
      11
      14
       8
      10
       6
       9
      13
       6
      14
       8
       9
      13
       4
      11
      12
      10
       9
      12
      10
      17
       8
       8
      14
       9
      13
      10
       8
      11
       9
      13
      10
       9
       3
       8
      10
       8
       8
       7
      11
      14
      14
      10
      14
      14
      13
      12
       4
      12
      11
      11
      11
       8
      11
      13
      10
      11
      11
      12
       9
      11
      12
      10
      17
       9
       9
       8
       6
      12
      16
      10
      12
       9
       9
       6
       8
       7
       5
       9
      11
       6
       6
       8
      14
       5
       5
      14
       9
       6
      10
      12
       8
      12
       6
       6
       9
      12
      10
       8
       9
      12
      14
       9
       8
      13
      16
      12
       9
      10
      12
      11
      13
      11
       8
       9
       8
      14
       9
      13
      11
       8
      12
      10
      13
      10
      11
       7
       9
      11
      13
      15
       7
       9
       7
       9
       9
      11
       8
      10
      10
       5
      12
      12
      11
      12
      10
      11
      13
      11
       6
      12
       7
       8
       7
      11
      15
      13
      12
      16
       8
      15
       8
       6
       9
      14
      14
      10
      15
       8
      10
      11
       9
      14
      12
      10
      13
       9
       8
      12
      11
      15
       6
      12
      10
       9
       9
      12
      14
       9
       8
      11
      17
       8
      10
      11
      13
       8
       7
      16
      15
      12
       9
      13
       3
      11
       9
      12
      10
      10
       6
       8
       8
       9
       8
      13
      10
       7
      16
      11
       8
       9
      13
       8
       9
       2
       8
       7
       7
       9
      10
       9
      11
      12
       4
       8
      10
      15
      10
      11
      13
      11
       8
      11
       6
       6
       8
      10
      12
       4
      12
      11
       7
       6
      15
       5
      14
       9
      11
       6
       8
      11
      14
      18
       6
       7
      11
       6
      16
       4
       9
       7
      13
       8
      16
       9
      16
      11
       8
       8
       7
       9
       8
       8
      17
      12
       4
      11
       7
      11
       9
       6
      12
       9
      11
      13
      10
      13
      15
       7
       8
      14
       9
      12
      10
       8
      13
      14
      13
      15
       9
       7
       9
      12
       9
       6
      14
      17
      11
       9
      15
      13
       6
       6
       8
      13
       9
       5
       6
       4
      16
      15
       6
       8
      13
      11
      11
       9
       8
       9
       7
      14
       8
       4
       9
       9
      19
       5
      13
       8
      12
      10
       8
       8
      12
      12
      18
       6
      10
      10
      12
       5
      16
      11
      13
      11
       8
      16
       7
       6
      10
      14
      14
      13
      17
       9
      17
       7
      12
       7
       9
      11
      10
       3
       5
       8
       5
      13
      10
      14
       9
       6
       5
       7
      12
      12
      12
      11
      17
      14
       8
       5
       8
      12
      10
       9
       5
       9
       8
       9
      15
      21
       9
       9
      16
      10
      16
      13
       8
      14
      13
      17
      11
      13
      12
      11
      12
      18
      14
      15
      12
      14
       6
      17
       7
      11
       6
      14
      10
       5
       8
      17
      16
       7
       9
      10
       7
      16
      14
      11
      15
      12
      10
      10
       8
       8
       8
      11
       5
       9
      10
       8
      16
      10
       8
       5
      12
      13
       9
       8
      11
       5
      10
       7
       7
       5
      11
       9
       5
       4
       7
       9
       8
      12
      13
       9
       5
      11
      11
       5
      10
      12
       9
      13
       9
      12
       7
      10
      22
      12
       9
      15
       3
      12
       9
      15
      10
      13
       5
       7
      13
       7
      13
      13
       9
      13
       5
       6
       9
      13
      11
      10
       9
       9
      16
      11
      12
       9
       7
       8
      11
      10
       9
      11
       7
      12
       7
      14
      14
      11
      17
      10
       7
       5
      10
      11
      16
       5
      11
      11
       7
      16
       5
       4
      12
      12
       4
       7
      12
      11
      10
       8
      11
       3
      11
       9
       6
       8
      20
      12
      14
       9
      11
       9
      10
      11
      13
      12
       9
       6
       4
       7
       9
      10
      19
      10
      10
       2
      11
      12
      10
      11
      12
       8
      14
      11
      11
       9
      13
      10
       7
      12
      15
      15
      11
       8
       6
      12
       9
       4
       6
      13
       8
      17
      11
      14
       8
       8
      11
       7
       5
      17
      11
       6
      12
       9
       7
      16
       7
       7
      15
       6
      10
       7
      10
       7
       7
      10
      10
       6
      11
       4
       7
       8
       6
      11
       5
      10
      10
      18
       8
      15
       5
       3
      10
      13
      16
      12
      10
      11
      10
       7
      11
       8
       9
      10
       9
       9
      15
      11
       7
      13
      17
       6
      13
      14
       8
       8
      16
      10
       8
      12
       7
       9
      14
      11
       6
      10
      14
      11
       9
      10
       9
      14
      14
      12
      11
       9
       8
       8
      10
       8
      13
       5
       5
      11
       9
      10
       8
       8
      10
      10
       9
       5
      11
       9
      14
       6
      13
       6
       7
      11
       8
       9
      10
      14
      18
      15
      12
      13
      10
      14
      16
      14
       8
      13
       6
      11
      11
      12
       8
       8
       9
      11
      10
      12
      17
      11
       7
      10
       7
      13
      12
       8
      13
      11
      10
       9
      11
       7
      10
      10
      10
      15
      14
       7
       9
      16
      11
      10
      10
      10
      11
      13
       7
       8
      10
       4
       8
      15
       7
      11
       9
       8
       9
      10
       6
      11
       8
      13
       5
       9
      13
      15
      13
       6
      16
       9
      18
      14
      11
      11
       7
      11
      17
       5
      10
      12
      13
      12
      10
      10
      12
      10
       9
      10
      16
      12
      14
      12
      13
      11
       3
      13
      14
       7
       4
       5
      11
       7
      15
      10
      17
       9
       5
       8
       8
       7
       9
       6
      11
       8
      10
      12
       9
      11
      16
       6
       7
      11
      13
      10
      14
       6
      15
       6
       9
       7
      11
      12
      10
       9
      12
      15
      13
       8
      15
       8
       7
      11
      10
      10
       7
       6
       7
      13
      11
       9
       9
      11
       9
      15
      10
      14
       5
      14
      15
       9
       3
      12
      11
      10
       9
       7
       6
      12
      10
      13
       9
       9
      15
      11
      17
       7
      12
       9
      17
      14
       9
      10
       9
       9
      11
       5
      10
      10
      11
      14
       9
      11
      11
      12
      13
       7
       9
       8
       6
       9
       7
      13
      11
       8
      11
       6
       7
      17
      15
      11
       6
      11
      10
       9
      13
       9
       6
      10
       8
      11
       8
      15
       8
       8
      15
       9
      11
      15
       9
       9
       9
      16
       5
      10
      11
      10
      15
       9
       7
       6
      13
       7
       4
       9
       9
      11
      11
       8
       9
       9
       6
      12
      17
      11
      16
       9
       4
      12
      15
      10
      15
      12
       8
      12
      12
       3
      12
      10
       8
      15
       8
       7
      11
      10
      16
      15
       9
      11
      13
      18
       6
      12
       9
      14
      10
      16
      10
      10
       5
      12
       9
       9
      11
       8
      14
      12
       9
      14
      12
       7
      13
       9
      11
       7
      15
       7
       9
      10
       8
       8
       9
      10
      11
       5
      10
       8
      17
       6
      10
      13
      15
       7
       7
      12
      11
      10
       8
      12
      12
       7
      12
       6
       8
      15
      10
       4
      12
      15
      19
       9
      13
       8
       6
      12
      18
       7
      18
       5
      10
      12
      10
       5
       8
      14
       7
       8
       7
      13
      10
       9
      12
      14
       7
      13
       9
      10
      12
      13
      14
      10
      13
       7
      13
       7
       8
       7
      11
      17
       8
       9
      14
      10
       8
      22
       9
       9
      10
      13
      11
      12
      11
       7
      18
      12
       8
      12
      13
       8
       9
       7
       7
      10
      13
       9
       7
      12
      11
       6
      12
       9
       4
       7
       9
      12
       9
       8
       6
       6
      11
      18
       8
      12
       9
      18
      14
      14
       9
      14
      12
       9
      13
       7
       4
      12
      12
       6
      15
      12
      12
      14
       9
       9
       7
      10
      11
      14
       8
      13
      11
      11
      19
      11
      14
       9
       8
       8
       7
      10
      11
       9
      16
       5
      15
       9
       6
       8
      10
      12
      10
      11
       5
      12
       8
      17
       8
      11
       8
      10
       9
      16
      11
      11
       8
      10
       5
       7
      13
      14
      12
       8
      12
       5
       7
      11
       9
      13
      11
       9
      11
      15
      12
      14
      10
      13
      11
      15
      10
       8
       7
       5
       7
      13
      10
       8
      15
      10
       8
       9
      13
      13
      11
       5
       7
      12
      14
      11
      12
      11
      12
       9
      18
      15
      13
      12
      18
       8
      11
      13
      14
       9
      10
      15
      16
       9
       7
       9
       8
       9
      14
      11
       8
      11
      13
      11
       7
      14
      13
      15
      12
       9
      11
       7
      13
      15
      14
      10
      12
      13
      12
       6
      11
      13
       8
       5
      18
      12
       9
      14
      15
       8
      20
      15
      14
      11
      15
       9
      12
      11
       9
       9
      20
      10
      13
      16
       9
      15
       2
      12
      11
      10
      13
      12
       8
      12
      13
      10
      13
      11
      14
      13
      11
      14
      13
      14
      15
      11
      20
      11
       8
      14
       8
       5
      13
      11
       6
      11
      11
      15
       6
      10
       9
       8
      13
      10
       5
       6
       9
       5
      12
      11
      15
       5
      15
      11
       4
       9
       6
       9
       7
       9
       8
      11
      15
      17
      15
      13
      11
       7
      12
      14
       5
      10
       6
      10
      10
      14
      15
      10
       9
       9
      13
      14
      16
       8
       8
      17
       5
       9
       7
      14
      12
      11
       9
       8
      11
      13
      11
       9
      11
       8
      14
       4
      12
       7
      13
      12
       4
       7
      17
       6
      18
       7
       5
      17
      13
      12
      11
      16
      11
       8
      12
      14
      12
      12
       4
       8
      10
      12
       8
       8
       7
      18
      10
      19
      12
      12
       5
      14
       9
      12
       8
       7
      10
      18
      11
       7
       9
      12
      17
      10
       9
       8
      13
      13
      12
       5
       8
       9
       7
      11
      13
      12
      14
       9
      13
      15
      12
       5
      14
       8
      19
       7
      16
       8
      14
      18
      10
      14
      14
      14
       6
      13
      15
      15
      12
      12
      10
      15
       7
       8
      13
      15
      14
      15
       8
       9
       9
       7
       9
      10
       8
      17
       9
      10
      14
       9
       8
      14
      15
       3
       8
      11
       9
      10
      11
      12
      11
      13
      12
       8
       9
       9
      15
       4
      14
      11
      11
      12
       7
       9
       7
       9
      15
       7
      18
      11
      11
       3
      10
      10
      13
      12
      15
      11
      11
       6
       9
       9
      12
      15
       8
      17
       9
       7
      11
      12
      11
      15
      12
       9
       9
      10
      14
       6
       8
      11
      10
      12
       9
      13
       9
      11
       7
      10
       7
       9
       7
      10
       9
      13
       9
      12
      13
       9
      15
      11
      10
       9
      15
      14
      10
       6
      10
      12
       7
       7
      11
      12
      11
      14
       9
       9
      16
      12
      12
      12
       7
       6
      12
       9
      15
      17
       6
       8
      13
       8
      13
      11
      10
       8
       6
      11
      13
      10
      13
       9
      11
       9
       5
      19
      20
      10
      15
      10
       8
       8
      12
      12
       9
      11
       8
       8
      11
      15
      14
       7
      19
      15
       9
      11
      13
      12
       5
      14
      16
       8
       3
      13
       7
      10
      14
       9
       8
       9
      11
      10
      16
      18
       6
      14
       8
      14
       7
      10
      10
      14
       8
      12
       8
      14
      10
      14
      11
       7
       9
      17
      13
      12
       8
      12
      18
       8
      17
      14
      10
       9
      13
      13
      10
      11
      11
       8
      11
      18
      12
      12
      12
      12
      11
      14
      13
       5
      12
      17
      10
       9
       8
      11
      21
      12
      11
      10
      12
       9
      10
      17
      12
      12
      19
       5
       7
       9
      11
       9
      12
      15
      10
      14
      21
      10
       9
      13
      12
      11
      21
       9
      12
      13
      16
       6
       9
      10
      10
      15
       9
       7
      10
      12
      11
      20
      11
       8
      14
       9
       9
      15
       8
      14
      10
       6
       4
       9
      11
      12
      11
      14
      15
      10
      19
      10
      11
       8
      10
      14
      12
      16
      13
      10
      13
      11
       7
       9
      13
       7
      13
      24
       6
      13
      11
       9
       9
      11
       6
       9
       8
       8
      11
      15
      20
       8
      12
      11
      14
      17
      12
       8
      14
      14
       5
      16
      11
       7
      15
       9
      14
      12
       9
      10
      13
      10
      12
      13
       8
      11
      15
      14
      13
      13
       7
      14
      10
       9
       7
      10
       9
      14
      11
       9
      13
       9
      11
      11
      10
       7
      10
      11
      12
      11
      13
      15
       7
      13
      13
      10
      11
      13
      10
       8
      15
       9
      17
       8
      13
       8
       7
       3
      13
       6
       3
      14
      13
       9
      14
       9
      14
      19
      18
      12
       9
      13
       7
      14
       9
       8
      15
       9
       9
       9
       8
       5
       4
      12
      14
      10
      12
      19
      15
      12
      13
      12
       8
      11
      10
       9
      12
      14
      12
       6
      18
      15
       9
      10
      12
      15
      13
       7
       7
       9
       7
      14
      16
      12
      12
      22
      11
      12
      15
      12
      10
      12
      15
      11
       5
      10
      17
       9
      10
       8
      14
       9
      12
      12
       5
       8
      13
       9
      10
      11
      12
      14
       7
       8
       8
       9
       8
      12
       7
      16
       7
       9
      11
      11
      12
       6
      14
      20
       6
      10
       8
       7
      11
      10
      15
      20
       9
       9
      11
      10
      18
       6
      13
      12
       9
       7
       7
       6
      10
      10
       8
       9
      14
      12
       8
       8
       8
      10
      10
      13
      10
      13
      12
      10
      10
      12
      11
       8
      11
      12
       8
       6
       9
       8
       7
       7
      12
      16
      10
      12
      11
      11
      12
       8
       9
      14
      10
      10
      10
      21
       9
      12
      14
       9
       6
      10
      18
       8
      10
      18
       8
      11
       6
       9
       6
      10
      11
      11
      11
       9
      10
      16
       5
       9
       9
      13
       6
      10
       9
      11
      12
       9
      12
      10
       9
      15
      12
      13
      17
       8
      11
      16
      10
       5
      10
      11
      13
      19
       9
      16
      12
      12
      14
      15
      14
      16
      13
      10
       8
      13
      14
       6
      11
       7
       8
      13
      15
       9
      12
       9
      15
      14
       9
      12
      15
       4
      11
       3
      10
       9
      10
      11
      16
       8
      11
      10
      13
      14
      12
      11
      10
       7
      17
      13
      10
      13
      12
      12
       8
       8
       7
      10
      10
      12
      17
      16
      14
      14
      15
      13
       9
       9
      16
      15
      13
      12
       9
      11
       9
      13
      16
      17
      13
      10
      15
       9
       9
      10
      13
      13
      10
      13
      12
      15
      11
      16
       8
      10
      11
      14
      17
      15
      11
       3
      21
      12
      12
       7
      10
      12
      17
      12
      14
     176
     330
     336
     346
     334
     382
     356
     328
     340
     326
     317
     351
     365
     355
     332
     355
     344
     363
     378
     346
     340
     293
     378
     306
     348
     330
     334
     368
     367
     338
     342
     345
     312
     340
     341
     354
     322
     340
     324
     342
     354
     330
     350
     358
     329
     321
     318
     315
     303
     287
     353
     342
     318
     316
     327
     314
     321
     332
     354
     340
     303
     316
     338
     328
     321
     360
     316
     340
     329
     340
     361
     334
     337
     333
     336
     321
     352
     323
     335
     338
     339
     318
     336
     353
     367
     342
     353
     336
     331
     357
     348
     327
     346
     328
     321
     309
     343
     322
     302
     298
     317
     325
     342
     308
     329
     317
     312
     302
     324
     341
     335
     304
     316
     306
     301
     322
     329
     304
     323
     329
     353
     296
     346
     284
     320
     335
     352
     324
     327
     312
     294
     311
     345
     309
     321
     312
     328
     350
     331
     305
     326
     352
     346
     288
     322
     353
     318
     319
     318
     335
     302
     317
     307
     333
     349
     340
     322
     349
     310
     339
     308
     311
     332
     361
     328
     330
     320
     320
     295
     312
     334
     308
     336
     333
     303
     299
     293
     302
     330
     326
     334
     321
     309
     303
     169
$ROI:
5
349 399
960 988
992 1050
1491 1501
5157 5169
$PRESETS:
None
0
0
$ENER_FIT:
0.000000 0.107033
$MCA_CAL:
3
0.000000E+000 1.070331E-001 0.000000E+000 keV
$SHAPE_CAL:
3
0.000000E+000 0.000000E+000 0.000000E+000
