$SPEC_ID:
23cm counts
$SPEC_REM:
DET# 1
DETDESC# DLAB-PHY-L3-49 926 Right
AP# Maestro Version 7.01
$DATE_MEA:
10/28/2024 16:04:56
$MEAS_TIM:
543 702
$DATA:
0 8191
       2
       0
       0
       0
       0
       0
       0
       1
       0
       0
       0
       0
       0
       1
       1
       0
       0
       0
       0
       0
       0
       0
       1
       1
       0
       1
       8
      13
      27
      32
      62
      78
      82
     152
     246
     736
    2562
    6228
   11630
   17048
   20556
   22225
   22347
   20942
   18516
   16075
   13748
   12134
   10393
    9172
    8106
    6828
    5888
    5434
    4793
    4096
    3793
    3230
    2897
    2535
    2227
    2085
    1869
    1658
    1563
    1313
    1221
    1117
    1002
     880
     896
     763
     743
     677
     621
     569
     539
     521
     451
     424
     417
     382
     367
     355
     311
     316
     310
     331
     289
     295
     281
     252
     259
     258
     256
     240
     280
     254
     266
     251
     244
     251
     241
     207
     228
     205
     211
     228
     259
     235
     213
     250
     205
     224
     210
     231
     215
     219
     225
     226
     179
     222
     203
     207
     220
     213
     216
     206
     207
     232
     200
     223
     201
     197
     202
     197
     231
     209
     197
     186
     200
     199
     209
     204
     198
     193
     213
     208
     221
     189
     204
     199
     187
     194
     205
     196
     190
     206
     186
     179
     175
     196
     181
     189
     186
     166
     205
     178
     198
     202
     182
     179
     187
     169
     165
     192
     170
     159
     200
     179
     169
     173
     182
     195
     168
     207
     208
     196
     184
     181
     217
     194
     183
     178
     168
     169
     198
     202
     184
     195
     188
     206
     209
     175
     154
     197
     180
     183
     179
     179
     178
     160
     186
     168
     183
     177
     170
     162
     183
     166
     163
     201
     178
     169
     187
     164
     170
     162
     169
     176
     185
     186
     154
     181
     172
     164
     190
     148
     169
     177
     176
     175
     180
     176
     169
     193
     164
     191
     177
     163
     187
     183
     190
     167
     158
     167
     173
     151
     175
     182
     179
     191
     185
     170
     174
     171
     156
     156
     184
     204
     170
     173
     152
     155
     161
     166
     170
     153
     181
     165
     172
     155
     162
     164
     182
     155
     148
     167
     155
     170
     169
     169
     173
     160
     160
     181
     177
     143
     160
     130
     162
     197
     159
     174
     143
     165
     156
     194
     183
     172
     163
     164
     182
     160
     159
     163
     151
     163
     182
     162
     129
     131
     167
     169
     159
     167
     174
     163
     159
     136
     144
     168
     168
     165
     173
     179
     164
     167
     151
     156
     165
     166
     154
     168
     158
     145
     153
     173
     173
     151
     146
     160
     155
     168
     150
     153
     146
     162
     159
     162
     172
     150
     139
     153
     175
     161
     149
     171
     166
     150
     161
     166
     179
     148
     152
     161
     178
     168
     147
     158
     160
     156
     159
     139
     140
     133
     135
     153
     145
     188
     153
     172
     157
     141
     157
     141
     157
     157
     173
     151
     150
     155
     148
     150
     140
     146
     144
     126
     155
     145
     144
     169
     154
     158
     154
     140
     156
     150
     131
     168
     136
     149
     133
     142
     127
     178
     126
     142
     146
     168
     145
     154
     168
     141
     152
     180
     156
     148
     146
     157
     162
     147
     125
     133
     177
     178
     142
     153
     143
     155
     138
     136
     119
     145
     153
     142
     128
     154
     130
     130
     163
     143
     124
     133
     146
     144
     138
     151
     166
     151
     127
     144
     124
     152
     155
     152
     151
     148
     164
     151
     139
     139
     147
     160
     143
     163
     148
     135
     129
     151
     134
     158
     151
     140
     171
     145
     138
     155
     150
     148
     143
     156
     160
     164
     141
     162
     152
     148
     162
     148
     163
     148
     130
     146
     159
     155
     156
     137
     163
     141
     161
     162
     143
     141
     152
     150
     133
     152
     132
     145
     141
     139
     165
     152
     142
     146
     147
     146
     153
     157
     129
     149
     144
     144
     142
     148
     141
     156
     134
     144
     141
     163
     159
     153
     151
     143
     152
     152
     155
     154
     155
     137
     179
     127
     171
     151
     161
     156
     162
     141
     136
     157
     156
     139
     152
     142
     138
     153
     139
     135
     137
     151
     135
     152
     153
     140
     174
     135
     166
     131
     141
     145
     158
     152
     149
     144
     169
     148
     140
     171
     154
     161
     155
     173
     157
     149
     155
     157
     156
     162
     156
     182
     146
     183
     153
     157
     157
     176
     150
     196
     157
     139
     176
     160
     149
     184
     156
     167
     169
     183
     169
     175
     188
     169
     166
     173
     182
     209
     170
     167
     189
     186
     196
     214
     182
     203
     194
     198
     196
     208
     187
     189
     186
     189
     196
     172
     206
     177
     198
     183
     195
     179
     192
     199
     206
     207
     183
     179
     178
     194
     154
     203
     154
     189
     190
     153
     191
     181
     184
     159
     172
     174
     181
     181
     151
     150
     153
     168
     160
     153
     147
     170
     165
     175
     156
     154
     153
     136
     141
     145
     162
     147
     147
     162
     148
     154
     144
     146
     163
     136
     132
     148
     128
     159
     141
     138
     164
     140
     134
     154
     134
     148
     153
     139
     152
     164
     150
     142
     163
     175
     168
     142
     142
     165
     148
     186
     158
     163
     171
     176
     164
     150
     161
     157
     162
     162
     182
     148
     176
     179
     175
     172
     175
     153
     162
     174
     154
     141
     143
     152
     153
     168
     181
     155
     164
     157
     147
     156
     173
     164
     160
     153
     166
     182
     155
     144
     156
     136
     151
     156
     136
     176
     154
     158
     164
     171
     142
     143
     169
     167
     153
     130
     135
     165
     137
     128
     154
     164
     137
     125
     137
     151
     146
     153
     158
     133
     165
     135
     150
     159
     148
     124
     142
     141
     144
     126
     130
     125
     112
     131
     173
     136
     137
     137
     122
     118
     135
     133
     153
     122
     135
     127
     140
     156
     126
     141
     125
     130
     120
     143
     137
     145
     141
     139
     133
     147
     144
     138
     155
     131
     129
     147
     140
     132
     133
     136
     112
     124
     137
     150
     129
     142
     129
     136
     134
     124
     101
     129
     147
     147
     127
     136
     134
     150
     152
     138
     137
     116
     148
     146
     128
     134
     130
     120
     141
     127
     146
     147
     145
     144
     129
     164
     161
     131
     143
     141
     124
     123
     127
     131
     129
     131
     156
     139
     137
     130
     111
     138
     145
     143
     134
     143
     134
     160
     146
     156
     154
     115
     130
     145
     133
     129
     133
     116
     170
     138
     140
     135
     138
     126
     118
     139
     113
     138
     127
     136
     132
     136
     138
     124
     134
     140
     135
     143
     138
     127
     154
     148
     154
     134
     129
     124
     141
     126
     135
     133
     123
     131
     137
     152
     126
     145
     138
     138
     139
     114
     134
     129
     124
     125
     152
     124
     150
     150
     138
     124
     135
     146
     135
     119
     141
     137
     131
     143
     125
     114
     149
     159
     120
     128
     128
     133
     137
     124
     128
     154
     142
     131
     135
     130
     122
     117
     150
     147
     132
     140
     136
     120
     139
     152
     139
     152
     132
     118
     150
     128
     148
     128
     149
     137
     134
     129
     127
     128
     126
     131
     119
     119
     114
     127
     147
     131
     120
     127
     130
     156
     129
     128
     135
     125
     126
     110
     164
     141
     141
     111
     131
     135
     136
     153
     127
     141
     120
     134
     146
     140
     119
     138
     117
     105
     133
     153
     124
     131
     151
     128
     145
     134
     142
     120
     124
     129
     129
     141
     124
     124
     126
     144
     136
     133
     116
     142
     113
     131
     127
     149
     130
     123
     125
     137
     142
     147
     120
     127
     147
     142
     140
     135
     126
     157
     141
     134
     143
     122
     140
     143
     141
     133
     144
     134
     126
     128
     141
     139
     134
     142
     150
     135
     140
     139
     127
     145
     132
     139
     142
     139
     122
     149
     157
     108
     129
     129
     132
     159
     128
     139
     129
     131
     142
     128
     124
     124
     141
     141
     127
     130
     126
     153
     121
     136
     138
     134
     142
     147
     138
     133
     132
     124
     128
     148
     140
     124
     117
     126
     116
     163
     129
     119
     159
     133
     146
     146
     116
     133
     130
     145
     141
     128
     151
     117
     130
     140
     126
     141
     133
     125
     129
     138
     149
     118
     137
     143
     143
     129
     145
     146
     124
     134
     124
     137
     126
     130
     131
     145
     133
     145
     122
     146
     145
     146
     122
     128
     148
     117
     123
     146
     133
     157
     116
     139
     129
     133
     124
     116
     114
     132
     127
     132
     122
     120
     147
     128
     127
     135
     142
     142
     117
     127
     138
     140
     131
     114
     137
     137
     118
     136
     129
     140
     144
     149
     138
     138
     110
     133
     121
     141
     137
     137
     138
     130
     132
     133
      93
     116
     143
     140
     125
     136
     134
     156
     131
     126
     122
     110
     143
     123
     133
     136
     119
     136
     135
     135
     147
     108
     163
     136
     143
     121
     141
     140
     140
     165
     140
     119
     139
     139
     122
     122
     135
     106
     137
     141
     125
     139
     141
     143
     128
     133
     127
     139
     125
     131
     137
     135
     113
     134
     149
     129
     122
     126
     139
     117
     147
     136
     135
     140
     149
     136
     111
     125
     144
     133
     156
     127
     131
     138
     146
     139
     130
     107
     131
     109
     128
     133
     134
     135
     122
     148
     129
     127
     144
     121
     139
     134
     134
     132
     135
     148
     139
     141
     131
     141
     122
     120
     138
     119
     141
     138
     128
     135
     133
     117
     114
     147
     153
     127
     112
     124
     135
     130
     124
     137
     125
     132
     116
     156
     133
     136
     133
     120
     123
     114
     143
     146
     133
     135
     139
     134
     143
     134
     121
     134
     117
     130
     121
     122
     147
     136
     142
     116
     130
     133
     140
     104
     136
     134
     126
     129
     123
     140
     129
     138
     141
     135
     132
     117
     114
     133
     143
     119
     121
     157
     111
     130
     135
     131
     142
     135
     129
     130
     137
     121
     134
     169
     132
     141
     136
     140
     157
     139
     144
     119
     117
     144
     136
     129
     141
     157
     125
     129
     115
     150
     124
     140
     126
     115
     139
     135
     133
     148
     109
     139
     148
     117
     129
     124
     157
     135
     126
     146
     140
     136
     150
     123
     125
     150
     128
     125
     115
     127
     126
     138
     115
     128
     133
     135
     134
     124
     135
     131
     135
     132
     132
     134
     136
     125
     132
     136
     125
     132
     124
     139
     123
     134
     130
     145
     134
     156
     122
     136
     119
     151
     130
     130
     134
     133
     148
     126
     107
     153
     127
     131
     139
     153
     152
     156
     128
     158
     120
     150
     146
     143
     126
     138
     141
     153
     134
     143
     135
     160
     133
     147
     144
     149
     115
     136
     154
     132
     158
     133
     160
     143
     144
     146
     151
     139
     137
     135
     142
     130
     148
     152
     137
     149
     123
     145
     164
     152
     151
     167
     159
     131
     149
     149
     135
     148
     166
     171
     160
     156
     170
     125
     132
     145
     148
     141
     167
     136
     128
     159
     144
     148
     147
     145
     125
     148
     150
     129
     143
     162
     159
     135
     139
     164
     182
     129
     144
     153
     143
     152
     145
     144
     136
     146
     160
     161
     162
     152
     148
     142
     142
     165
     135
     150
     142
     151
     147
     144
     134
     140
     151
     162
     155
     164
     150
     133
     124
     145
     132
     143
     121
     141
     151
     150
     169
     138
     141
     145
     168
     143
     148
     134
     135
     119
     146
     139
     173
     136
     139
     160
     135
     132
     130
     127
     140
     153
     132
     146
     147
     155
     153
     156
     174
     134
     145
     131
     138
     143
     144
     151
     148
     144
     127
     140
     149
     146
     148
     130
     148
     175
     156
     141
     125
     160
     146
     121
     159
     145
     175
     141
     151
     153
     137
     144
     138
     131
     128
     149
     138
     146
     151
     127
     155
     141
     164
     161
     150
     159
     124
     153
     126
     163
     154
     131
     148
     149
     116
     142
     140
     159
     149
     164
     120
     151
     141
     149
     143
     151
     173
     156
     145
     141
     156
     141
     142
     143
     162
     147
     174
     150
     152
     151
     158
     146
     152
     133
     162
     150
     150
     123
     142
     155
     139
     158
     129
     133
     131
     151
     137
     122
     143
     131
     145
     162
     147
     143
     129
     116
     155
     148
     130
     150
     135
     138
     124
     137
     161
     143
     137
     134
     128
     136
     139
     138
     132
     157
     149
     134
     133
     136
     145
     149
     154
     154
     131
     133
     135
     139
     148
     139
     157
     136
     161
     148
     144
     142
     152
     150
     141
     145
     144
     137
     130
     118
     144
     161
     177
     128
     137
     137
     149
     168
     142
     150
     149
     133
     140
     137
     139
     153
     123
     142
     132
     138
     149
     119
     133
     141
     145
     132
     145
     140
     127
     126
     153
     154
     133
     136
     126
     140
     134
     140
     142
     132
     130
     127
     162
     131
     132
     143
     136
     136
     153
     154
     170
     137
     141
     135
     126
     126
     167
     149
     109
     139
     149
     146
     130
     140
     148
     151
     133
     140
     139
     141
     103
     140
     121
     149
     161
     152
     161
     139
     158
     128
     134
     140
     129
     126
     112
     134
     138
     156
     147
     138
     144
     123
     165
     124
     147
     130
     151
     145
     160
     126
     156
     146
     123
     150
     151
     156
     145
     145
     131
     149
     139
     134
     139
     131
     135
     136
     142
     131
     144
     139
     144
     166
     137
     170
     143
     125
     144
     168
     145
     153
     131
     142
     145
     159
     119
     133
     169
     156
     145
     112
     133
     143
     139
     146
     143
     159
     124
     123
     141
     149
     130
     150
     149
     160
     121
     138
     153
     152
     150
     135
     132
     145
     130
     153
     143
     122
     149
     124
     138
     139
     134
     158
     130
     138
     149
     159
     142
     143
     147
     134
     136
     162
     140
     154
     134
     138
     153
     137
     154
     129
     168
     155
     131
     163
     160
     134
     132
     149
     146
     135
     140
     139
     141
     150
     134
     141
     165
     136
     137
     163
     128
     138
     129
     135
     145
     141
     118
     151
     160
     139
     122
     154
     138
     129
     136
     131
     134
     145
     171
     135
     146
     130
     142
     135
     153
     141
     157
     127
     147
     138
     138
     149
     127
     129
     130
     126
     144
     159
     136
     142
     142
     136
     129
     130
     146
     130
     137
     137
     138
     129
     124
     123
     143
     138
     122
     146
     146
     136
     142
     141
     142
     122
     147
     140
     127
     136
     137
     136
     133
     112
     153
     158
     167
     136
     145
     151
     120
     128
     149
     139
     143
     149
     137
     130
     141
     143
     132
     149
     168
     137
     131
     130
     142
     142
     162
     138
     137
     163
     153
     113
     125
     161
     118
     136
     145
     139
     149
     139
     136
     145
     136
     125
     137
     145
     143
     152
     135
     143
     135
     135
     148
     140
     124
     138
     126
     130
     117
     145
     136
     147
     117
     147
     124
     143
     153
     151
     155
     135
     126
     144
     137
     124
     130
     123
     132
     135
     125
     131
     153
     159
     137
     131
     127
     145
     141
     133
     120
     133
     142
     134
     141
     149
     130
     128
     145
     136
     140
     141
     145
     145
     125
     129
     153
     143
     137
     143
     154
     143
     129
     136
     136
     131
     123
     140
     127
     129
     125
     147
     134
     129
     122
     148
     136
     136
     152
     118
     132
     152
     147
     137
     140
     124
     135
     112
     142
     150
     152
     140
     147
     159
     140
     141
     133
     131
     167
     123
     132
     149
     151
     125
     123
     140
     135
     122
     144
     144
     158
     160
     129
     132
     122
     140
     120
     137
     124
     140
     134
     136
     134
     125
     125
     148
     147
     140
     150
     132
     140
     150
     144
     123
     143
     140
     139
     126
     132
     147
     135
     137
     143
     131
     147
     148
     132
     137
     130
     137
     146
     111
     133
     131
     142
     151
     147
     143
     155
     119
     145
     148
     137
     141
     137
     163
     153
     161
     146
     138
     151
     135
     136
     134
     125
     141
     137
     160
     153
     156
     127
     135
     125
     153
     134
     142
     143
     124
     120
     121
     148
     151
     125
     132
     141
     133
     142
     133
     136
     132
     140
     149
     146
     151
     143
     142
     138
     133
     150
     140
     128
     140
     138
     147
     148
     137
     125
     117
     123
     145
     139
     156
     138
     162
     151
     139
     135
     138
     129
     137
     132
     144
     145
     146
     127
     159
     148
     131
     152
     151
     134
     132
     142
     137
     128
     143
     168
     124
     143
     126
     145
     147
     159
     134
     125
     138
     140
     111
     146
     129
     141
     151
     140
     134
     129
     125
     137
     139
     124
     138
     133
     144
     151
     137
     143
     150
     140
     152
     163
     136
     130
     147
     147
     160
     135
     128
     140
     142
     131
     151
     148
     157
     138
     131
     118
     141
     136
     129
     152
     133
     125
     129
     159
     142
     147
     137
     142
     138
     146
     131
     124
     144
     152
     136
     151
     129
     124
     140
     132
     157
     118
     124
     128
     126
     145
     167
     142
     148
     144
     154
     139
     122
     145
     145
     145
     119
     137
     146
     135
     146
     158
     158
     151
     133
     136
     131
     125
     117
     161
     140
     151
     145
     146
     144
     146
     129
     153
     131
     137
     137
     144
     137
     141
     141
     130
     119
     156
     141
     142
     138
     156
     143
     146
     145
     150
     117
     150
     133
     114
     141
     173
     146
     150
     137
     150
     136
     145
     136
     137
     132
     154
     137
     137
     157
     146
     151
     136
     148
     135
     140
     145
     130
     149
     150
     137
     142
     125
     137
     143
     146
     118
     153
     140
     136
     154
     128
     138
     132
     160
     142
     142
     153
     114
     127
     144
     155
     158
     129
     145
     117
     155
     137
     154
     140
     139
     163
     145
     145
     151
     146
     155
     138
     125
     145
     149
     153
     154
     142
     135
     150
     141
     139
     130
     148
     148
     150
     145
     146
     146
     132
     140
     159
     132
     147
     131
     155
     132
     142
     154
     135
     144
     130
     165
     128
     138
     140
     138
     168
     153
     162
     159
     150
     122
     144
     149
     136
     128
     179
     133
     156
     168
     141
     148
     132
     118
     160
     161
     141
     153
     138
     136
     140
     134
     129
     142
     178
     140
     141
     128
     150
     142
     173
     142
     143
     162
     137
     154
     169
     148
     150
     132
     157
     119
     160
     162
     154
     124
     149
     147
     153
     144
     131
     159
     180
     158
     159
     142
     134
     167
     140
     145
     156
     155
     143
     145
     148
     146
     173
     148
     157
     125
     152
     146
     157
     157
     141
     153
     150
     148
     163
     167
     150
     150
     177
     149
     129
     155
     127
     156
     172
     146
     140
     167
     147
     168
     190
     166
     138
     150
     133
     160
     153
     156
     150
     148
     151
     155
     142
     178
     168
     172
     171
     172
     140
     146
     152
     141
     176
     133
     145
     154
     170
     160
     164
     159
     145
     135
     162
     167
     164
     149
     131
     142
     160
     146
     163
     178
     179
     155
     138
     151
     165
     165
     159
     153
     159
     158
     161
     155
     162
     163
     147
     173
     172
     154
     139
     172
     164
     144
     156
     150
     174
     164
     152
     178
     143
     155
     167
     171
     163
     162
     172
     143
     173
     150
     150
     193
     155
     132
     155
     159
     144
     157
     148
     157
     158
     179
     140
     144
     186
     183
     170
     178
     173
     177
     174
     152
     169
     173
     169
     174
     178
     156
     162
     174
     167
     181
     154
     156
     141
     173
     153
     151
     167
     161
     149
     180
     166
     166
     172
     153
     166
     161
     152
     172
     166
     170
     169
     140
     178
     151
     170
     172
     184
     191
     175
     188
     156
     153
     168
     160
     185
     164
     156
     179
     176
     160
     179
     178
     177
     146
     177
     162
     148
     173
     165
     161
     158
     151
     162
     159
     160
     165
     174
     165
     158
     167
     162
     170
     172
     161
     175
     178
     150
     145
     176
     161
     148
     174
     183
     147
     163
     168
     146
     194
     188
     171
     189
     177
     206
     172
     166
     141
     168
     171
     154
     187
     182
     158
     156
     182
     158
     156
     184
     202
     177
     166
     173
     168
     156
     153
     175
     175
     132
     188
     146
     165
     181
     168
     140
     178
     174
     169
     176
     168
     162
     178
     171
     198
     179
     184
     176
     175
     174
     157
     170
     196
     162
     180
     185
     156
     190
     183
     175
     175
     184
     179
     170
     206
     185
     171
     163
     181
     155
     190
     171
     169
     155
     205
     160
     199
     191
     157
     184
     179
     176
     171
     161
     180
     180
     177
     193
     163
     168
     171
     199
     196
     177
     178
     180
     165
     176
     164
     180
     185
     178
     159
     162
     167
     169
     177
     176
     166
     175
     171
     151
     175
     183
     169
     178
     176
     171
     189
     174
     189
     180
     182
     186
     188
     168
     193
     184
     173
     164
     188
     213
     174
     179
     168
     165
     186
     196
     165
     165
     192
     187
     180
     172
     183
     186
     186
     175
     190
     168
     164
     195
     191
     183
     179
     177
     194
     157
     149
     173
     179
     174
     179
     192
     179
     160
     179
     188
     176
     162
     174
     155
     151
     168
     168
     174
     172
     206
     167
     174
     175
     176
     172
     180
     181
     170
     192
     167
     157
     176
     165
     166
     196
     186
     171
     164
     176
     161
     196
     148
     172
     177
     146
     173
     153
     176
     169
     154
     146
     160
     177
     160
     136
     173
     149
     166
     141
     141
     140
     152
     136
     151
     144
     163
     115
     149
     157
     164
     151
     147
     148
     143
     120
     121
     152
     146
     147
     118
     139
     131
     119
     152
     121
     123
     125
     142
     130
     149
     125
     139
     160
     133
     131
     113
     114
     135
     125
     129
     151
     114
     141
     149
     106
     114
     136
     118
     110
     137
     118
     120
     140
     118
     123
     120
     104
     139
     126
     121
     122
     109
     113
     120
     130
     123
     113
     117
     122
     111
     116
     126
      92
      97
     116
     125
     117
     106
      91
     109
     123
     111
     120
     102
     118
     120
     108
     112
     118
     105
     111
     111
     106
     109
      90
      96
     104
     123
      96
      96
     100
     104
      96
     112
      87
      96
     104
      95
      98
      88
      99
      88
      96
      98
     108
      93
     112
     103
     104
      98
      92
     108
     101
     103
      96
      91
      93
     110
      97
      99
     101
      87
      98
     112
      85
     103
     103
      94
      92
      86
      91
     105
     101
     107
      91
      92
     119
     111
      93
      92
     113
      86
     101
     105
      95
     103
      91
      90
      85
      85
     104
      93
     100
      89
      93
     100
     107
      97
      91
      97
      87
      87
     113
      88
     109
      87
      84
      86
     104
      93
      93
      79
      90
      80
      95
      92
     113
      99
      81
      96
      91
      86
      94
      97
      98
      87
     106
      73
      80
      80
      89
      96
      88
      69
      90
      90
      93
      95
      83
      72
      68
      82
      86
      86
      83
      73
     109
      76
      67
     101
      92
      91
      75
      97
      81
      89
      83
      89
      73
      66
      83
     100
      62
      91
      82
     103
      88
      76
      84
      86
      87
      70
      88
      89
      64
      77
      87
      79
      79
     101
     102
      95
      98
      85
      91
      85
      90
      88
      68
      86
      79
      76
      71
      72
      85
      74
      81
      87
      78
      76
      88
      75
      88
      77
      86
      69
      79
      81
      73
      88
      81
      87
      73
      88
      85
      85
      80
      90
      81
      69
      85
      90
      82
      80
      89
      88
      78
      88
      74
      81
      91
      82
      86
      77
      74
      75
      78
      92
      70
     104
      67
      62
      77
      65
      75
      78
      78
      81
      87
      70
      78
      65
      77
      64
      76
      72
      94
      58
      70
      75
      66
      72
      86
      78
      76
      78
      76
      82
      66
      63
      78
      74
      81
      76
      73
      57
      73
      73
      86
      76
      82
      59
      76
      82
      60
      60
      72
      77
      79
      59
      74
      88
      58
      88
      90
      68
      78
      61
      70
      69
      72
      75
      79
      83
      82
      71
      69
      69
      84
      62
      73
      69
      59
      77
      74
      95
      73
      65
      74
      62
      83
      71
      70
      78
      76
      78
      59
      66
      85
      75
      59
      63
      90
      76
      55
      72
      80
      60
      55
      66
      85
      71
      64
      66
      63
      73
      66
      62
      52
      70
      64
      71
      66
      75
      76
      63
      75
      79
      78
      78
      71
      79
      81
      67
      64
      59
      69
      70
      60
      74
      67
      66
      57
      72
      70
      76
      62
      60
      78
      57
      60
      60
      51
      65
      64
      75
      55
      69
      58
      66
      81
      56
      51
      54
      67
      70
      58
      51
      66
      73
      74
      60
      61
      65
      61
      75
      64
      52
      52
      48
      57
      51
      48
      69
      67
      73
      53
      50
      63
      53
      58
      70
      62
      66
      67
      57
      71
      70
      59
      47
      50
      56
      66
      60
      55
      57
      73
      50
      56
      72
      56
      59
      56
      70
      53
      69
      67
      57
      57
      52
      50
      52
      41
      55
      51
      53
      64
      46
      45
      50
      64
      61
      61
      71
      62
      55
      47
      70
      54
      43
      61
      54
      48
      52
      62
      52
      59
      56
      55
      65
      57
      67
      63
      53
      52
      58
      52
      51
      64
      60
      60
      52
      52
      68
      53
      55
      53
      54
      57
      52
      50
      63
      58
      56
      49
      60
      53
      51
      54
      61
      62
      56
      53
      58
      42
      52
      55
      50
      53
      50
      44
      40
      48
      66
      52
      59
      53
      52
      58
      58
      59
      61
      47
      54
      51
      49
      43
      51
      52
      47
      68
      49
      40
      50
      46
      50
      60
      46
      48
      48
      54
      55
      47
      48
      38
      51
      48
      58
      47
      50
      51
      49
      44
      60
      61
      50
      59
      58
      55
      51
      46
      41
      47
      43
      53
      68
      52
      46
      44
      43
      44
      56
      45
      39
      52
      45
      50
      49
      35
      48
      49
      38
      61
      47
      50
      36
      52
      46
      50
      58
      46
      56
      46
      54
      52
      55
      55
      39
      55
      46
      54
      30
      40
      58
      43
      51
      45
      41
      46
      46
      45
      52
      42
      62
      39
      46
      44
      53
      47
      47
      39
      50
      46
      49
      42
      59
      43
      44
      46
      44
      31
      44
      39
      46
      38
      54
      50
      45
      39
      40
      49
      43
      46
      43
      46
      42
      43
      51
      53
      39
      49
      38
      57
      47
      53
      44
      47
      41
      39
      46
      54
      38
      42
      43
      40
      29
      43
      33
      41
      48
      47
      48
      42
      40
      37
      41
      47
      49
      39
      50
      37
      41
      52
      64
      39
      45
      45
      39
      42
      38
      38
      43
      43
      45
      46
      48
      42
      58
      41
      45
      36
      42
      41
      48
      42
      50
      36
      46
      42
      50
      42
      30
      36
      40
      36
      48
      45
      48
      36
      43
      42
      38
      46
      47
      41
      48
      48
      44
      28
      38
      29
      38
      46
      41
      42
      50
      43
      47
      49
      48
      49
      50
      46
      51
      54
      50
      39
      41
      27
      57
      47
      39
      42
      41
      47
      36
      32
      37
      44
      38
      50
      43
      54
      32
      41
      43
      44
      37
      27
      31
      44
      40
      41
      35
      37
      31
      45
      43
      43
      39
      48
      33
      51
      43
      51
      35
      35
      55
      37
      47
      36
      43
      37
      55
      41
      48
      47
      41
      36
      44
      40
      48
      44
      39
      46
      37
      45
      29
      35
      46
      46
      47
      32
      42
      40
      39
      49
      42
      50
      32
      48
      50
      47
      53
      41
      49
      33
      46
      34
      43
      42
      46
      30
      44
      41
      46
      46
      41
      42
      25
      49
      36
      43
      45
      42
      37
      35
      33
      57
      42
      44
      37
      36
      36
      32
      47
      42
      35
      36
      53
      44
      48
      46
      37
      40
      42
      49
      46
      40
      36
      43
      42
      38
      43
      40
      41
      40
      44
      37
      40
      46
      32
      47
      51
      38
      48
      48
      42
      46
      37
      40
      53
      44
      46
      41
      33
      42
      33
      42
      46
      35
      50
      32
      35
      27
      41
      37
      39
      46
      47
      31
      38
      36
      37
      41
      32
      36
      36
      48
      51
      43
      29
      34
      37
      43
      43
      44
      39
      30
      43
      41
      41
      32
      31
      39
      30
      47
      34
      30
      38
      57
      38
      50
      37
      35
      36
      49
      38
      33
      39
      43
      34
      48
      37
      33
      39
      34
      33
      36
      39
      39
      39
      33
      40
      39
      41
      43
      32
      31
      42
      42
      44
      52
      44
      58
      35
      35
      52
      49
      51
      47
      38
      36
      45
      26
      37
      50
      37
      41
      42
      44
      34
      41
      38
      28
      38
      32
      29
      49
      35
      40
      32
      50
      37
      49
      36
      34
      38
      36
      41
      46
      42
      33
      30
      26
      42
      39
      41
      38
      31
      36
      35
      37
      33
      32
      29
      39
      28
      35
      26
      31
      44
      48
      48
      40
      28
      30
      42
      34
      50
      30
      41
      33
      40
      29
      35
      35
      48
      31
      37
      32
      34
      39
      51
      44
      46
      52
      46
      36
      39
      35
      32
      44
      33
      35
      32
      33
      42
      32
      43
      50
      27
      36
      42
      30
      32
      34
      36
      39
      39
      51
      38
      40
      32
      42
      39
      38
      35
      39
      40
      37
      25
      39
      32
      34
      44
      38
      48
      44
      31
      34
      38
      34
      32
      43
      28
      30
      39
      43
      31
      35
      37
      33
      41
      42
      25
      40
      32
      38
      28
      34
      30
      34
      42
      41
      29
      36
      28
      36
      28
      31
      30
      38
      36
      30
      48
      23
      44
      45
      37
      39
      41
      43
      36
      34
      45
      45
      46
      43
      42
      35
      41
      43
      31
      26
      35
      30
      34
      29
      36
      37
      43
      32
      40
      44
      36
      38
      21
      39
      34
      35
      44
      30
      43
      34
      27
      38
      33
      41
      37
      42
      34
      40
      28
      38
      34
      43
      36
      32
      33
      44
      33
      37
      38
      38
      31
      35
      39
      34
      35
      36
      39
      33
      33
      29
      37
      26
      42
      34
      29
      32
      35
      45
      38
      42
      45
      41
      27
      39
      51
      32
      21
      35
      41
      34
      34
      52
      41
      35
      38
      42
      42
      36
      43
      30
      34
      30
      19
      37
      30
      39
      19
      39
      40
      38
      31
      27
      33
      29
      35
      32
      36
      22
      35
      30
      27
      37
      35
      34
      36
      40
      36
      25
      43
      28
      33
      49
      33
      29
      39
      38
      30
      35
      33
      36
      44
      48
      31
      32
      30
      27
      45
      33
      27
      42
      34
      32
      33
      24
      34
      39
      35
      39
      33
      40
      35
      28
      32
      40
      25
      33
      36
      36
      34
      34
      30
      33
      37
      35
      28
      39
      39
      32
      36
      29
      36
      37
      40
      28
      33
      32
      36
      32
      33
      35
      33
      29
      35
      24
      35
      35
      41
      25
      27
      30
      32
      41
      31
      38
      28
      39
      36
      36
      33
      40
      39
      42
      32
      25
      29
      35
      27
      31
      29
      43
      29
      31
      37
      30
      39
      39
      53
      40
      41
      41
      35
      31
      40
      42
      34
      41
      30
      29
      32
      42
      34
      34
      47
      29
      39
      36
      42
      32
      25
      33
      30
      45
      36
      34
      38
      35
      40
      42
      48
      36
      24
      35
      30
      46
      34
      38
      51
      29
      37
      40
      38
      29
      38
      28
      37
      41
      34
      46
      36
      41
      32
      50
      22
      29
      39
      22
      40
      43
      42
      38
      43
      53
      56
      38
      43
      43
      50
      46
      51
      47
      56
      60
      67
      64
      57
      56
      69
      64
      86
      79
      93
      84
      84
      99
      83
      97
     105
     116
      94
     134
     137
     113
     129
     140
     153
     154
     192
     179
     190
     178
     184
     215
     207
     219
     208
     253
     240
     260
     252
     262
     284
     281
     304
     352
     389
     407
     457
     459
     470
     504
     538
     583
     591
     601
     678
     704
     753
     819
     863
     966
     983
    1009
    1119
    1167
    1232
    1297
    1316
    1389
    1497
    1541
    1599
    1678
    1713
    1763
    1911
    1893
    2031
    2089
    2071
    2186
    2159
    2204
    2321
    2275
    2454
    2382
    2418
    2480
    2383
    2437
    2550
    2505
    2560
    2510
    2450
    2399
    2417
    2359
    2393
    2319
    2277
    2253
    2191
    2086
    2020
    1915
    1850
    1885
    1706
    1751
    1648
    1581
    1553
    1447
    1412
    1326
    1217
    1236
    1113
    1096
    1012
    1008
     870
     871
     772
     734
     727
     654
     646
     569
     549
     530
     472
     463
     366
     353
     349
     359
     329
     277
     277
     222
     230
     197
     210
     198
     203
     168
     154
     149
     117
     129
     130
      93
     111
      92
      86
      81
      77
      81
      72
      58
      68
      59
      59
      54
      49
      45
      44
      48
      38
      30
      33
      37
      34
      33
      33
      40
      34
      30
      33
      27
      23
      24
      22
      22
      24
      19
      22
      20
      25
      26
      21
      21
      23
      19
      22
      11
      23
      27
      29
      13
      20
      24
      19
      25
      23
      17
      14
      20
      23
      15
      22
      18
      17
      16
      16
      19
      22
      17
      17
      15
      16
      18
      15
      14
      15
      18
      17
      15
      20
      19
      16
      20
      15
      21
      20
      22
      11
      15
      18
      16
      19
      23
      18
      14
      11
      21
      14
      18
      25
      13
      14
      20
      19
      19
      21
      15
      24
      20
      20
      14
      17
      19
      23
      16
      27
      17
      20
      26
      19
      25
      18
      20
      26
      21
      17
      21
      23
      22
      25
      19
      20
      20
      12
      25
      29
      19
      22
      16
      15
      24
      14
      16
      15
      15
      24
      18
      15
      24
      19
      16
      20
      16
      13
      19
      12
      20
       8
      18
      21
      24
      15
      17
      13
      19
      12
      22
      24
      14
      19
      20
      20
      19
      24
      13
      15
      24
      19
      18
      12
      21
      23
      19
      14
      25
      24
      20
      21
      16
      13
      18
      17
      16
      19
      15
      16
      18
      19
      26
      21
      19
      19
      17
      13
      12
      18
      18
      12
      17
      19
      18
      15
      16
      20
      20
      15
      21
      13
      22
      16
      19
      14
      14
      20
      27
      14
      23
      15
      18
      27
      21
      17
      14
      16
      18
      21
      13
      11
      20
      17
      12
      19
      15
      13
      22
      17
      14
      16
       9
      24
      19
      17
      21
      22
      22
      19
      24
      23
      22
       9
      18
      21
      29
      21
      25
      11
      24
      22
      12
      20
      15
      20
      21
      20
      20
      19
      12
      16
      19
      19
      19
      17
      23
      16
      27
       7
      27
      18
      18
      25
      18
      18
      14
      17
      19
      19
      15
      18
      24
      21
      15
      17
      17
      20
      12
      12
      21
      12
      18
      15
      15
      21
      18
      18
      15
      14
      19
      15
      22
      19
      31
      22
      18
      23
      17
      21
      23
      22
      14
      21
      20
      15
      15
      13
      18
      21
       9
      19
      18
       8
      14
      10
      15
      18
      16
      26
      20
      16
      25
      26
      16
      13
      21
      20
      17
      17
      19
      10
      15
      19
      19
      18
      18
      14
      20
      18
      16
      20
      19
      18
      12
      17
      19
      18
      21
      11
      20
      19
      21
      26
      29
      24
      24
      18
      17
      18
      15
      15
      12
      23
      16
      23
      15
      24
      17
      14
      20
      27
      22
      19
      21
      24
      25
      11
      21
      15
      24
      15
      21
      26
      19
      13
      17
       9
      19
      17
      20
      18
      19
      24
      19
      21
      22
      19
      25
      16
      18
      22
      24
      20
      23
      11
      21
      20
      18
      13
      24
      15
      16
      20
      19
      15
      20
      16
      20
      21
      11
      16
      21
      13
      23
      13
      17
      18
      13
      14
      20
      13
      15
      16
      14
      12
      19
      19
      25
      17
      18
      14
      13
      23
      16
      21
      24
      18
      21
      19
      16
      23
      17
      19
      21
      19
      18
      14
      16
      26
      26
       7
      17
      15
      14
      16
      19
      14
      19
      21
      19
      14
      17
      15
      28
      20
      25
      10
      13
      18
      19
      17
      16
      15
      17
      17
      14
      29
      25
      13
      12
      20
      22
      14
      11
      14
      30
      19
      23
      23
      24
      24
      11
      16
      14
      21
      15
      24
      23
      20
      15
      19
      14
      18
      20
      12
      20
      10
      11
      20
      14
      21
      16
      22
      17
      18
      12
      13
      18
      15
      15
      21
      11
      16
      15
      24
      19
      19
      19
      16
      12
      11
      20
      25
      17
      16
      23
      17
      19
      19
      17
      19
      22
      15
      19
      17
      18
      24
      20
      16
      12
      22
      13
      16
      17
      15
      17
      14
      15
      20
      24
      15
      15
      19
      20
      16
      22
      13
      18
      18
      25
      25
      22
      13
      15
      26
      22
      28
      24
      21
      24
      13
      14
      17
      20
      10
      17
      20
      21
      15
      16
      22
      13
      13
      16
      17
      20
      21
      22
      17
      15
      11
      24
      19
      15
      22
      21
      11
      22
      18
      19
      26
      12
      20
      16
      21
      21
      13
      17
      14
      16
      12
      11
      12
      21
      11
      16
      15
      24
      17
      14
      23
      14
      27
      15
      14
      16
      15
      20
      17
      16
      25
      18
      11
      14
      20
      19
      17
      21
      25
      15
      14
      14
      24
      13
      16
      22
      13
      21
      18
      15
      21
      12
      21
      19
      19
      15
      24
      18
      25
      21
      19
      14
      18
      15
      14
      15
      16
      16
      16
      17
      14
      17
      23
      21
      22
      16
      19
      16
      19
      13
      25
      16
      21
      22
      17
      16
      13
      18
      17
      16
      20
      17
      15
      21
      20
      25
      11
      15
      16
      15
      18
      13
      15
      19
      14
      14
      15
      22
      20
      14
      14
      21
      22
      17
      20
      23
      15
      19
      20
       9
      15
      20
      21
      27
      15
      17
      25
      18
      21
      20
      26
      13
      14
      20
      16
      18
      18
      17
      16
      16
       6
      21
      18
      12
       8
      14
      10
      14
      17
      11
      15
      20
      13
      14
      14
      18
      19
      20
      23
      19
      14
      17
      17
      14
      24
      23
      16
       9
      19
      19
      18
      22
      20
      19
      18
      18
      13
      18
      16
      19
      22
      18
      29
      15
      19
      12
      18
      16
      16
      19
      14
      29
      16
      25
      13
      22
      22
      14
      18
      16
      14
      12
      20
      20
      19
      13
      14
      14
      17
      14
      14
      19
      19
      23
      21
      13
      16
      16
      20
      16
      22
      18
      18
      21
      19
      18
      18
      13
      18
      24
      15
      14
      21
      19
      18
      15
      14
      18
      13
      25
      19
      21
      18
      19
      15
      15
      20
      22
      14
      21
      12
      20
      20
      17
      11
      19
      22
      17
      23
      17
      21
      18
      20
      13
      18
      13
      20
      14
      15
      23
      23
       8
      18
      14
      26
      21
      18
      10
      21
      10
      18
      24
      16
      17
      18
      20
      15
      15
      24
      23
      17
       9
      26
      15
      26
      27
      14
      21
      21
      22
      14
      21
      28
       9
      12
      17
       8
      15
      15
      22
      13
      19
      15
      22
      14
      11
      11
      13
      13
      18
      19
      12
      15
      22
      19
      17
      15
      15
      20
      19
      18
      15
      12
      18
      15
      23
      13
      15
      20
      31
      15
      21
      28
      16
      12
      25
      12
      17
      16
      19
      19
      15
      15
      19
      21
      28
      17
      11
      15
      20
      20
      14
      14
      13
      19
      21
      10
      11
      13
       8
      26
      19
      16
      20
      22
      16
      12
      13
      21
      17
      22
      20
      28
      22
      27
      17
      19
      12
      16
      21
      13
      13
      22
      14
      10
      24
      23
      27
      20
      24
      18
      12
      17
      20
      14
      20
       9
      17
      16
      17
      15
      18
      19
      16
      22
      17
      21
      18
      21
      23
      18
      19
      18
      17
      14
      12
      17
       6
      24
      24
      13
      23
      16
      16
      17
      21
      14
      23
      16
      26
      24
      16
      20
      16
      14
      21
      15
      18
      23
      18
      15
      21
      15
      20
      13
      16
      18
      18
      20
      18
      17
      21
      23
      18
      18
      17
      16
      15
      17
      14
      15
      20
      20
      13
      19
      23
      20
      23
      16
      26
      16
      17
      14
      19
      17
      13
      26
      13
      10
      13
      23
      22
      15
      15
      14
      15
      16
      12
      13
      16
      19
      17
      18
      15
      18
      16
      13
      22
      30
      20
      13
      15
      27
      19
      15
      12
      13
      10
      21
      12
      21
      24
      17
      14
      15
      12
      12
      16
      13
      26
      16
      23
      13
      19
      21
      17
      15
      17
      12
      20
      23
      23
      17
      21
      21
      15
      15
      19
      18
      16
      20
      21
      21
      19
      13
      20
      20
      19
      14
      21
      14
      19
      17
      16
      17
      18
      17
      20
      19
      13
      20
      21
      15
      19
      18
      18
      15
      17
      16
      15
      14
      15
      15
      23
       6
       9
      23
      20
      20
      19
      20
      20
      22
      13
      22
      18
      18
      13
      22
      19
      22
      12
      22
      14
      13
      21
      13
      12
      20
      24
      17
      22
      15
      21
      22
      16
      27
      14
       9
      21
      16
      18
      21
      15
      14
      18
      17
      22
      17
      18
      18
      16
      16
      24
      19
      17
      19
      19
      11
      15
      24
      30
      23
      20
      14
      17
      18
      15
      22
      11
      17
      29
      18
      15
      16
      22
      20
      18
      19
      18
      16
      23
      23
      27
      14
      11
      16
      17
      15
      13
      11
      12
       8
      14
      13
      16
      19
      19
      19
      21
      15
      13
      15
      19
      13
      13
      24
      13
      17
      18
      20
      19
      17
      15
      22
       9
      23
      17
      23
      27
      13
      18
      15
      18
      16
      21
      20
      15
      17
      18
      18
      18
      16
      22
      28
      17
      11
      23
      20
      21
      15
      18
      19
      17
      17
      15
      17
      16
      21
      18
      19
      20
      23
      13
      21
      14
      20
      19
      20
      11
      18
      17
      21
      20
      17
      11
      21
      11
      20
      19
      15
      12
      24
      10
      24
      17
      19
      16
      24
      18
      16
      23
      22
      30
      15
      19
      11
      15
      23
      14
      15
      22
      14
      12
      15
      16
      20
      12
      19
      14
      11
      13
      16
      13
      15
      14
      13
      10
      18
      19
      15
      21
      11
      17
      19
       9
      16
      12
      14
      27
      18
      16
      13
      21
      20
      21
      21
      18
      15
      19
      13
      23
      22
      14
      18
      16
      20
      19
      23
      20
      20
      16
      14
      21
      17
      25
      20
      16
      23
      20
      24
      13
      22
      15
      19
      12
      32
      22
      18
      21
      21
      17
      19
      19
      20
      15
      17
      17
      17
      11
      19
      19
      14
      10
      17
      17
      17
      15
      15
      18
      19
      21
      13
      18
      18
      18
      18
      14
      25
      20
      15
      12
      24
      16
      20
      21
      20
      21
      22
      13
      14
      25
      25
      15
      16
      15
      19
      13
      18
      18
      19
      18
      10
      25
      17
      15
      22
      20
      16
      21
      21
      10
      23
      13
      16
      16
      17
      16
      11
      17
      17
      16
      15
      12
      24
      12
      15
      24
      17
      20
      15
      15
      18
      10
      15
      18
      15
      15
      18
      24
      18
      15
      13
      23
      11
      17
      13
      14
      20
      15
      17
      15
      26
      16
      18
      17
      18
      28
      16
      17
      23
      14
      17
      27
      21
      12
      16
      15
      16
      18
      18
      16
      23
      13
      13
      21
      19
      18
      13
      20
      22
      13
      18
      11
      15
      28
      14
      23
      15
      18
      20
      25
      12
       9
      18
      19
      16
      24
      16
      19
      17
      19
      14
      22
      19
      23
      19
      20
      15
      14
      19
      17
      16
      22
      12
      16
      12
      23
      16
      12
      13
      16
      16
      17
      16
      21
      16
      13
      13
      17
      21
      16
      10
      12
      21
      13
      23
      16
      22
      25
      25
      17
      18
      16
      12
      17
      18
      18
      16
      15
      19
      27
      15
      19
      27
      17
      21
      18
      11
      16
      19
      18
      17
      18
      18
      24
      17
      15
      15
      15
      11
      29
      24
      16
       9
      17
      15
      23
      18
      24
      25
      14
      17
      17
      24
      15
      16
      25
      21
      17
      25
      13
      17
      16
      15
      15
      13
      22
      17
      16
      12
      26
      10
      19
      21
      24
      15
      19
      23
      18
      17
      15
      15
      22
      18
      15
      20
      17
      14
      11
      18
      11
      19
      20
      19
      17
      20
      21
      16
      16
      16
      16
      17
      17
      15
      10
      20
      19
      18
      19
      11
      18
      20
      19
      21
      18
      22
      14
      15
      16
      23
      19
      19
      16
      17
      18
      16
      19
      20
       9
      11
      20
      13
      23
       9
      14
      21
      20
      23
      18
      19
      17
       9
      17
      20
      15
      16
      13
      24
      19
      22
      17
      17
      16
      16
      22
      18
      14
      22
      19
      22
      18
      22
      15
      16
      25
      17
      15
      14
      27
      12
      15
      17
      19
      16
      16
      22
      25
      19
      17
      22
      15
      32
      27
      13
      19
      17
      20
      14
      14
      16
      18
      24
      19
      12
      21
      10
      15
      15
      19
      17
      19
      11
      15
      12
      20
      15
      24
      19
      17
      17
      16
       9
      15
      17
      20
      22
      13
      20
      22
      19
      21
      18
      11
      17
       9
      18
      17
      13
      18
      16
      18
      19
      17
      20
      16
      10
      13
       9
      13
      14
      18
      11
      13
      14
      20
      17
      16
      18
      18
      24
      18
      20
      16
      15
      11
      16
      15
      14
      10
      19
      20
      10
      13
      18
      19
      21
      16
      30
      21
      14
      27
      20
      25
       9
      17
      14
      17
      18
      12
      17
      15
      18
      21
      18
      17
      11
      17
      12
      15
      15
      27
      15
      14
      17
      21
      18
      17
      15
      19
      19
      18
      12
      20
      14
      21
      24
      20
       8
      20
      15
      20
      17
      27
      19
      18
      18
      20
      20
      24
      18
      22
      19
      20
      15
      22
      21
      11
      10
      20
      22
      21
      21
      22
      23
      15
      18
      21
      17
      24
      16
      15
      13
      14
      16
      18
      19
      22
      12
      19
      17
      15
      13
      14
      20
      17
      16
      17
      14
      13
      21
      22
      27
      10
      21
      13
      23
      15
      16
      27
      17
      18
      17
      15
      16
      20
      20
      16
      20
      17
      21
      14
      15
      22
      16
      18
      22
      22
      24
      16
      14
      21
      19
      19
      24
      18
      18
      17
      23
      23
       9
      16
      12
      20
       9
      20
      24
      13
      17
      20
      21
      23
      20
      21
      15
      11
      20
      15
      16
      18
      19
      11
      23
      17
      21
      13
      26
      15
      15
      17
      13
      22
      21
      22
      19
      17
      19
      15
      16
      18
      21
      19
      16
      20
      14
      11
      23
      27
      13
      14
      15
      23
      19
      18
      23
      18
      13
      16
      18
      18
      27
      17
      25
      14
      20
      18
      10
      14
      11
      18
      17
      15
      21
      17
      17
      18
      15
      19
      12
      23
      12
      19
      28
      15
      14
      23
      13
      12
      17
      20
      16
      13
      16
      24
      18
      17
      14
      16
      26
      15
      20
      10
      22
      21
      16
      18
      17
      20
      14
      14
      26
      16
      15
      17
      18
      17
      24
      21
       9
      22
      17
      16
      14
      19
      18
      11
      20
      13
      17
      16
      21
       9
      19
      22
      18
      19
      15
      20
      15
      17
      14
      18
       9
      15
      20
      19
      16
      15
      23
      17
      19
      14
      15
      14
      15
      12
      17
      16
      18
      19
      25
      20
      17
      17
      19
      15
      23
      18
      22
      11
      17
      16
      13
      22
      15
      26
      23
      17
      17
      12
      16
      19
      15
      13
      16
      12
      21
      15
      11
      22
      11
      24
      19
      15
      15
      28
      16
      26
      17
      14
      15
      15
      21
      21
      24
      23
      19
      23
      22
      23
      20
      17
      28
      22
      16
      31
      22
      20
      12
      18
      31
      22
      23
      11
      20
      15
      14
      15
      25
      21
      15
      19
      19
      20
      13
      13
      25
      16
      17
      20
      19
      23
      13
      19
      25
      27
      15
      20
      16
      19
      17
      26
      25
      15
      14
      22
      15
      18
      22
      20
      14
      15
      13
      15
      19
      12
      21
      29
      24
      19
      28
      22
      16
      19
      18
      15
      24
      21
      25
      20
      11
      23
      16
      18
      15
      15
      20
      16
      15
      17
      15
      15
      12
      20
      22
       8
      17
      18
       5
      13
      15
      15
      14
      11
      23
      19
      13
      17
      17
      23
      19
      14
      17
      21
      18
      26
      16
      20
      21
      19
      27
      16
      24
      20
      18
      18
      16
      14
      14
      12
      20
      20
      23
      19
      18
      16
      19
      20
      11
      14
      16
      24
      26
      22
      13
      12
      19
      15
      19
      18
      18
      15
      17
      18
      18
      13
      15
      22
      20
      22
      18
      17
      21
      23
      19
      18
      19
      18
      12
      18
      13
      18
      21
      16
      19
      24
      15
      15
      11
      24
      30
      12
      16
       7
      17
      26
      13
      12
      12
      18
      14
      14
      14
      19
      18
      20
      20
      15
      19
      17
      14
      18
      26
      19
      23
      19
      17
      20
      14
      18
      20
      16
      21
      19
      19
      22
      16
      13
      21
      17
      17
      22
      22
      22
      17
      19
      21
      23
      20
      21
      27
      17
      27
      16
      22
      15
      22
      11
      13
      28
      18
       9
      19
      21
      18
      19
      19
      19
      18
      20
      20
      25
      17
      21
      21
      13
      14
      19
      10
      15
      12
      17
      14
      18
      17
      17
      24
      11
      23
      24
      22
      30
      23
      20
      19
      12
      16
      20
      16
      23
      14
      23
      17
      21
      27
      26
      20
      14
       9
      16
      12
      18
      22
      19
      15
      20
      18
      19
      12
      16
      21
      25
      16
      10
      12
      17
      16
      22
      21
      20
      30
      21
      15
      13
      17
      22
      14
      19
      14
      20
      20
      22
      20
      13
      17
      24
      21
      16
      22
      17
      23
      26
      20
      20
      16
      17
      18
      16
      22
      16
      24
      19
      19
      18
      17
      17
      21
      17
      20
      25
      17
      10
      20
      17
      16
      20
      22
      17
      18
      21
      19
      20
      28
      18
      20
      15
      16
      14
      20
      20
      24
      17
      15
      12
      19
       9
      21
      19
      26
      20
      16
      17
      24
      12
      21
      18
      23
      17
      17
      18
      16
      21
      21
      13
      23
      18
      17
      22
      17
      19
      17
      19
      21
      24
      21
      20
      22
      12
      28
      16
      19
      20
      21
      28
      18
      18
      16
      22
      14
      21
      11
      15
      19
      15
      17
      24
      19
      17
      15
      27
      18
      21
      19
      24
      16
      27
      19
      20
      11
      22
      23
      21
      17
      24
      19
      17
      19
      16
      12
      14
      18
      17
      17
      16
      19
      24
      21
      17
      13
      19
      17
      23
      19
      18
      18
      17
      19
      21
      15
      17
      21
      22
      25
      18
      21
      18
      11
      16
      15
      25
      22
      17
      16
      21
      23
      17
      18
      13
      19
      22
      22
      12
      19
      18
      14
      18
      24
      20
      17
      24
      20
      16
      21
      15
      17
      20
      17
      12
       9
      23
      22
      21
      16
      17
      17
      16
      11
      16
      17
      12
      20
      20
      10
      22
      22
      15
      20
      16
      13
      15
      19
      13
      28
      20
      13
      18
      14
      16
      21
      20
      22
      24
      20
      20
      23
      28
      22
      27
      13
      18
      23
      18
      22
      17
      10
      19
      15
      26
      18
      21
      23
      22
      22
      20
      19
      24
      15
      16
      20
      18
      17
      22
      21
      16
      26
      21
      21
      14
      24
      21
      20
      23
      20
      20
      26
      21
      27
      19
      20
      14
      15
      16
      19
      25
      14
      16
      16
      16
      20
      18
      12
      12
      16
      13
      22
      15
      20
      16
      21
      23
      19
      16
      16
      21
      23
      20
      17
      27
      23
      15
      15
      21
      23
      19
      19
      23
      23
      27
      22
      19
      14
      19
      14
      20
      23
      12
      21
      15
      15
      21
      20
      18
      18
      14
      21
      15
      14
      17
      24
      14
      17
      15
      20
      15
      23
      13
      27
      16
      20
      22
      25
      28
      17
      30
      22
      19
      17
      17
      17
      14
      15
      17
      12
      26
      20
      11
      21
      23
      18
      16
      20
      21
      17
      14
      19
      15
      15
      17
      17
      18
      16
      16
      20
      13
      18
      16
      30
      15
      14
      17
      21
      20
      18
      13
      28
      15
      22
      17
      19
      22
      19
      20
      21
      20
      20
      18
      15
      21
      20
      23
      17
      17
      15
      22
      25
      16
      17
      16
      20
      29
      13
      29
      13
      17
      14
      22
      19
      17
      25
      15
      19
      12
      21
      28
      17
      16
      16
      13
      23
      14
      22
      18
      16
      17
      21
      23
      21
      25
      12
      22
      15
      23
      19
      21
      23
      21
      18
      21
      15
      16
      28
      22
      22
      23
      18
      17
      16
      19
      20
      14
      25
      16
      19
      24
      16
      14
      16
      21
      20
      21
      15
      14
      23
      23
      18
      18
      11
      21
      25
      11
      17
      15
      20
      19
      22
      17
      24
      23
      21
      15
      22
      19
      14
      21
      24
      20
      17
      19
      17
      23
      23
      14
      13
      17
      23
      15
      18
      20
      23
      26
      21
      21
      19
      23
      13
      15
      21
      21
      15
      21
      16
      18
      12
      15
      17
      13
      19
      15
      19
      15
      21
      18
      17
      18
      20
      24
      16
      25
      20
      15
      19
      13
      23
      19
      17
      23
      22
      18
      19
      26
      16
      22
      20
      30
      15
      27
      14
      20
      18
      17
      20
      19
      15
      15
      26
      21
      22
      14
      29
      18
      18
      21
      14
      11
      26
      28
      17
      11
      15
      22
      20
      17
      20
      26
      15
      23
      18
      18
      16
      19
      15
      20
      24
      18
      24
      20
      22
      20
      14
      11
      27
      26
      23
      25
      13
      21
      21
      15
      21
      23
      26
      16
     306
     558
     607
     554
     599
     572
     610
     599
     585
     573
     597
     602
     615
     615
     592
     536
     574
     589
     567
     567
     612
     578
     579
     547
     591
     568
     559
     594
     590
     617
     581
     595
     590
     609
     578
     563
     550
     576
     567
     586
     567
     589
     578
     587
     583
     604
     623
     571
     572
     562
     569
     550
     576
     590
     543
     571
     581
     571
     584
     550
     568
     588
     532
     547
     601
     573
     587
     561
     580
     571
     521
     596
     591
     596
     560
     534
     571
     545
     499
     551
     532
     554
     546
     547
     546
     560
     552
     545
     567
     553
     554
     550
     592
     530
     532
     529
     544
     542
     499
     552
     513
     512
     521
     555
     543
     550
     560
     539
     541
     566
     552
     528
     501
     557
     529
     548
     564
     539
     561
     529
     529
     539
     543
     575
     528
     583
     510
     537
     575
     544
     555
     560
     523
     609
     571
     574
     578
     511
     550
     545
     538
     560
     528
     550
     525
     529
     566
     553
     537
     581
     558
     579
     588
     552
     588
     528
     550
     559
     574
     548
     530
     572
     586
     600
     533
     573
     559
     539
     549
     549
     542
     560
     561
     582
     547
     571
     542
     537
     569
     536
     496
     562
     551
     504
     274
$ROI:
5
349 399
960 988
992 1050
1491 1501
5157 5169
$PRESETS:
None
0
0
$ENER_FIT:
0.000000 0.107033
$MCA_CAL:
3
0.000000E+000 1.070331E-001 0.000000E+000 keV
$SHAPE_CAL:
3
0.000000E+000 0.000000E+000 0.000000E+000
