$SPEC_ID:
23cm counts
$SPEC_REM:
DET# 1
DETDESC# DLAB-PHY-L3-49 926 Right
AP# Maestro Version 7.01
$DATE_MEA:
10/28/2024 14:21:08
$MEAS_TIM:
1603 2074
$DATA:
0 8191
       0
       0
       0
       0
       0
       1
       0
       0
       0
       0
       0
       0
       0
       0
       0
       0
       0
       0
       0
       0
       0
       1
       1
       1
       8
      23
      75
     111
     233
     360
     538
     671
     807
     990
    1808
    6656
   19343
   38985
   59996
   74730
   82928
   85555
   82155
   73850
   64023
   55304
   47575
   40579
   34675
   29600
   25316
   21858
   18414
   15824
   13390
   11581
    9824
    8358
    7346
    6247
    5491
    4709
    3942
    3472
    2954
    2726
    2308
    1987
    1750
    1586
    1418
    1253
    1114
    1017
     850
     789
     751
     691
     633
     591
     527
     480
     435
     434
     391
     398
     400
     358
     333
     322
     301
     315
     285
     288
     289
     275
     280
     267
     267
     241
     257
     243
     265
     255
     251
     212
     232
     236
     243
     248
     232
     216
     226
     240
     220
     199
     219
     225
     245
     221
     235
     200
     209
     201
     220
     228
     226
     230
     239
     219
     225
     228
     218
     204
     225
     233
     204
     211
     220
     219
     218
     217
     203
     196
     198
     194
     206
     199
     208
     208
     209
     198
     205
     200
     190
     190
     193
     198
     206
     204
     174
     200
     187
     209
     209
     188
     225
     209
     173
     203
     187
     186
     196
     201
     190
     186
     202
     207
     182
     208
     209
     209
     231
     175
     196
     196
     198
     188
     191
     218
     197
     191
     178
     193
     215
     203
     216
     186
     225
     185
     161
     163
     193
     197
     187
     186
     193
     171
     179
     155
     197
     191
     185
     204
     222
     175
     164
     171
     173
     197
     186
     192
     165
     205
     172
     179
     200
     206
     185
     187
     178
     175
     174
     180
     156
     166
     186
     180
     182
     185
     163
     183
     207
     176
     188
     167
     176
     174
     170
     169
     175
     171
     184
     171
     170
     178
     148
     186
     161
     178
     165
     162
     170
     197
     171
     190
     185
     167
     146
     166
     149
     168
     174
     166
     167
     168
     162
     174
     180
     199
     165
     166
     163
     155
     160
     177
     173
     160
     187
     170
     170
     168
     159
     168
     179
     192
     181
     176
     185
     186
     176
     162
     183
     168
     165
     170
     158
     153
     151
     167
     147
     160
     172
     147
     167
     182
     159
     159
     146
     168
     178
     181
     154
     184
     179
     190
     152
     157
     189
     183
     158
     154
     171
     175
     183
     163
     150
     163
     188
     176
     192
     142
     192
     178
     169
     164
     167
     167
     159
     161
     162
     168
     172
     149
     173
     159
     144
     172
     155
     171
     160
     171
     151
     155
     172
     153
     148
     171
     170
     161
     165
     155
     176
     165
     172
     166
     174
     159
     143
     166
     181
     155
     165
     156
     162
     149
     162
     157
     170
     176
     164
     161
     165
     138
     176
     172
     172
     186
     168
     179
     185
     151
     156
     156
     152
     160
     162
     171
     138
     161
     157
     167
     169
     153
     173
     163
     140
     159
     165
     157
     164
     164
     151
     144
     177
     161
     161
     141
     151
     160
     162
     168
     159
     167
     151
     180
     162
     145
     162
     159
     170
     147
     165
     154
     157
     158
     175
     164
     159
     170
     147
     151
     173
     177
     162
     176
     174
     182
     163
     139
     157
     149
     157
     173
     144
     158
     147
     194
     151
     158
     177
     158
     167
     146
     144
     169
     170
     169
     160
     168
     137
     165
     153
     168
     152
     140
     158
     162
     119
     163
     169
     168
     151
     154
     156
     177
     153
     164
     140
     171
     162
     156
     146
     167
     132
     158
     150
     151
     157
     172
     120
     172
     165
     161
     152
     144
     178
     169
     145
     158
     174
     172
     161
     160
     153
     166
     156
     149
     149
     160
     163
     146
     182
     178
     165
     156
     150
     162
     170
     158
     139
     161
     164
     176
     163
     169
     153
     175
     151
     173
     167
     147
     151
     157
     174
     160
     136
     133
     155
     148
     153
     160
     166
     166
     151
     148
     162
     181
     147
     170
     155
     156
     162
     150
     178
     167
     166
     161
     160
     171
     180
     161
     171
     173
     159
     162
     144
     174
     150
     193
     135
     179
     155
     168
     152
     171
     190
     158
     150
     159
     179
     148
     176
     203
     158
     194
     145
     157
     173
     167
     165
     162
     157
     168
     168
     158
     168
     152
     169
     181
     164
     159
     185
     186
     174
     179
     174
     204
     213
     204
     201
     191
     200
     208
     193
     230
     201
     217
     203
     184
     211
     222
     207
     237
     222
     209
     203
     216
     215
     219
     239
     203
     243
     212
     232
     218
     236
     218
     238
     249
     206
     213
     213
     208
     217
     237
     229
     211
     213
     179
     223
     215
     199
     182
     194
     185
     178
     178
     180
     204
     190
     191
     179
     194
     170
     176
     165
     166
     180
     165
     185
     165
     168
     144
     168
     171
     190
     167
     157
     178
     144
     153
     182
     178
     164
     143
     146
     173
     170
     160
     165
     163
     169
     151
     175
     146
     157
     170
     175
     149
     165
     155
     180
     142
     158
     173
     182
     164
     162
     174
     168
     192
     159
     175
     175
     156
     144
     169
     167
     177
     190
     159
     170
     167
     179
     153
     182
     196
     163
     194
     204
     193
     186
     179
     198
     190
     189
     171
     188
     170
     197
     215
     175
     197
     188
     152
     174
     170
     167
     192
     156
     191
     173
     186
     173
     155
     143
     169
     157
     173
     178
     154
     179
     153
     168
     185
     147
     183
     195
     186
     154
     159
     158
     178
     176
     157
     151
     155
     145
     156
     153
     149
     145
     150
     136
     143
     153
     158
     157
     152
     145
     148
     148
     151
     149
     160
     164
     141
     158
     161
     161
     136
     153
     131
     139
     141
     152
     146
     140
     167
     151
     140
     138
     141
     154
     150
     146
     155
     146
     159
     141
     128
     155
     150
     135
     158
     154
     166
     149
     168
     170
     128
     132
     135
     145
     162
     144
     140
     164
     152
     128
     165
     146
     167
     157
     131
     159
     178
     152
     139
     131
     140
     138
     128
     136
     120
     145
     138
     150
     150
     140
     178
     132
     167
     180
     150
     162
     131
     144
     138
     149
     133
     156
     148
     150
     138
     141
     174
     158
     137
     155
     141
     142
     130
     144
     148
     144
     122
     137
     152
     147
     143
     163
     149
     145
     140
     152
     150
     151
     134
     150
     168
     149
     165
     133
     156
     142
     142
     147
     154
     161
     157
     138
     171
     156
     144
     125
     126
     164
     146
     161
     145
     119
     159
     149
     139
     129
     152
     137
     142
     126
     137
     147
     140
     135
     134
     146
     153
     150
     155
     144
     172
     152
     145
     166
     148
     148
     141
     168
     140
     151
     150
     142
     161
     140
     149
     128
     145
     141
     170
     149
     146
     139
     128
     147
     143
     127
     111
     142
     139
     145
     137
     128
     136
     130
     151
     154
     154
     143
     139
     157
     153
     128
     124
     155
     171
     155
     147
     140
     140
     123
     148
     136
     133
     136
     139
     138
     149
     137
     147
     135
     147
     141
     146
     152
     171
     150
     155
     158
     137
     148
     153
     131
     140
     141
     138
     155
     148
     136
     127
     136
     134
     129
     137
     141
     152
     129
     139
     149
     133
     138
     145
     145
     132
     133
     155
     146
     133
     137
     160
     116
     126
     130
     143
     141
     138
     132
     116
     148
     148
     140
     133
     141
     152
     140
     147
     159
     142
     126
     168
     163
     117
     149
     119
     145
     142
     144
     150
     129
     142
     137
     150
     152
     136
     134
     130
     140
     137
     132
     148
     132
     138
     159
     136
     126
     142
     151
     142
     131
     109
     143
     147
     135
     138
     141
     136
     140
     127
     122
     131
     135
     148
     152
     124
     146
     144
     132
     162
     147
     128
     149
     148
     131
     137
     138
     145
     131
     144
     153
     144
     124
     133
     160
     131
     148
     162
     141
     134
     148
     139
     141
     135
     132
     141
     141
     147
     143
     158
     148
     140
     174
     137
     132
     133
     150
     154
     168
     131
     151
     128
     150
     140
     156
     149
     140
     158
     112
     152
     148
     143
     130
     140
     134
     135
     145
     145
     156
     143
     132
     141
     126
     133
     139
     124
     132
     132
     130
     157
     123
     145
     144
     140
     138
     149
     151
     150
     164
     139
     123
     149
     178
     157
     126
     137
     154
     153
     129
     147
     135
     140
     145
     162
     131
     135
     137
     131
     137
     145
     128
     144
     145
     116
     150
     122
     126
     121
     136
     128
     146
     147
     132
     109
     153
     166
     157
     151
     138
     126
     123
     136
     128
     152
     146
     139
     123
     130
     125
     143
     141
     149
     160
     125
     151
     160
     136
     139
     139
     151
     141
     152
     170
     154
     136
     133
     165
     166
     125
     138
     146
     129
     139
     126
     125
     142
     130
     148
     139
     143
     139
     127
     137
     150
     150
     125
     130
     135
     138
     129
     151
     137
     154
     113
     146
     154
     118
     141
     147
     145
     161
     145
     142
     136
     125
     127
     121
     135
     130
     131
     122
     124
     124
     167
     142
     115
     163
     122
     132
     139
     161
     154
     143
     154
     140
     163
     137
     125
     137
     136
     139
     143
     137
     145
     143
     156
     147
     118
     132
     148
     128
     146
     156
     149
     127
     145
     149
     150
     139
     139
     142
     137
     143
     148
     142
     125
     145
     145
     141
     144
     157
     129
     144
     106
     133
     161
     141
     152
     123
     119
     143
     142
     138
     151
     156
     147
     139
     128
     173
     146
     153
     143
     117
     153
     145
     141
     151
     151
     150
     150
     133
     131
     131
     142
     126
     141
     161
     153
     148
     143
     136
     111
     120
     129
     146
     130
     130
     120
     129
     146
     152
     132
     133
     152
     120
     124
     139
     141
     148
     135
     141
     149
     144
     145
     157
     143
     134
     133
     154
     131
     111
     143
     154
     135
     157
     140
     155
     121
     152
     112
     125
     134
     152
     130
     132
     135
     112
     125
     160
     126
     141
     141
     145
     141
     135
     148
     149
     142
     142
     143
     140
     153
     144
     129
     138
     155
     135
     138
     130
     121
     145
     126
     150
     138
     111
     137
     143
     144
     144
     151
     134
     162
     144
     139
     142
     146
     142
     128
     131
     113
     123
     130
     151
     136
     151
     143
     126
     154
     136
     136
     128
     136
     138
     142
     125
     116
     132
     129
     138
     152
     147
     148
     149
     130
     117
     143
     154
     134
     156
     163
     147
     147
     178
     148
     157
     157
     133
     147
     142
     162
     133
     130
     143
     134
     130
     158
     165
     149
     132
     149
     151
     148
     162
     159
     160
     146
     161
     171
     166
     170
     174
     174
     157
     159
     139
     133
     143
     167
     146
     155
     144
     161
     149
     145
     153
     166
     167
     148
     144
     155
     140
     134
     172
     159
     149
     157
     155
     172
     161
     157
     131
     170
     126
     142
     158
     153
     151
     147
     165
     147
     152
     176
     153
     154
     151
     153
     154
     161
     147
     191
     182
     150
     170
     148
     179
     150
     176
     170
     155
     143
     161
     165
     164
     145
     175
     174
     170
     157
     149
     123
     166
     158
     165
     158
     156
     144
     142
     136
     152
     168
     147
     157
     153
     159
     159
     165
     182
     137
     172
     159
     163
     152
     149
     151
     145
     145
     151
     166
     165
     163
     154
     173
     147
     159
     176
     166
     167
     141
     164
     145
     155
     167
     177
     146
     154
     127
     147
     139
     138
     149
     166
     145
     146
     167
     137
     161
     160
     173
     148
     135
     139
     132
     151
     134
     172
     151
     156
     167
     165
     166
     130
     141
     151
     162
     155
     133
     137
     144
     159
     146
     157
     147
     155
     154
     144
     146
     129
     161
     156
     144
     140
     159
     148
     128
     167
     156
     140
     145
     144
     165
     144
     153
     156
     150
     155
     154
     168
     145
     138
     134
     132
     147
     179
     155
     174
     142
     145
     138
     138
     166
     138
     114
     146
     146
     145
     156
     177
     166
     166
     159
     173
     166
     147
     143
     154
     152
     153
     156
     150
     154
     140
     138
     149
     147
     141
     161
     126
     153
     149
     168
     134
     154
     145
     147
     136
     155
     140
     137
     150
     158
     148
     144
     128
     157
     136
     132
     164
     167
     133
     132
     156
     134
     154
     157
     148
     133
     147
     188
     166
     145
     141
     165
     145
     148
     157
     136
     144
     142
     135
     154
     153
     147
     166
     135
     156
     140
     162
     161
     147
     144
     146
     151
     149
     133
     129
     155
     141
     164
     129
     154
     134
     151
     141
     128
     130
     153
     153
     136
     145
     136
     148
     167
     172
     137
     126
     165
     141
     122
     157
     153
     155
     161
     154
     130
     151
     151
     150
     133
     146
     157
     139
     134
     147
     146
     153
     173
     145
     137
     148
     151
     141
     143
     142
     137
     155
     141
     147
     155
     142
     139
     156
     150
     139
     125
     140
     134
     131
     152
     146
     164
     148
     159
     140
     140
     142
     148
     120
     137
     134
     137
     147
     140
     151
     147
     142
     149
     136
     124
     166
     121
     144
     152
     147
     164
     164
     142
     141
     170
     151
     174
     150
     146
     158
     124
     147
     149
     139
     142
     127
     143
     142
     152
     144
     155
     155
     155
     135
     144
     149
     132
     153
     143
     144
     151
     137
     172
     132
     164
     154
     150
     153
     139
     145
     154
     147
     173
     157
     169
     143
     136
     154
     169
     133
     138
     147
     153
     144
     156
     148
     140
     131
     156
     142
     154
     156
     136
     149
     157
     143
     132
     172
     157
     154
     135
     161
     161
     133
     135
     172
     140
     132
     150
     133
     145
     151
     153
     150
     125
     164
     144
     137
     126
     131
     153
     157
     144
     157
     130
     138
     161
     142
     126
     134
     150
     148
     157
     154
     151
     162
     126
     153
     158
     142
     161
     151
     141
     137
     170
     141
     155
     119
     129
     183
     146
     159
     137
     137
     162
     117
     139
     142
     129
     156
     154
     153
     154
     140
     145
     176
     147
     138
     159
     156
     150
     158
     165
     155
     150
     149
     139
     130
     134
     150
     144
     158
     145
     160
     140
     125
     145
     140
     134
     122
     150
     162
     154
     144
     126
     144
     141
     151
     151
     141
     140
     149
     139
     173
     160
     141
     158
     140
     144
     134
     142
     149
     159
     148
     126
     157
     133
     154
     112
     137
     152
     140
     145
     151
     134
     154
     143
     163
     152
     146
     134
     130
     149
     136
     145
     135
     131
     137
     147
     141
     145
     144
     142
     145
     140
     155
     139
     140
     123
     142
     143
     152
     121
     125
     145
     146
     136
     134
     135
     148
     139
     139
     151
     133
     163
     160
     162
     145
     147
     159
     150
     135
     149
     171
     124
     167
     139
     139
     159
     147
     144
     162
     131
     148
     142
     143
     133
     155
     159
     148
     151
     152
     149
     147
     124
     145
     146
     135
     130
     163
     144
     135
     151
     137
     134
     143
     146
     136
     154
     135
     156
     121
     128
     150
     150
     157
     143
     147
     131
     140
     165
     159
     152
     131
     149
     144
     140
     130
     145
     138
     152
     124
     164
     169
     132
     160
     161
     127
     148
     150
     134
     138
     125
     154
     140
     138
     140
     143
     137
     126
     129
     144
     153
     160
     133
     137
     149
     139
     139
     138
     150
     130
     176
     159
     144
     133
     149
     145
     142
     152
     123
     139
     146
     140
     151
     132
     143
     142
     163
     132
     133
     155
     155
     126
     127
     140
     145
     144
     163
     160
     158
     126
     163
     145
     149
     143
     142
     152
     187
     141
     146
     144
     157
     137
     161
     127
     132
     144
     148
     154
     146
     137
     158
     132
     126
     169
     143
     160
     174
     126
     148
     130
     146
     134
     135
     139
     150
     139
     141
     143
     146
     145
     144
     167
     142
     137
     153
     119
     128
     159
     168
     145
     125
     153
     134
     147
     149
     162
     160
     139
     149
     150
     152
     150
     144
     151
     143
     139
     145
     126
     129
     153
     144
     141
     143
     141
     145
     135
     141
     127
     160
     150
     159
     149
     139
     141
     162
     158
     139
     145
     142
     149
     159
     156
     160
     155
     150
     137
     136
     131
     130
     120
     160
     138
     133
     131
     141
     157
     123
     148
     168
     143
     167
     127
     164
     151
     154
     135
     147
     127
     152
     152
     141
     132
     148
     159
     159
     129
     141
     138
     141
     142
     163
     134
     161
     148
     148
     154
     137
     152
     137
     136
     143
     156
     149
     133
     140
     149
     152
     149
     166
     129
     152
     154
     142
     132
     125
     150
     129
     146
     131
     155
     144
     164
     154
     145
     141
     164
     153
     159
     158
     132
     159
     161
     147
     140
     143
     126
     157
     155
     153
     143
     174
     143
     145
     159
     157
     143
     127
     152
     130
     157
     151
     139
     143
     151
     161
     155
     132
     144
     148
     154
     135
     141
     132
     151
     138
     152
     138
     138
     134
     164
     131
     138
     132
     152
     151
     159
     142
     137
     169
     136
     146
     151
     143
     128
     128
     152
     149
     136
     138
     144
     143
     132
     149
     178
     143
     162
     165
     165
     153
     160
     146
     134
     149
     128
     159
     157
     133
     151
     135
     141
     139
     139
     142
     169
     159
     128
     147
     142
     176
     137
     136
     146
     163
     143
     148
     139
     143
     123
     144
     172
     184
     154
     135
     138
     159
     153
     143
     164
     158
     167
     142
     131
     148
     153
     140
     131
     149
     134
     147
     159
     136
     131
     157
     132
     142
     175
     177
     171
     167
     137
     148
     146
     154
     145
     167
     149
     136
     137
     158
     143
     142
     146
     142
     140
     155
     166
     144
     150
     136
     159
     138
     141
     153
     131
     169
     154
     130
     159
     139
     142
     157
     154
     172
     144
     149
     160
     142
     168
     154
     155
     150
     126
     169
     139
     142
     150
     157
     142
     138
     131
     143
     157
     153
     156
     162
     137
     161
     166
     164
     149
     140
     144
     159
     147
     161
     154
     140
     158
     159
     140
     166
     167
     150
     147
     150
     175
     164
     142
     145
     135
     156
     159
     145
     148
     142
     160
     149
     147
     168
     135
     144
     180
     131
     140
     155
     150
     156
     141
     151
     124
     151
     154
     152
     159
     145
     150
     164
     143
     174
     161
     148
     155
     137
     156
     173
     141
     153
     134
     159
     164
     173
     161
     162
     153
     181
     163
     156
     157
     139
     160
     163
     140
     152
     182
     164
     163
     162
     143
     156
     132
     181
     144
     158
     155
     164
     151
     147
     143
     145
     166
     147
     144
     151
     135
     175
     159
     162
     164
     160
     157
     158
     149
     141
     164
     175
     153
     143
     168
     179
     156
     174
     152
     164
     154
     171
     154
     161
     152
     159
     166
     153
     145
     149
     170
     150
     145
     168
     158
     144
     179
     154
     159
     166
     163
     154
     154
     169
     154
     173
     155
     178
     148
     163
     168
     185
     159
     170
     162
     146
     169
     164
     175
     167
     168
     177
     170
     158
     149
     174
     154
     162
     172
     145
     182
     178
     175
     165
     170
     173
     181
     160
     206
     181
     175
     158
     158
     164
     160
     174
     186
     168
     178
     180
     171
     163
     141
     161
     179
     159
     167
     173
     164
     185
     164
     157
     160
     175
     194
     176
     158
     174
     187
     166
     173
     152
     179
     169
     179
     190
     164
     174
     183
     163
     159
     181
     175
     161
     165
     199
     175
     186
     166
     185
     186
     169
     145
     157
     166
     173
     198
     189
     165
     149
     190
     197
     178
     185
     170
     169
     188
     180
     186
     179
     204
     192
     174
     166
     152
     170
     181
     190
     157
     171
     156
     177
     184
     162
     186
     169
     164
     166
     198
     182
     195
     194
     184
     155
     173
     180
     174
     193
     185
     184
     185
     172
     179
     188
     151
     175
     187
     177
     183
     186
     178
     184
     169
     182
     173
     170
     187
     171
     171
     201
     186
     152
     173
     159
     186
     185
     174
     188
     172
     185
     182
     167
     190
     173
     179
     162
     182
     196
     170
     196
     178
     166
     192
     172
     170
     163
     185
     171
     171
     183
     166
     194
     186
     202
     187
     174
     175
     167
     165
     155
     183
     176
     182
     153
     186
     185
     181
     192
     199
     169
     173
     166
     181
     178
     183
     192
     171
     164
     192
     149
     195
     195
     167
     203
     173
     183
     192
     169
     184
     187
     202
     189
     196
     186
     164
     175
     198
     208
     159
     184
     207
     178
     149
     171
     171
     169
     175
     209
     175
     183
     179
     188
     186
     179
     164
     156
     177
     190
     182
     197
     183
     168
     190
     187
     166
     175
     178
     195
     167
     204
     198
     174
     174
     187
     202
     173
     207
     169
     183
     188
     174
     166
     181
     172
     201
     191
     187
     190
     210
     180
     188
     218
     182
     172
     191
     166
     176
     213
     189
     200
     190
     191
     185
     179
     175
     170
     203
     190
     174
     227
     186
     175
     177
     183
     186
     183
     207
     208
     192
     191
     180
     182
     192
     184
     163
     184
     177
     210
     184
     185
     179
     171
     161
     182
     189
     174
     166
     186
     174
     187
     178
     184
     171
     151
     175
     182
     169
     173
     169
     166
     176
     167
     168
     171
     165
     163
     162
     183
     168
     135
     163
     145
     154
     146
     156
     146
     151
     161
     168
     161
     146
     172
     147
     157
     154
     160
     146
     135
     151
     152
     148
     156
     139
     127
     149
     153
     140
     133
     129
     144
     153
     131
     142
     125
     152
     141
     112
     110
     138
     143
     123
     106
     126
     135
     138
     141
     153
     131
     103
     142
     141
     127
     131
     102
     123
     141
     130
     124
     120
     142
     133
     116
     106
     116
     125
     132
     106
     110
     111
     110
     110
     116
     104
     116
     107
      97
     117
     129
     113
     106
     113
     144
     102
     115
     125
     111
     111
     105
     132
     101
     113
     101
      97
     121
     102
      98
     104
     107
     106
     112
     113
     107
     110
     113
     103
     109
      82
      92
     106
     109
      87
     101
     120
     127
     108
     133
      91
     107
     110
      97
      95
     104
     104
     111
     103
      85
     109
      87
     104
     107
      89
     107
     119
     102
     106
      99
      97
     108
      96
     106
      84
     102
     100
      90
     113
      83
     109
      90
      95
     108
     104
     101
      99
      91
      87
      94
      95
      96
      97
      64
      96
      98
     103
      98
     103
      83
     112
     103
     103
      95
      93
     108
      80
      86
      83
      93
      86
     111
      98
      79
      94
      83
      88
      95
      99
      88
     105
     108
      92
      99
      95
      93
      98
      90
     104
      83
      92
      71
      99
      89
     107
      87
      91
     108
      87
     112
     100
      87
      69
     107
      91
      87
      95
      93
      88
      83
      71
      83
      84
      80
      85
      90
      92
      91
      87
      91
      95
      90
      91
     107
      85
      99
     100
      90
      95
      85
      77
      92
      88
      93
      96
      67
      78
      82
      91
      82
      80
      95
      71
      75
      89
     102
      88
      90
      94
      82
      93
     104
      99
     107
      83
      90
      84
      79
      77
      87
      71
      83
      80
     101
      94
      71
      84
      88
      64
      68
      78
      87
      74
     100
      86
      70
     103
      81
      84
      86
     105
      96
      84
      84
      75
      68
      81
      64
      69
      78
      84
      72
      92
      76
      56
      85
      88
     100
      69
      87
      74
      87
      62
      78
      75
      74
      92
     103
      86
      90
      71
      85
      84
      80
      78
      98
      92
      67
      91
      73
      74
      64
      70
      78
      82
      80
      82
      83
      73
      80
      73
      70
      84
      85
      61
      75
      69
      84
      70
      74
      79
      78
      80
      66
      77
      86
      79
      94
      71
      68
      72
      75
      60
      70
      72
      68
      72
      71
      63
      88
      72
      96
      69
      77
      70
      72
      79
      71
      78
      73
      62
      89
      81
      87
      62
      80
      73
      80
      70
      77
      78
      69
      69
      82
      65
      81
      63
      73
      78
      73
      74
      85
      78
      88
      69
      80
      72
      74
      80
      62
      89
      64
      69
      69
      70
      70
      71
      68
      64
      74
      69
      68
      87
      73
      87
      77
      68
      54
      70
      72
      73
      77
      72
      66
     103
      76
      67
      70
      63
      65
      64
      62
      64
      62
      80
      76
      71
      59
      74
      70
      73
      73
      67
      70
      57
      56
      70
      69
      70
      77
      74
      65
      64
      71
      72
      67
      72
      59
      71
      71
      63
      58
      73
      55
      61
      72
      60
      72
      72
      68
      50
      70
      56
      67
      60
      65
      56
      61
      67
      65
      50
      49
      69
      85
      68
      61
      65
      70
      57
      71
      79
      59
      64
      62
      65
      59
      65
      65
      55
      49
      43
      58
      62
      59
      64
      63
      67
      68
      75
      56
      61
      63
      55
      69
      51
      65
      51
      61
      69
      66
      62
      67
      56
      56
      78
      64
      66
      67
      61
      62
      59
      62
      61
      67
      56
      49
      63
      66
      44
      54
      63
      55
      74
      61
      62
      59
      61
      53
      43
      54
      62
      59
      58
      56
      70
      57
      43
      58
      57
      58
      56
      65
      73
      70
      58
      50
      57
      52
      52
      64
      67
      49
      55
      51
      58
      59
      68
      63
      57
      54
      47
      53
      63
      48
      52
      62
      54
      55
      42
      58
      62
      58
      49
      46
      61
      56
      59
      45
      52
      58
      47
      49
      48
      64
      70
      37
      56
      55
      52
      53
      52
      53
      63
      52
      50
      57
      47
      57
      57
      57
      57
      64
      48
      57
      49
      45
      53
      60
      52
      52
      52
      50
      49
      44
      48
      49
      54
      51
      51
      54
      55
      60
      54
      53
      45
      47
      51
      53
      45
      48
      55
      41
      63
      47
      52
      51
      46
      59
      53
      54
      53
      43
      53
      52
      50
      39
      56
      38
      51
      42
      42
      47
      55
      43
      56
      52
      51
      45
      41
      39
      65
      35
      69
      56
      50
      58
      45
      51
      41
      46
      42
      44
      52
      58
      57
      49
      56
      43
      45
      47
      48
      52
      54
      54
      45
      38
      45
      42
      45
      45
      48
      44
      42
      59
      48
      40
      40
      46
      42
      35
      55
      51
      47
      37
      61
      51
      47
      60
      64
      42
      49
      50
      49
      48
      57
      55
      49
      48
      32
      51
      58
      54
      49
      49
      39
      52
      38
      42
      39
      47
      49
      36
      36
      55
      38
      44
      42
      45
      49
      46
      48
      37
      47
      49
      48
      39
      63
      34
      64
      54
      46
      51
      55
      38
      46
      41
      47
      47
      36
      46
      44
      46
      54
      43
      38
      46
      51
      40
      38
      39
      48
      59
      47
      45
      53
      46
      36
      49
      39
      46
      38
      59
      43
      44
      54
      47
      31
      36
      43
      49
      44
      48
      51
      45
      49
      54
      41
      37
      43
      53
      48
      44
      41
      52
      46
      42
      48
      46
      51
      37
      50
      41
      49
      37
      48
      47
      49
      45
      61
      40
      45
      52
      46
      48
      53
      42
      52
      53
      39
      49
      45
      39
      41
      63
      52
      39
      42
      49
      43
      43
      42
      42
      47
      28
      52
      38
      36
      41
      45
      48
      46
      43
      48
      40
      42
      40
      34
      42
      41
      56
      48
      51
      47
      34
      36
      51
      35
      43
      40
      48
      45
      58
      44
      46
      42
      41
      45
      52
      44
      61
      35
      44
      46
      47
      51
      39
      53
      53
      46
      44
      48
      38
      43
      37
      35
      41
      45
      51
      39
      45
      49
      51
      45
      49
      44
      38
      45
      36
      47
      54
      57
      46
      56
      55
      44
      40
      40
      45
      35
      40
      43
      64
      38
      44
      38
      39
      50
      36
      48
      49
      47
      36
      41
      37
      37
      35
      38
      51
      49
      44
      44
      36
      46
      47
      40
      40
      49
      51
      37
      37
      38
      43
      30
      28
      49
      44
      52
      46
      43
      40
      39
      43
      35
      42
      61
      36
      35
      24
      37
      37
      42
      35
      32
      37
      33
      44
      46
      34
      43
      34
      43
      37
      40
      48
      38
      44
      35
      40
      38
      48
      50
      47
      46
      48
      39
      51
      35
      41
      47
      31
      27
      31
      38
      52
      39
      27
      57
      55
      44
      42
      60
      47
      47
      40
      37
      43
      43
      44
      34
      39
      49
      38
      45
      46
      41
      43
      47
      40
      40
      39
      32
      36
      43
      31
      37
      39
      46
      37
      43
      32
      44
      38
      37
      45
      43
      41
      42
      47
      37
      49
      34
      38
      39
      36
      43
      41
      61
      40
      44
      39
      41
      42
      39
      38
      47
      41
      43
      44
      37
      29
      46
      52
      46
      40
      38
      44
      54
      36
      36
      44
      31
      39
      37
      41
      33
      34
      41
      32
      36
      38
      43
      30
      52
      35
      48
      41
      43
      45
      40
      45
      38
      34
      22
      40
      42
      38
      35
      39
      38
      40
      49
      49
      47
      40
      44
      41
      49
      39
      41
      44
      41
      41
      40
      35
      44
      38
      41
      39
      48
      25
      37
      26
      55
      32
      47
      47
      37
      45
      37
      42
      40
      48
      32
      38
      30
      42
      46
      45
      46
      33
      35
      30
      41
      35
      57
      35
      39
      22
      40
      43
      39
      38
      38
      38
      38
      39
      45
      31
      36
      47
      42
      28
      50
      35
      27
      34
      37
      38
      40
      47
      38
      30
      46
      46
      34
      45
      37
      42
      34
      48
      42
      42
      41
      38
      36
      34
      52
      46
      39
      33
      52
      32
      44
      37
      43
      42
      37
      39
      46
      47
      34
      25
      37
      30
      40
      44
      50
      45
      43
      32
      48
      30
      41
      33
      41
      39
      35
      32
      35
      43
      40
      34
      43
      31
      29
      37
      34
      41
      37
      42
      47
      43
      30
      43
      38
      37
      43
      38
      42
      44
      39
      39
      39
      34
      44
      40
      40
      46
      42
      35
      38
      45
      49
      38
      34
      46
      37
      36
      38
      34
      45
      33
      39
      36
      51
      31
      37
      34
      34
      35
      36
      36
      34
      52
      31
      28
      43
      31
      36
      20
      33
      43
      22
      37
      37
      44
      37
      37
      42
      44
      41
      38
      40
      34
      39
      32
      45
      49
      30
      34
      37
      48
      40
      35
      36
      44
      30
      38
      28
      28
      38
      43
      34
      43
      40
      38
      36
      31
      40
      42
      38
      47
      44
      42
      32
      40
      40
      36
      30
      28
      35
      40
      30
      30
      43
      37
      41
      39
      41
      29
      35
      34
      45
      34
      31
      31
      35
      33
      35
      37
      38
      31
      31
      44
      38
      43
      31
      29
      30
      25
      30
      40
      32
      28
      37
      34
      38
      51
      39
      42
      36
      30
      34
      24
      32
      45
      47
      43
      42
      48
      42
      38
      40
      43
      43
      37
      30
      26
      37
      41
      30
      44
      30
      37
      30
      36
      36
      38
      33
      40
      36
      36
      41
      38
      39
      39
      30
      46
      39
      37
      37
      40
      42
      51
      26
      38
      30
      35
      42
      47
      31
      32
      37
      26
      38
      33
      34
      32
      30
      41
      34
      33
      38
      30
      36
      34
      29
      34
      42
      39
      43
      36
      51
      32
      49
      35
      40
      39
      53
      37
      48
      34
      46
      47
      44
      39
      46
      41
      35
      46
      50
      46
      43
      43
      54
      52
      38
      38
      35
      51
      36
      42
      36
      47
      45
      47
      41
      50
      58
      53
      58
      51
      61
      56
      60
      65
      57
      67
      63
      65
      74
      75
      86
      92
      79
      80
      91
      90
     113
     107
     109
     119
     120
     117
     131
     149
     131
     158
     159
     187
     169
     174
     178
     209
     209
     211
     233
     234
     254
     240
     286
     271
     271
     291
     332
     339
     343
     371
     350
     384
     453
     490
     501
     544
     578
     649
     608
     752
     701
     799
     798
     858
     933
    1073
    1053
    1137
    1169
    1259
    1373
    1452
    1560
    1590
    1700
    1780
    1792
    1925
    1968
    2125
    2107
    2222
    2310
    2383
    2509
    2426
    2446
    2548
    2604
    2620
    2715
    2689
    2697
    2563
    2617
    2584
    2647
    2593
    2646
    2596
    2560
    2589
    2489
    2445
    2351
    2272
    2239
    2149
    2090
    2028
    1946
    1936
    1709
    1711
    1677
    1660
    1517
    1474
    1377
    1288
    1272
    1234
    1152
    1020
    1003
     927
     889
     817
     787
     705
     700
     677
     626
     598
     500
     504
     425
     413
     385
     340
     366
     297
     297
     255
     262
     265
     228
     202
     179
     221
     182
     141
     153
     139
     141
     134
      94
     117
     110
     104
      81
      77
      80
      77
      67
      64
      63
      71
      50
      50
      35
      52
      52
      43
      34
      41
      37
      30
      39
      32
      30
      20
      31
      23
      19
      27
      30
      16
      21
      15
      20
      28
      15
      26
      17
      23
      13
      20
      23
      21
      18
      15
      22
      29
      17
      22
      17
      24
      26
      24
      20
      24
      19
      15
      17
      24
      18
      18
      22
      21
      12
      26
      17
      26
      20
      20
      25
      16
      14
      22
      24
      18
      20
      20
      19
      25
      18
      16
      12
      18
      20
      22
      25
      18
      22
      20
      15
      21
      26
      23
      19
      18
      22
      18
      18
      21
      20
      18
      24
      16
      25
      22
      17
      14
      21
      19
      19
      22
      19
      21
      20
      29
      25
      16
      21
      20
      26
      12
      17
      25
      22
      19
      18
      17
      23
      22
      20
      22
      10
      19
      19
      23
      19
      13
      16
      23
      16
      18
      20
      28
      25
      22
      29
      11
      16
      15
      15
      21
      25
      17
      20
      28
      21
      15
      20
      16
      21
      17
      22
      17
      19
      15
      16
      24
      27
      30
      21
      19
      18
      21
      17
      20
      16
      26
      25
      20
      14
      22
      24
      21
      23
      20
      17
      18
      21
      17
      32
      28
      17
      21
      22
      22
      14
      21
      16
      17
      24
      18
      22
      14
      21
      23
      21
      13
      12
      19
      19
      21
      21
      21
      20
      18
      18
      14
      21
      21
      25
      17
      19
      39
      24
      16
      18
      24
      15
      23
      18
      18
      23
      15
      19
      20
      23
      20
      22
      19
      28
      18
      23
      18
      21
      13
      21
      25
      18
      26
      21
      15
      24
      12
      14
      24
      22
      24
      17
      27
      18
      24
      20
      25
      27
      16
      30
      17
      17
      17
      21
      21
      15
      23
      19
      17
      16
      28
      15
      17
      14
      20
      26
      19
      17
      18
      16
      21
      19
      21
      17
      17
      15
      24
      28
      13
      13
      29
      20
      17
      22
      17
      20
      28
      15
      16
      26
      23
      18
      23
      14
      18
      23
      12
      25
      14
      19
      16
      20
      12
      19
      22
      29
      17
      14
      23
      22
      25
      16
      13
      14
      15
      24
      24
      23
      23
      26
      22
      26
      12
      24
      16
      13
      19
      15
      22
      17
      20
      20
      27
      17
      15
      16
      14
      15
      25
      14
      23
      24
      17
      23
      20
      17
      18
      21
      21
      22
      26
      20
      15
      15
      26
      18
      19
      20
      16
       9
      22
      18
      14
      20
      21
      23
      16
      22
      22
      13
      19
      13
      19
      22
      24
      19
      20
      12
      22
      20
      15
      25
      27
      19
      25
      18
      17
      24
      14
      19
      17
      19
      28
      15
      22
      21
      13
      23
      16
      16
      16
      20
      18
      20
      17
      25
      14
      22
      18
      22
      14
      21
      19
      19
      13
      20
      21
      14
      20
      17
      14
      15
      15
      23
      26
      20
      21
      14
      19
      19
      23
      16
      19
      22
      18
      18
      12
      22
      11
      18
      26
      25
      23
      22
      19
      19
      23
      28
      16
      18
      13
      25
      23
      28
      11
      14
      21
      14
      19
      29
      18
      18
      24
      22
      20
      14
      19
      17
      19
      21
      15
      23
      17
      20
      22
      22
      23
      21
      20
      28
      25
      18
      22
      22
      18
      19
      13
      21
      18
      14
      13
      19
      15
      32
      13
      15
      12
      17
      36
      11
      14
      17
      18
      16
      15
      21
      22
      11
      18
      23
      24
      12
      17
      19
      21
      16
      20
      14
      20
      16
      27
      23
      25
      23
      16
      18
      21
      11
      20
      22
      19
      22
      18
      16
      17
      16
      17
      23
      15
      17
      21
      17
      24
      17
      18
      22
      19
      13
      20
      25
      21
      15
      24
      23
      17
      16
      21
      12
      28
      25
      18
      21
      13
      28
      21
      15
      17
      16
      19
      20
      19
      18
      16
      19
      21
      25
      26
      20
      15
      16
      20
      18
      19
      21
      27
      21
      18
      23
      17
      16
      23
      27
      25
      30
      18
      16
      24
      23
      28
      17
      26
      26
      20
      21
      23
      23
      19
      20
      20
      14
      17
      20
      24
      20
      16
      17
      21
      14
      20
      19
      27
      15
      19
      21
      16
      26
      21
      11
      16
      11
      18
      15
      19
      21
      16
      18
      27
      15
      21
      25
      18
      31
      15
      20
      24
      16
      18
      17
      19
      23
      28
      26
      19
      23
      10
      15
      23
      20
      21
      24
      20
      15
      16
      15
      21
      10
      27
      14
      18
      27
      25
      18
      24
      25
      22
      20
      26
      20
      13
      20
      17
      14
      20
      13
      15
      13
      15
      23
      19
      19
      21
      19
      18
      25
      14
      25
      21
      13
      24
      34
      18
      23
      13
      19
      17
      18
      20
      16
      18
      16
      14
      24
      18
      22
      22
      19
      25
      21
      16
      16
      16
      21
      27
      25
      22
      27
      24
      24
      19
      13
      19
      16
      16
      17
      16
      22
      28
      17
      14
      20
      22
      18
      12
      29
      21
      14
      16
      16
      15
      17
      21
       9
      27
      16
      18
      19
      19
      18
      18
      21
      14
      18
      18
      28
      20
      24
      16
      20
      19
      31
      15
      20
      18
      13
      27
      16
      14
      15
      19
      23
      20
      23
      12
      19
      23
      28
      22
      20
      26
      19
      23
      24
      18
      25
      13
      18
      14
      26
      14
      24
      14
      14
      17
      15
      24
      21
      27
      19
      21
      13
      14
      15
      18
      25
      19
      29
      22
      20
      23
      22
      17
      12
      16
      17
      26
      31
      17
      17
      20
      24
      26
      20
      22
      18
      16
      27
      17
      13
      16
      17
      24
      24
      19
      22
      23
      20
      18
      23
      20
      18
      21
      17
      30
      20
      17
      12
      16
      14
      19
      14
      19
      13
      21
      17
      24
      22
      19
      24
      21
      20
      25
      14
      17
      19
      19
      15
      17
      19
      19
      21
      22
      19
      19
      14
      10
      15
      20
      15
      17
      17
      20
      20
      16
      19
      15
      19
      26
      21
      18
      18
      25
      17
      30
      26
      28
      21
      17
      19
      24
      10
      15
      13
      19
      12
      19
      18
      11
      19
      14
      18
      25
      15
      16
      13
      15
      19
      17
      18
      15
      18
      17
      18
      15
      12
      14
      22
      15
      13
      18
      19
      16
      25
      18
      14
      16
      27
      16
      20
      17
      14
      17
       8
      12
      16
      20
      14
      21
      11
      18
      19
      18
      21
      14
      23
      17
      17
      13
      23
      14
      18
      17
      13
      19
      19
      18
      16
      19
      29
      28
      26
      14
      21
      23
      17
      11
      19
      19
      28
      14
      23
      20
      20
      13
      25
      19
      17
      20
      25
      18
      12
      15
      21
      12
      15
      14
      17
      17
      15
      19
      21
      25
      16
      26
      26
      28
      16
      20
      29
      16
      11
      10
      16
      19
      15
      16
      16
      15
      20
      15
      17
      16
      16
      18
      20
      27
      16
      22
      20
      19
      25
      20
      23
      16
      17
      17
      18
      16
      24
      13
      19
      22
       9
      20
      19
      17
      20
      20
      12
      16
      19
      18
      17
      22
      24
      13
      22
      27
      18
      22
      18
      18
      12
      15
      14
      21
      12
      21
      17
      13
      14
      27
      15
      16
      20
      12
      22
      20
      13
      21
      15
      22
      20
      12
      16
      15
      22
      18
      14
      10
      25
      22
      19
       9
      20
      16
      19
      23
      17
      25
      22
      16
      13
      13
      20
      20
      20
      19
      21
      24
      11
      23
      15
      34
      15
      20
      27
      16
      24
      25
      14
      17
      16
      14
      25
      21
      10
      12
      20
      16
      11
      23
      12
      24
      18
      17
      24
      23
      13
      14
      18
      23
      22
      21
      13
      25
      21
      15
      27
      12
      21
      22
      18
      18
      12
      19
      12
      14
      20
      15
      16
      22
      17
      18
      18
      15
      20
      13
      15
      15
      19
      21
      11
      17
      24
      19
      12
      16
      16
      11
      18
      19
      12
      21
      16
      20
      20
      21
      21
      20
      20
      12
      23
      19
      13
      27
      17
      19
       9
      27
      13
      18
      17
      15
      19
      15
      17
      16
      15
      21
      16
      20
      17
      21
      25
      18
      15
      15
      25
      21
      25
      27
      18
      24
      12
      17
      23
      17
      22
      17
      17
      27
      27
      20
      25
      19
      19
      16
      19
      15
      15
      15
      16
      15
      12
      12
      12
      16
      22
      19
      28
      14
      16
      13
      13
      16
      22
      16
      20
       9
      18
      23
      13
      12
      17
      22
      15
      14
      12
      20
      25
      13
      16
      24
      22
      22
      13
      21
      23
      18
      19
      13
      16
      19
      16
      15
      20
      19
      17
      21
      16
      26
      27
      32
      14
      22
      18
      17
      18
      27
      27
      17
      18
      26
      15
      18
      20
      25
      20
      22
      20
      14
      22
      18
      25
      25
      17
      16
      10
      21
      23
      13
      20
      20
      17
      23
      16
      22
      12
      22
      22
      20
      25
      16
      21
      17
      23
      20
      20
      18
      24
      15
      20
      12
      21
      19
      20
      18
      19
      16
      19
      17
      15
      22
      29
      20
      12
      18
      21
      18
      16
      17
      15
      15
      24
      21
      23
      11
      20
      15
      16
      23
      20
      19
      16
      16
      21
      21
      17
      19
      16
      18
      15
      15
      18
      15
      12
      25
      18
      26
      12
      19
      25
      16
      12
      22
      21
      22
      17
      18
      15
      18
      13
      22
      24
      17
      16
      19
      17
      14
      25
      10
      19
      18
      22
      16
      19
      12
      11
      23
      14
      21
      29
      17
      12
      14
      19
      18
      18
      18
      23
      24
      20
      20
      15
      13
      16
      26
      19
      24
      23
      22
      14
      20
      22
      24
      15
      18
      25
      15
      11
      13
      22
      13
      24
      18
      16
      24
      16
      26
      18
      13
      22
      17
      13
      20
      14
      17
      23
      15
      18
      12
      13
      19
      13
      12
      17
      17
      18
      21
      16
      11
      36
      20
      10
      25
      25
      24
      14
      20
      15
      16
      24
      16
      18
      21
      17
      18
      25
      22
      15
      15
      17
      20
      17
      19
      25
      19
      19
      27
      17
      21
      18
      25
      15
      27
      24
      16
      25
      17
      12
      16
      27
      23
      14
      22
      22
      26
      15
      11
      12
      24
      21
      14
      17
      16
      18
      20
      17
      24
      17
      24
      17
      16
      18
      18
      18
      25
      13
      17
       7
      22
      21
      19
       9
      19
      25
      17
      17
      19
      19
      15
      16
      25
      20
      18
      22
      15
      16
      19
       9
      13
      11
      21
      15
      17
      13
      14
      17
      27
      17
      17
      20
      15
      25
      20
      16
      18
      18
      19
      22
      15
      23
      25
      27
      21
      14
      17
      21
      18
      20
      22
      21
      14
      19
      19
      17
      14
      17
      22
      16
      12
      25
      19
      15
      17
      12
      24
      20
      18
      19
      18
      18
      22
      16
      12
      16
      19
      16
      21
      18
      18
      22
      17
      18
      15
      13
      21
      15
      23
      10
      23
      22
      22
      23
      18
      18
      16
      16
      16
      16
      22
      16
      12
      19
      12
      17
      25
      17
      27
      32
      22
      18
      16
      28
      19
      22
      22
      20
      21
      15
      18
      15
      14
      17
      18
      29
      23
      21
      19
      19
      14
      12
      21
      16
      18
      20
      15
      15
      17
      15
      22
      16
      11
      17
      29
      20
      28
      18
      18
      14
      21
      10
      19
      19
      22
      20
      16
      21
      16
      20
      15
      15
      24
      24
      25
      18
      16
      27
      17
      18
      15
      20
      22
      24
      15
      25
      24
      24
      19
      23
      11
      26
      15
      19
      20
      27
      13
      18
      21
      16
      23
      21
      13
      19
      23
      17
      17
       7
      21
      21
      17
      15
      19
      16
      31
      19
      12
      21
      18
      10
      15
      23
      18
       9
      27
      18
      18
      14
      10
      19
      19
      22
      20
      25
      15
      22
      15
      16
      21
      12
      20
      17
      19
      24
      21
      18
      14
      24
      19
      19
      20
      15
      16
      13
      15
      31
      29
      25
      20
      18
      20
      17
      20
      24
      14
      25
      19
      21
      16
      15
      20
       9
      16
      19
      13
      15
      18
      19
      19
      16
      18
      18
      18
      19
      23
      26
      16
      14
      20
      21
      17
      25
      11
      15
      22
      14
      15
      22
      14
      22
      23
      18
      19
      16
      20
      16
      25
      16
      10
      19
      16
      16
      15
      21
      28
      14
      21
      14
      16
      18
      19
      15
      22
      18
      16
      12
      18
      12
      19
      17
       9
      21
      18
      14
      22
      23
      26
      22
      22
      16
      15
      12
       9
      16
      19
      18
      20
      14
      24
      13
      16
      21
      20
      16
      17
      20
      19
      11
      15
      19
      20
      17
      26
      17
      17
      19
      16
      16
      27
      27
      21
      15
      14
      23
      18
      29
      26
      31
      16
      26
      18
      19
      29
      16
      19
      23
      23
      23
      21
      15
      16
      23
      17
      20
      22
      18
      17
      21
      27
      20
      20
      22
      23
      30
      17
      21
      12
      30
      18
      19
      13
      16
      17
      22
      22
      19
      16
      19
      22
      13
      20
      15
      17
      16
      15
      15
      13
      26
      25
      21
      11
      24
      18
      15
      16
      27
      12
      19
      30
      16
      17
      20
       5
      16
      21
      24
      18
      14
      18
      18
      15
      15
      23
      15
      18
      16
      12
      16
      15
      26
      23
      18
      20
      22
      15
      22
      21
      16
      21
      17
      15
      18
      18
      27
      17
       8
      26
      14
      25
      15
      20
      31
      17
      23
      23
      13
      13
      19
      19
      20
      24
      12
      16
      16
      18
      20
      18
      22
      15
      20
      16
      17
      24
      11
      23
      23
      15
      18
      15
      19
      20
      26
      14
      16
      12
      23
      21
      11
      24
      20
      22
      19
      25
      16
      14
      21
      19
      20
      20
      16
      22
      18
      14
      23
      23
      19
      15
      18
      15
      22
      19
      22
      18
      14
      17
      19
      21
      18
      22
      18
      19
      20
      23
      19
      16
      19
      18
      23
      20
      19
      18
      10
      14
      20
      17
      17
      15
      21
      19
      20
      24
      19
      18
      20
      24
      22
      19
      25
      19
      25
      23
      14
      14
      16
      13
      15
      16
      15
      15
      20
      25
      13
      18
      18
      16
      17
      27
      20
      26
      18
      17
      19
      14
      13
      11
      19
      21
      14
      19
      21
      24
      15
      15
      16
      20
      24
      21
      21
      17
      20
      24
      26
      15
      24
      13
      20
      18
      19
      19
      10
      27
      17
      18
      25
      13
      25
      33
      21
      22
      26
      16
      15
      21
      26
      27
      16
      25
      19
      19
      13
       9
      27
      22
      17
      22
      14
      25
      23
      14
      18
      16
      17
      21
      24
      24
      29
      14
      15
      12
      19
      18
      18
      17
      13
      20
      21
      17
      25
      19
      15
      14
      28
      17
      24
      27
      27
      14
      26
      18
      21
      15
      25
      15
      12
      17
      22
      24
      22
      19
      16
      20
      19
      14
      21
      19
      17
      22
      19
      23
      16
      20
      17
      24
      16
      20
      21
      20
      14
      14
      12
      20
      20
      18
      23
      17
      22
      21
      22
      23
      31
      21
      16
      19
      23
      16
      19
      18
      15
      25
      23
      27
      24
      19
      25
      22
      22
      16
      11
      16
      14
      23
      22
      18
      18
      21
      21
      21
      25
      13
      16
      14
      19
      30
      21
      17
      15
      17
      21
      19
      23
      17
      28
      17
      20
      26
      22
      21
      23
      17
      23
      15
      22
      21
      23
      22
      18
      19
      19
      23
      21
      24
      19
      26
      21
      26
      15
      18
      22
      11
      21
      13
      18
      18
      18
      25
      18
      25
      19
      23
      13
      24
      20
      24
      15
      22
      20
      16
      16
      24
      21
      20
      21
      22
      19
      29
      28
      18
      23
      14
      22
      15
      17
      18
      26
      18
      22
      19
      12
      22
      14
      16
      22
      19
      14
      20
      19
      19
      19
      21
      19
      20
      18
      16
      16
      26
      13
      19
      25
      13
      18
      24
      23
      19
      23
      14
      13
      16
      10
      19
      17
      25
      14
      16
      21
      22
      26
      12
      23
      23
      24
      17
      21
      15
      17
      17
      21
      20
      24
      22
      16
      20
      24
      14
      19
      15
      26
      21
      16
      23
      14
      19
      20
      24
      27
      16
      17
      21
      22
      25
      26
      20
      16
      24
      14
      18
      15
      19
      14
      21
      19
      26
      12
      19
      18
      27
      19
      15
      24
      20
      15
      25
      23
      20
      25
      24
      27
      31
      20
      16
      23
      22
      26
      18
      21
      17
      25
      17
      12
      14
      16
      22
      20
      16
      11
      23
      13
      17
      22
      11
      10
      23
      16
      16
      34
      27
      16
      20
      19
      16
      17
      21
      11
      16
      17
      16
      12
      10
      19
      23
      17
      18
      12
      18
      25
      12
      20
      23
      15
      26
      16
      28
      17
      15
      12
      26
      27
      21
      25
      22
      12
      15
      14
       9
      24
      19
      18
      24
      20
      11
      17
      17
      30
      15
      19
      20
      21
      21
      23
      18
      20
      21
      26
      19
      17
      22
      19
      17
      24
      16
      22
      22
      15
      18
      15
      19
      24
      19
      30
      14
      20
      12
      27
      25
      18
      25
      22
      15
      17
      15
      21
      14
      16
       9
      14
      16
      23
      26
      18
      26
      20
      19
      19
      16
      21
      31
      21
      25
      22
      28
      27
      18
      24
      15
      18
      19
      11
      14
      19
      21
      18
      17
      17
      15
      14
      32
      16
      22
      13
      22
      17
      15
      21
      22
      23
      15
      30
      15
      20
      13
      27
      17
      17
      18
      18
      20
      21
      18
      18
      15
      15
      20
      18
      25
      19
      17
      13
      22
      19
      16
      20
      19
      16
      21
      19
      18
      15
      24
      23
      17
      18
      19
      30
       8
      23
      23
      14
      18
      18
      17
      20
      18
      12
      20
      19
      26
      22
      27
      11
      27
      16
      12
      23
      26
      18
      19
      27
      30
      21
      24
      19
      23
      23
      17
      20
      25
      19
      12
      24
      14
      19
      21
      14
      16
      18
      13
      16
      17
      12
      17
      19
      17
      22
      12
      21
      18
      19
      14
      19
      21
      16
      20
      16
      13
      23
      22
      18
      12
      28
      16
      25
      19
      22
      26
      16
      17
      24
      22
      12
      27
      16
      20
      22
      25
      14
      23
      16
      26
      22
      21
      26
      20
      17
      27
      19
      16
      14
      27
      18
      11
      20
      15
      17
      22
      21
      20
      15
      12
      25
      23
      22
      21
      16
      24
      15
      21
      22
      16
      17
      32
      21
      20
      20
      21
      15
      12
      15
      23
      30
      22
      17
      19
      16
      19
      14
      21
      21
      15
      18
      24
      15
      19
       9
      14
      18
      13
      14
      25
      16
      18
      15
      25
      19
      18
      18
      22
      18
      16
      23
      22
      23
      15
      23
      19
      16
      17
      16
      17
      25
      21
      21
      22
      19
      20
      19
      17
      24
      19
      20
      15
      23
      23
      20
      19
      18
      15
      20
      19
      15
      23
      16
      23
      25
      19
      21
      15
      10
      23
      21
      14
      19
      16
      23
      14
      19
      18
      14
      17
      25
      22
      27
      19
      15
      16
      18
      19
      28
      20
      21
      26
      21
      19
      18
      21
      21
      26
      21
      17
      20
      25
      23
      18
      20
      16
      16
      21
      17
      16
      25
      15
      13
      19
      27
      20
      13
      17
      17
      17
      25
      15
      29
      25
      15
      19
      12
      16
      18
      17
      24
      12
      15
      17
      29
      14
      18
      16
      31
      19
      21
      10
      23
      18
      24
      20
      25
      16
      27
      19
      18
      17
      23
      23
      16
      25
      16
      26
      21
      20
      21
      21
      17
      16
      15
      22
      21
      22
       9
      22
      16
      25
      17
      17
      20
      20
      25
      14
      19
      14
      26
      21
      28
      23
      18
      14
      17
      22
      15
      23
      21
      18
      19
      17
      20
      17
      20
      16
      16
      16
      23
      20
      20
      20
      20
      18
      21
      20
      19
      21
      17
      23
      30
      15
      14
      27
      28
      20
      14
      23
      27
      27
      17
      17
      23
      23
      20
      18
      20
      17
      22
      24
      24
      14
      19
      25
      14
      28
      25
      19
      22
      13
      21
      13
      30
      24
      16
      23
      23
      19
      25
      24
      23
      20
      16
      10
      17
      22
      29
      18
      20
      17
      23
      24
      26
      19
      17
      20
      22
      20
      20
      16
      18
      28
      23
      22
      21
      18
      24
      26
      19
      13
      21
      24
      28
      14
      24
      21
      18
      21
      23
      19
      16
      22
      22
      21
      16
      25
      16
      19
      22
      19
      17
      28
      22
      20
      15
      14
      18
      19
      24
      26
      19
      21
      26
      14
      15
      22
      18
      19
      16
      14
      16
      15
      15
      13
      26
      25
      21
      22
      22
      19
      14
      21
      15
      23
      19
      17
      18
      22
      28
      23
      25
      22
      26
      31
      22
      20
      25
      22
      17
      27
      24
      22
      16
      31
      19
      33
      22
      19
      19
      17
      22
      18
      20
      19
      18
      22
      21
      14
      29
      15
      18
      26
      12
      18
      23
     333
     604
     600
     614
     610
     647
     605
     618
     652
     607
     644
     601
     590
     582
     597
     597
     561
     589
     558
     604
     630
     657
     587
     604
     563
     593
     653
     577
     584
     620
     588
     574
     587
     590
     628
     587
     613
     593
     586
     543
     612
     596
     617
     584
     611
     589
     581
     582
     620
     602
     585
     593
     608
     615
     566
     616
     614
     627
     633
     616
     578
     607
     599
     604
     586
     618
     602
     563
     587
     622
     559
     568
     574
     595
     609
     580
     634
     579
     568
     599
     629
     570
     587
     597
     588
     603
     636
     569
     564
     558
     617
     603
     567
     540
     539
     586
     606
     570
     582
     583
     623
     536
     564
     591
     585
     605
     607
     572
     586
     548
     577
     544
     560
     568
     575
     518
     558
     548
     554
     543
     579
     529
     560
     592
     563
     587
     606
     598
     603
     586
     546
     614
     577
     591
     587
     616
     560
     581
     594
     571
     566
     555
     586
     586
     568
     593
     584
     565
     562
     557
     546
     583
     565
     606
     513
     586
     591
     583
     564
     556
     532
     585
     562
     571
     577
     582
     568
     542
     571
     569
     567
     584
     560
     611
     539
     559
     579
     584
     577
     562
     556
     584
     567
     572
     304
$ROI:
5
349 399
960 988
992 1050
1491 1501
5157 5169
$PRESETS:
None
0
0
$ENER_FIT:
0.000000 0.107033
$MCA_CAL:
3
0.000000E+000 1.070331E-001 0.000000E+000 keV
$SHAPE_CAL:
3
0.000000E+000 0.000000E+000 0.000000E+000
