$SPEC_ID:
23cm counts
$SPEC_REM:
DET# 1
DETDESC# DLAB-PHY-L3-49 926 Right
AP# Maestro Version 7.01
$DATE_MEA:
10/28/2024 15:13:24
$MEAS_TIM:
890 1146
$DATA:
0 8191
       0
       0
       0
       0
       0
       0
       0
       0
       0
       0
       0
       0
       0
       0
       0
       0
       0
       0
       0
       1
       0
       0
       0
       3
       3
      11
      15
      34
      83
     135
     175
     201
     253
     305
     439
    1343
    4623
   11996
   22145
   31009
   37021
   39881
   39570
   36792
   32487
   27952
   23971
   20395
   17734
   15210
   13059
   11211
    9569
    8353
    7029
    5974
    5276
    4469
    3862
    3472
    2923
    2592
    2287
    1876
    1680
    1588
    1328
    1247
    1033
    1000
     863
     756
     687
     653
     563
     553
     470
     445
     388
     370
     348
     321
     321
     287
     282
     260
     262
     237
     262
     229
     191
     200
     201
     199
     186
     182
     181
     167
     184
     195
     155
     168
     187
     164
     192
     168
     166
     128
     186
     160
     178
     157
     191
     170
     157
     159
     173
     175
     154
     167
     187
     160
     160
     149
     141
     148
     176
     154
     144
     156
     166
     155
     151
     152
     138
     158
     155
     147
     168
     128
     143
     160
     179
     161
     163
     155
     159
     155
     137
     143
     126
     157
     148
     148
     137
     155
     150
     152
     150
     128
     146
     160
     159
     147
     139
     137
     165
     148
     125
     152
     129
     150
     154
     161
     130
     151
     144
     131
     150
     134
     132
     137
     151
     147
     144
     146
     136
     158
     140
     166
     118
     130
     150
     132
     142
     129
     137
     116
     102
     145
     137
     145
     126
     143
     131
     127
     138
     126
     144
     129
     141
     154
     137
     141
     141
     145
     136
     115
     125
     129
     139
     142
     141
     133
     137
     115
     132
     120
     116
     137
     134
     131
     135
     135
     118
     139
     126
     117
     120
     115
     134
     121
     127
     133
     104
     124
     144
     117
     127
     136
     121
     126
     115
     135
     112
     110
     113
     129
     128
     134
     115
     130
     124
     133
     117
     136
     131
     128
     115
     107
     132
     117
     107
     103
     127
     131
     144
     130
     119
     137
     125
     144
     111
     131
     130
     135
     120
     117
     118
     127
     107
     121
     114
     114
     108
     126
     140
     114
     108
     104
     131
     127
     119
     111
     118
     109
     107
      95
     132
     110
     123
     128
     124
     122
     107
     112
     116
     127
     122
     136
     135
     125
     122
     114
     131
     149
     122
     117
      94
     111
     102
     122
     124
     127
     105
     119
     124
     102
     104
     142
     100
     103
     111
     119
     120
     110
     126
     122
     119
     102
     130
     118
     128
     114
     119
     127
     132
     113
     144
     124
     130
     119
     105
     109
     118
     122
     123
     128
     123
     122
     117
     110
     110
     103
     109
      98
     115
     116
     127
     117
     120
     115
      98
     126
     128
     114
     113
     117
     115
     119
     113
     122
     114
     125
     125
      97
     101
     113
     120
     126
     108
     123
     124
     126
      99
     120
     113
     113
     121
     104
     114
     110
     103
     125
     122
     104
     126
     106
     118
     110
     116
     118
     121
     115
     102
     114
     116
     112
     119
      99
     124
      99
     135
     119
     116
     126
     103
     131
     115
     127
     119
     107
     113
     114
     116
     107
     111
     107
     109
     115
     124
     127
     107
     107
     110
     121
      98
     127
     115
     100
     107
     119
     115
     122
      91
     126
     113
     118
     111
     119
     118
     115
     109
     118
      94
     104
     115
     130
     124
     113
      99
     109
     117
     114
     126
     110
     117
     111
     108
     107
     104
     108
     121
     109
     127
     113
     112
     102
     108
     113
     103
     121
     119
     117
     102
     127
     116
     113
     105
     102
     117
     111
     109
      91
     114
     110
     120
     120
     118
     120
     132
     135
     100
     104
     124
     106
     105
     117
     101
     127
     111
     107
     113
     118
     121
     118
     108
     112
     107
     100
     115
     122
     118
     110
     107
     110
     128
     128
     118
     125
     124
     123
     123
     123
     102
     116
     105
     128
     106
     106
      95
     103
     104
     119
     113
     103
     112
     129
     126
     119
     100
     118
     115
     114
     116
     114
     106
     104
     112
     102
     107
     110
     121
     119
     100
     126
     100
     104
     114
     117
     125
     116
     131
     120
     105
     109
     121
     110
     129
     101
     133
     122
     137
     113
     126
     130
     119
     102
     109
     103
     119
     135
     117
     121
     113
     122
     119
     133
     145
     120
     129
     113
     134
     140
     116
     109
     154
     122
     127
     127
     148
     111
     114
     112
     115
     128
     132
     141
     147
     141
     127
     127
     147
     139
     143
     163
     153
     129
     157
     174
     165
     150
     128
     139
     154
     165
     153
     152
     177
     146
     143
     168
     141
     125
     155
     143
     132
     151
     147
     155
     130
     123
     122
     126
     141
     133
     142
     145
     116
     125
     132
     127
     146
     116
     124
     145
     126
     137
     102
     114
     120
     122
     117
     132
     110
     109
     123
     137
     141
     112
     136
     120
     108
     113
     103
      98
     110
     123
     108
     111
     120
      96
     115
     106
     102
     125
     120
     117
     110
     116
     114
     131
     128
     126
     114
     111
     117
     133
     124
     120
     125
     128
     131
     115
     117
     113
     112
     139
     135
     119
     120
     114
     115
     111
     139
     114
     130
     114
     114
     130
     148
     128
     128
     130
     127
     126
     129
     139
     138
     121
     136
     112
     131
     120
     119
     147
     112
     143
     113
     138
     136
     118
     113
     126
     132
     128
     116
     113
     134
     102
     119
     115
     111
     125
     106
     124
     116
     103
     127
     112
     119
      98
     122
     111
     104
     113
      99
      99
     123
     114
     101
     108
      99
     104
     116
     109
     101
     102
     104
     120
     110
     113
     109
     121
     108
     102
     104
      84
     108
      92
     124
     110
     107
      97
     115
      84
     104
     110
     114
     111
     101
     110
      97
     108
     109
     120
     100
     120
     110
     101
     104
      98
     119
      94
     106
     101
     103
      96
     105
     106
     127
     103
     116
      95
     105
     118
      90
     123
      98
      94
      97
      93
     106
     105
      88
     102
     118
     108
     111
     105
     110
     108
     105
     101
     108
     107
     112
     100
     107
      99
     120
      92
      91
     107
     119
     109
     108
     130
      87
     101
     111
      86
     114
      96
      90
     119
     103
     110
      92
     117
     103
      99
      86
     114
      92
     103
     114
     104
     102
      89
      89
      90
      85
     106
     111
     115
     120
      98
      96
      86
      89
     104
      83
      97
     106
     103
     104
     101
     106
     117
      97
     103
     103
     102
     106
     101
     110
     110
     102
     121
     117
     101
      89
      83
      84
     112
      89
     106
      89
     105
      93
     110
     110
      91
      86
      97
     117
     100
     121
     110
     107
      89
      98
     100
      97
      86
     114
      99
      90
      89
      98
     108
     116
     102
      99
      88
      96
     102
      98
     132
     103
     117
     104
     105
     108
      83
      98
      96
      92
     106
      94
     104
     107
     107
      97
     112
     116
      85
     100
     108
     119
     103
     105
      87
     110
     108
     107
     109
     120
      95
     122
     112
     104
      99
      96
      98
      96
      99
     111
     109
      97
     109
      90
     118
      85
     118
     100
     112
     104
     107
      94
     101
     116
      97
      98
     107
      96
     114
     119
      87
      86
     106
      99
      95
      92
     111
     105
     107
      81
      90
     111
      88
     104
      86
     103
     100
     114
      89
      95
     112
     118
     118
      91
     100
     104
      96
      94
     113
     104
      96
     102
     104
     113
     116
     109
     102
     102
     106
     101
     109
     103
     101
     100
      96
      87
      95
     107
     101
      88
     102
      95
     119
     101
      98
      95
     113
      92
     107
     106
      93
      97
      95
      87
      99
      94
     110
      99
      91
     104
      96
      90
      92
     107
     109
      96
      83
     112
      76
     110
     117
      95
     112
      97
     127
      95
     110
     111
      95
     105
      91
      96
      98
     102
      98
      92
      93
      95
     101
     108
     101
     106
      97
      99
     119
      96
     106
      77
     101
      97
     108
      94
     113
      99
      91
      96
      79
     101
      94
      98
      95
     113
      94
      92
     105
      95
      99
     116
      84
     103
      92
     100
     100
      76
      90
     114
     101
     108
     107
     109
      94
      98
      98
      98
      85
      82
     113
     104
     107
     109
     109
      93
     112
      95
      94
     122
      99
      97
     101
      86
     102
     100
      97
     101
     108
      94
     104
     121
      90
     112
      98
      96
     109
     100
     103
     113
     101
     101
     108
      88
      95
      99
      86
      97
      96
      87
      95
     114
      92
      94
      92
     103
      97
     113
      90
      76
     115
      93
     102
     102
      93
     117
     123
     103
      87
      96
     115
      89
     108
     101
      89
     102
      89
     107
      98
      95
      93
      94
      98
     111
      87
     110
      98
      98
     104
     102
      98
      85
      90
     115
     109
     105
     120
     112
     101
      95
     101
     103
      92
      96
      94
     107
     105
      96
      94
     105
     107
      98
      95
      99
      98
      93
     111
     100
      91
     100
      98
     101
      97
      90
      96
     107
      88
     111
      87
     115
     108
      95
      93
      80
     109
      96
      89
      88
     112
      96
     109
     104
     102
      91
     120
      91
     102
     112
     100
      92
     105
     106
     114
      90
      93
     119
      96
     103
      96
     104
      91
     107
     113
      94
     101
     110
     101
      93
     110
      92
     107
     102
      83
      84
      94
     100
     105
      98
      95
     108
      91
      82
      94
      85
      88
      99
      99
     115
     112
      76
      97
     102
      97
      89
      98
      95
     105
      94
     110
      80
     112
      81
     102
     112
     101
      92
      97
      97
      96
      87
      94
     111
      91
     130
     102
     114
      81
      97
      93
     100
      92
      99
      89
      87
     112
     104
      79
     118
      94
      99
      80
      99
     101
     106
      83
     103
      94
      99
     114
     103
      81
      88
      95
      98
     105
      90
     124
     108
      94
      95
     109
      87
      88
      94
      99
      89
      89
     112
     109
     108
     100
      94
     112
      95
     111
      87
      83
      96
     107
      95
     119
     107
      98
      85
     105
      93
      98
     102
      93
      93
      87
      94
      84
     111
     104
      95
     105
      94
      86
      96
      89
     111
     107
      94
      90
      86
     103
     101
     108
      97
     105
     101
     105
     120
      80
      99
      95
      83
     103
     102
     107
      98
      92
      79
      84
     111
     109
      96
      87
     102
     114
      95
     106
      92
     106
      99
     100
      91
      98
      96
      96
      93
      94
      90
     103
      98
      92
      84
      80
     104
     108
      86
      97
     119
     116
     100
     108
      99
     124
      89
      95
     108
     109
     106
     111
     105
     108
     112
     117
      99
     110
     106
     125
     108
      97
      97
     113
     112
     100
      97
      94
     104
     102
     104
     106
     112
     102
      89
     114
     112
     115
     107
     108
     114
     111
     123
     111
      95
     133
      99
     115
     117
     125
     117
     112
     102
     133
      97
     110
     124
      93
     110
     125
     119
     109
     109
      96
     110
     122
     107
     113
     108
     138
     108
     130
     124
     109
     131
     117
     102
      92
     102
      99
     112
     107
     132
     107
     111
     127
     136
     111
     125
     131
     116
     134
     121
     106
     119
     103
     108
     104
     106
     103
     128
     112
     122
     109
     117
     117
     101
     135
     121
      96
      94
     122
     120
     120
     128
     111
     104
     124
      98
     113
     119
     103
     134
     103
     105
     129
      97
     109
      95
     123
     122
     104
     112
      97
     112
     104
     112
      98
     110
     120
     100
     121
     106
     132
     113
     121
     110
     128
     123
      95
     112
     110
     112
      94
     117
     120
     108
     121
     106
      96
     119
      92
     128
      89
      99
     112
     120
     103
     113
     132
     100
     114
     112
     106
     105
     105
      93
     100
     129
      86
     110
     116
     100
     125
     118
     126
     118
     104
      98
     117
      91
     128
     129
      98
     117
     110
      95
      99
      88
     113
      94
     106
     137
     123
     108
     117
     111
      95
      87
     112
     105
     102
     105
     108
     111
     103
     109
     101
     112
     110
     110
     106
     103
     113
     113
     116
     107
     107
     109
      86
     123
     109
     112
     121
      97
     115
     111
      84
     108
      92
     104
      96
     104
      92
     108
     110
      93
      89
     110
     126
     107
     127
     109
      99
     102
     117
      97
     119
      99
     113
     109
     115
     119
     107
      94
      89
      94
     113
     109
     107
      87
     117
     111
     101
      95
      86
     104
     114
      93
      89
     111
     107
     124
     113
     100
     101
     109
     103
      83
     100
      92
     107
     126
      99
     105
     110
     109
     107
     105
     100
     112
     106
     103
      95
     103
     120
     110
      86
     117
      95
     108
     108
     114
     111
      95
     105
     105
     110
     108
     103
     116
     115
     120
     111
     122
     113
     113
     103
      80
     116
     107
     107
     109
     111
     112
      89
      97
     123
     107
     107
     114
     104
     102
      90
     108
     124
     111
     112
     107
     118
     117
     114
     105
      92
      99
      95
     113
      94
     115
      99
     102
      94
     115
     111
     108
     109
     107
      85
     116
     103
     101
     123
      86
      98
      82
     121
     114
     109
     101
      92
     104
     106
     110
     115
      94
     102
      95
      91
      95
     107
     103
     101
     122
     110
     109
     113
     117
      96
     121
     107
     113
     114
     110
     100
      90
     109
     121
     108
     108
     123
     101
     119
      87
     109
     110
      91
     107
     107
     116
     125
     101
     118
     128
     106
     119
     120
     119
     111
      94
     118
     125
      96
     118
     117
     112
     115
     119
      99
     109
     124
     112
     109
      80
     118
     105
      96
     108
     121
     111
     112
     113
      99
      95
     110
     116
     102
      95
     108
     122
     103
     117
     124
      90
     112
     102
     105
     129
     103
      95
     104
      99
     105
     125
     106
     104
     112
      96
     105
     103
     110
      95
     108
      96
      95
      89
     106
     114
     109
      87
     101
     109
     107
      95
     109
     110
      99
     103
     102
      98
     101
      97
     105
      96
     116
      97
     107
     107
     105
     111
      91
      83
     104
     119
     112
     108
      99
      82
      99
     103
     105
     105
     112
     110
     118
      87
     137
     100
     109
     109
     112
     107
     118
     111
     115
     105
     107
     117
     112
      98
     102
      97
      92
      95
      98
      93
     114
     107
      96
     109
     111
     100
      91
     112
      98
     108
      97
      95
     100
      89
     119
     126
      98
     109
     108
      97
      89
     116
     112
     107
      94
      92
     105
     104
      94
     114
     113
      99
     107
      88
      97
     104
     105
     115
      89
     116
     107
      96
      84
     111
     108
     106
     120
      95
     104
      85
     102
     108
     111
     113
     104
     115
      96
     114
     109
     114
     125
      90
      88
      94
     108
     113
     112
     103
     100
     123
     105
     115
     108
     122
     114
     115
     117
      89
     110
     126
     106
     131
     117
     112
     132
      97
     107
      97
     115
      89
      88
     125
     106
     109
     103
      94
     107
      90
      85
     120
      99
     116
     107
      93
     120
     105
     118
     100
      99
     119
     103
     121
     113
     109
     104
     111
     100
     107
     117
      96
     101
     101
     113
     101
     108
     105
      86
     117
     113
     103
      96
      91
     103
     105
     103
     105
     110
     119
     107
     121
      97
     116
      77
      99
     110
     111
      92
     112
     100
      90
      96
     100
     101
     103
      95
      96
     106
     104
     115
     104
      96
     113
     114
     111
     108
     104
      93
      96
     106
      98
      98
     105
     120
     127
     106
     114
     109
      91
     106
      97
     101
     108
      87
     112
     101
      91
     121
     125
     111
     124
     119
      99
     102
     102
     105
     110
     100
      82
     109
     106
      94
      95
      99
     103
     106
     109
      87
     107
      86
     113
      96
     104
     103
     106
      94
     106
     110
     108
      84
     102
      99
     120
      91
     107
     101
      96
     127
     103
     129
     100
     103
      94
     125
      96
      99
     117
     100
     113
     123
     118
     118
     103
     110
      99
      98
     107
     109
     108
      93
     116
      89
     113
     108
     106
     118
     119
      97
     108
     110
     104
     118
     112
     103
      90
      96
      97
     108
      93
     106
      99
     109
      88
      93
     101
      87
     105
     105
     110
     112
     102
     106
     114
     106
     104
      89
     112
     107
     101
      83
     115
     115
      98
     106
      97
      90
     110
     112
     110
      88
     100
      99
     114
     115
     120
     119
     109
      86
     123
      93
     104
     115
     112
     123
     108
     116
      82
      89
     126
     103
      98
     104
     101
     101
     102
     107
     112
     101
     108
     106
      94
     108
      94
     104
     107
      92
     104
     103
      99
     100
     112
     116
      96
     107
     109
     111
      92
     113
      83
     111
      98
     106
     105
      97
      94
     110
      82
     103
     119
     100
     101
     107
     126
      99
      94
     107
     105
     116
      97
      98
     122
      95
     116
     102
     112
      96
     110
     105
     105
      83
     114
     109
      83
     113
     108
     106
     101
     105
     113
      86
     113
     115
     110
     103
     103
      93
      96
     111
      92
      95
      94
     108
      99
     101
      95
     105
     103
      81
     104
     107
     100
     105
     111
      94
      97
     103
      98
      84
     106
     102
     109
     103
     101
     127
     110
     102
      95
     117
      96
     101
      97
      92
     118
     115
      89
     111
     117
     107
     104
     107
      96
      99
      92
      88
     117
     119
     109
      99
     108
      94
      93
      99
     113
     122
     120
      96
      96
     105
     115
     116
     103
     100
     103
     118
      94
     114
     108
     109
     103
      97
      97
     104
     133
     110
     108
     124
     119
     107
     117
     105
     105
     123
     113
     121
     106
     112
      99
      99
      92
     111
      92
     135
     103
     105
     104
      99
     103
     100
      89
     105
     102
      97
     120
      91
     116
     135
     127
     107
     109
      96
     109
     107
     110
      93
     115
      95
      94
     114
     114
      99
     110
     103
      96
     104
     106
     115
     132
     105
     107
      92
     128
     118
      91
     115
     108
     106
     112
     118
     103
     101
     107
     109
     119
     107
     122
     112
     130
     111
     110
     115
     120
     114
     122
     111
     128
     120
      98
     114
      77
      80
     113
     105
     110
     112
     116
     115
     117
     109
      86
     106
     111
     110
     127
     107
     110
     110
     109
      90
     109
     112
     103
      96
     119
      95
     127
     109
     103
     106
     111
     100
     102
     110
      91
      99
     104
     118
     109
     105
     106
     114
     135
     113
     105
     107
     119
     122
     110
     100
     112
      97
      92
     108
     102
     107
     104
     112
     113
     106
     114
     113
     112
      97
     107
     128
     106
     108
     119
      97
     101
      99
     110
     114
     111
     120
     100
     127
     112
     112
      99
     108
      99
     109
     118
     113
      97
     112
     119
     115
     108
     104
     112
     107
     130
     118
     108
     107
     113
     112
     132
     115
     114
     101
     118
     125
     102
     120
     126
      99
     129
     105
     121
     110
     121
     122
     120
     106
     113
     106
      98
     124
     113
     118
     141
     121
     136
     127
     120
     147
     123
     122
     132
     104
     111
     122
     104
     103
     124
     115
     131
     117
     115
     125
     119
     132
     104
     129
     104
     129
     104
     119
     107
     124
     125
     107
     114
     101
     124
     119
     122
     123
     108
     128
     121
     124
     104
     108
     123
     106
     122
     113
     118
     117
     120
     129
     129
     107
     121
     131
     112
     111
     136
     112
     106
     119
     109
     125
     112
     113
     107
     105
     139
     127
     122
     112
     118
     118
     114
     120
     114
     132
     115
     114
     128
     116
     126
     115
     125
     105
     129
     119
     142
     109
     136
     115
     127
      91
     124
     119
     116
     137
     144
     126
     123
     132
     117
     136
     108
     105
     118
     128
     117
     113
     141
     110
     110
     123
     137
     110
     131
     107
     110
     130
     144
     144
     131
     118
     124
     117
     125
     140
     120
     136
     120
     118
     130
     111
     120
     130
     132
     116
     127
     110
     118
     145
     119
     114
     124
     123
     147
     122
     127
     115
     125
     134
     131
     131
     137
     146
     115
     128
     135
      99
     132
     128
     120
     130
     127
     131
     139
     117
     122
     109
     131
     122
     115
     139
     131
     104
     132
     145
     127
     127
     113
     146
     138
     125
     112
     120
     145
     125
     131
     129
     114
     141
     140
     153
     146
     128
     104
     139
     137
     129
     115
     157
     132
     117
     127
     145
     135
     134
     134
     138
     117
     118
     122
     138
     127
     148
     134
     132
     114
     125
     126
     132
     130
     145
     130
     135
     119
     129
     136
     125
     139
     138
     134
     118
     133
     121
     142
     129
     148
     116
     126
     145
     141
     134
     142
     142
     155
     146
     145
     122
     128
     144
     119
     163
     115
     154
     134
     133
     151
     115
     135
     155
     133
     146
     144
     133
     129
     128
     128
     121
     122
     131
     151
     127
     127
     138
     140
     146
     134
     142
     137
     148
     141
     131
     148
     143
     135
     135
     144
     137
     148
     143
     134
     129
     118
     137
     138
     139
     143
     138
     125
     144
     122
     143
     133
     134
     141
     149
     122
     135
     127
     131
     121
     162
     126
     141
     132
     117
     138
     141
     139
     139
     130
     149
     148
     143
     138
     137
     131
     114
     140
     157
     145
     147
     141
     128
     133
     150
     135
     153
     128
     117
     120
     138
     141
     144
     127
     139
     133
     133
     128
     149
     126
     141
     134
     133
     118
     141
     115
     131
     124
     113
     121
     126
     122
     119
     122
     126
     120
     121
     124
     135
     124
     106
     128
     132
     130
     116
     132
     150
     126
     131
     135
     126
     125
     130
     147
     122
     131
     117
     107
     106
     123
     137
     112
     130
      99
     131
     116
      95
     109
     100
     123
     116
     122
     102
     122
     100
     101
     108
     102
      99
     105
      94
     117
     113
     103
      97
     104
      96
     112
     109
      98
     104
      92
     103
     112
      97
      83
      98
      97
      99
     107
      90
      77
      84
      85
      92
      99
     105
      87
     104
      82
      99
      79
      80
      88
      86
     100
      97
      84
      88
      76
     102
      81
      87
      82
      89
      93
      81
      86
      84
      86
      77
      88
      83
      80
      74
      87
      80
      85
      68
     106
      87
      86
      93
      77
      89
      92
      84
      91
      90
     101
      86
      72
      82
      94
      85
      85
      76
      81
      70
      72
      81
      71
      73
      85
      66
      90
      90
      74
      63
      77
      69
      53
      95
      71
      70
      80
      79
      78
      69
      77
      70
      67
      94
      96
      78
      73
      81
      63
      97
      79
      79
      90
      60
      74
      71
      80
      78
      76
      76
      88
      81
      83
      67
      65
      96
      73
      77
      59
      81
      57
      80
      65
      76
      63
      60
      73
      67
      68
      72
      81
      79
      72
      70
      70
      62
      56
      72
      81
      72
      77
      81
      69
      57
      76
      58
      79
      68
      70
      56
      77
      76
      66
      62
      65
      71
      77
      56
      78
      61
      56
      66
      69
      69
      70
      65
      68
      77
      63
      65
      74
      70
      48
      69
      73
      65
      76
      81
      80
      65
      74
      83
      50
      74
      56
      59
      61
      82
      61
      61
      58
      69
      67
      52
      74
      61
      71
      67
      63
      67
      73
      52
      60
      60
      64
      91
      59
      77
      50
      72
      74
      78
      75
      56
      66
      60
      65
      66
      74
      64
      65
      78
      60
      73
      69
      62
      55
      81
      53
      70
      56
      53
      61
      72
      54
      63
      56
      60
      62
      54
      66
      69
      53
      53
      55
      58
      63
      64
      71
      47
      78
      66
      67
      61
      65
      54
      61
      62
      67
      62
      67
      63
      56
      50
      62
      55
      69
      57
      60
      61
      56
      59
      52
      62
      64
      59
      69
      69
      55
      58
      61
      53
      70
      53
      63
      58
      65
      63
      58
      54
      65
      53
      56
      50
      72
      66
      49
      37
      47
      50
      58
      48
      57
      47
      59
      68
      56
      49
      57
      46
      64
      60
      51
      56
      49
      60
      60
      45
      61
      50
      58
      62
      69
      54
      55
      54
      63
      48
      58
      60
      51
      55
      57
      62
      53
      52
      64
      58
      57
      57
      43
      59
      48
      61
      41
      62
      56
      51
      44
      49
      50
      43
      48
      47
      64
      64
      65
      55
      47
      59
      51
      58
      54
      60
      54
      57
      46
      46
      62
      46
      45
      52
      52
      44
      47
      59
      46
      49
      52
      60
      45
      45
      47
      46
      54
      48
      42
      56
      51
      49
      49
      49
      54
      50
      56
      49
      50
      42
      45
      45
      48
      49
      52
      52
      61
      51
      52
      47
      63
      48
      48
      51
      46
      41
      44
      52
      35
      44
      54
      46
      56
      53
      50
      43
      50
      38
      49
      39
      58
      50
      36
      45
      43
      50
      49
      43
      48
      47
      45
      56
      48
      53
      54
      53
      38
      47
      45
      55
      40
      43
      61
      52
      48
      39
      55
      46
      54
      46
      53
      47
      45
      46
      45
      46
      55
      54
      49
      37
      46
      46
      37
      57
      49
      42
      41
      52
      44
      41
      46
      61
      38
      43
      55
      44
      40
      47
      44
      42
      40
      60
      45
      49
      45
      43
      36
      38
      48
      42
      37
      40
      44
      52
      39
      49
      49
      38
      44
      40
      38
      39
      36
      45
      62
      39
      38
      45
      50
      36
      45
      45
      44
      27
      43
      40
      42
      39
      43
      35
      36
      43
      40
      55
      44
      51
      35
      40
      34
      45
      34
      38
      42
      42
      41
      40
      29
      46
      47
      40
      38
      33
      40
      41
      37
      43
      50
      42
      38
      46
      42
      51
      38
      44
      36
      48
      48
      33
      37
      39
      41
      40
      44
      32
      30
      48
      42
      36
      30
      44
      44
      49
      43
      37
      31
      46
      46
      39
      33
      37
      34
      45
      43
      28
      37
      39
      47
      42
      38
      35
      31
      48
      32
      48
      44
      34
      38
      40
      42
      42
      44
      32
      36
      31
      20
      43
      41
      26
      39
      43
      41
      33
      44
      39
      36
      36
      43
      40
      37
      45
      35
      37
      51
      37
      39
      39
      30
      44
      41
      32
      43
      31
      38
      29
      40
      40
      47
      51
      31
      39
      38
      30
      28
      34
      39
      39
      30
      42
      42
      42
      29
      39
      36
      34
      32
      47
      40
      37
      39
      31
      39
      31
      38
      24
      38
      34
      41
      30
      42
      43
      32
      30
      20
      30
      40
      30
      46
      32
      38
      34
      30
      41
      30
      34
      39
      21
      41
      29
      30
      31
      28
      36
      27
      25
      23
      29
      41
      35
      48
      35
      36
      36
      39
      23
      54
      31
      30
      27
      28
      35
      31
      40
      32
      30
      37
      35
      36
      41
      37
      40
      34
      24
      29
      31
      27
      30
      41
      42
      28
      29
      28
      42
      25
      21
      24
      29
      40
      35
      40
      35
      33
      40
      33
      35
      37
      29
      25
      33
      28
      44
      42
      42
      24
      39
      36
      24
      37
      37
      29
      27
      28
      30
      38
      29
      32
      33
      33
      27
      29
      31
      23
      36
      29
      31
      37
      29
      38
      43
      30
      30
      32
      38
      35
      37
      31
      30
      29
      34
      32
      30
      31
      30
      32
      38
      33
      38
      44
      23
      31
      31
      31
      28
      37
      35
      53
      36
      43
      31
      39
      41
      39
      33
      35
      31
      41
      34
      26
      32
      30
      36
      41
      32
      30
      47
      35
      28
      32
      27
      33
      28
      26
      18
      28
      46
      33
      36
      29
      38
      33
      35
      32
      27
      38
      23
      36
      33
      30
      21
      30
      46
      32
      31
      41
      23
      33
      36
      25
      28
      31
      32
      29
      28
      28
      24
      27
      27
      33
      34
      27
      31
      26
      30
      29
      38
      27
      34
      28
      29
      39
      35
      34
      32
      25
      37
      31
      40
      40
      30
      33
      25
      35
      24
      36
      33
      23
      28
      41
      32
      37
      22
      29
      32
      26
      31
      35
      33
      39
      37
      24
      18
      29
      32
      35
      38
      22
      37
      38
      29
      31
      29
      23
      24
      36
      43
      30
      28
      29
      23
      26
      33
      30
      37
      21
      39
      33
      31
      33
      31
      22
      26
      38
      34
      31
      20
      45
      29
      27
      21
      27
      36
      37
      25
      36
      33
      34
      32
      36
      30
      31
      28
      27
      34
      26
      31
      31
      22
      26
      43
      31
      29
      26
      29
      41
      32
      35
      33
      40
      25
      25
      35
      28
      23
      32
      37
      40
      28
      41
      33
      26
      29
      29
      41
      33
      33
      35
      25
      24
      32
      29
      22
      28
      30
      32
      31
      37
      26
      27
      41
      37
      24
      31
      34
      33
      33
      35
      24
      30
      27
      31
      23
      39
      28
      19
      37
      21
      31
      28
      30
      26
      30
      31
      22
      42
      27
      39
      35
      26
      24
      42
      24
      25
      28
      33
      36
      35
      31
      21
      29
      18
      38
      24
      35
      32
      39
      30
      37
      29
      33
      31
      32
      24
      18
      23
      37
      23
      29
      34
      34
      39
      27
      21
      37
      28
      34
      28
      41
      23
      27
      25
      30
      30
      25
      31
      28
      31
      33
      31
      31
      25
      30
      34
      25
      26
      37
      32
      26
      31
      33
      28
      16
      29
      28
      31
      26
      29
      41
      27
      27
      27
      31
      35
      29
      35
      33
      15
      36
      28
      33
      30
      30
      32
      30
      33
      32
      31
      24
      26
      24
      31
      31
      35
      48
      21
      36
      25
      19
      37
      28
      33
      30
      26
      24
      26
      22
      24
      24
      27
      31
      24
      21
      31
      31
      29
      30
      25
      26
      27
      21
      27
      27
      30
      43
      14
      36
      27
      24
      36
      25
      27
      30
      24
      30
      22
      28
      21
      35
      27
      30
      28
      31
      18
      27
      22
      30
      26
      23
      24
      31
      15
      18
      19
      35
      23
      23
      22
      34
      31
      27
      22
      29
      30
      24
      33
      23
      28
      17
      26
      23
      28
      28
      24
      17
      26
      44
      22
      31
      24
      38
      30
      30
      29
      29
      26
      25
      36
      18
      21
      21
      29
      25
      30
      31
      39
      24
      32
      31
      27
      23
      21
      19
      26
      22
      34
      23
      27
      18
      24
      28
      21
      25
      27
      36
      25
      29
      28
      28
      22
      23
      26
      23
      29
      22
      30
      21
      18
      23
      29
      21
      24
      28
      31
      33
      33
      23
      24
      40
      28
      28
      30
      32
      26
      26
      27
      27
      30
      20
      28
      28
      29
      23
      38
      34
      24
      32
      29
      35
      22
      30
      29
      26
      32
      32
      36
      31
      23
      30
      27
      31
      33
      23
      22
      24
      25
      25
      22
      32
      33
      30
      30
      30
      42
      20
      23
      39
      33
      28
      28
      21
      29
      26
      23
      28
      28
      24
      44
      26
      34
      33
      28
      31
      26
      28
      29
      26
      25
      20
      23
      31
      22
      20
      40
      27
      33
      18
      27
      23
      27
      33
      30
      30
      33
      35
      26
      27
      25
      29
      23
      19
      25
      22
      26
      25
      46
      29
      25
      31
      25
      35
      32
      28
      24
      37
      26
      25
      29
      23
      30
      29
      23
      26
      23
      32
      32
      27
      29
      27
      23
      30
      24
      33
      33
      24
      34
      37
      22
      35
      33
      18
      30
      24
      22
      28
      27
      31
      26
      33
      34
      22
      33
      19
      18
      26
      28
      15
      39
      27
      29
      23
      24
      32
      34
      29
      26
      28
      26
      26
      25
      27
      22
      32
      37
      22
      26
      26
      23
      31
      19
      39
      25
      22
      20
      26
      25
      25
      16
      28
      23
      26
      22
      29
      32
      24
      33
      22
      33
      24
      35
      32
      33
      39
      31
      24
      30
      38
      27
      41
      44
      33
      32
      36
      40
      51
      44
      35
      43
      47
      47
      45
      60
      50
      54
      65
      61
      84
      70
      81
      78
      86
     100
      79
      98
      87
      79
     121
      77
     103
     125
     103
     119
     120
     123
     109
     160
     168
     151
     157
     145
     157
     190
     213
     188
     247
     233
     264
     260
     289
     296
     308
     305
     337
     347
     392
     439
     465
     406
     478
     503
     570
     602
     660
     615
     699
     715
     764
     807
     897
     908
     941
    1071
    1015
    1125
    1183
    1244
    1240
    1346
    1398
    1427
    1423
    1548
    1587
    1656
    1690
    1692
    1697
    1763
    1724
    1815
    1810
    1790
    1805
    1931
    1872
    1855
    1922
    1876
    1826
    1834
    1773
    1800
    1728
    1694
    1716
    1702
    1585
    1541
    1523
    1540
    1500
    1368
    1370
    1362
    1257
    1193
    1144
    1204
    1024
    1054
     978
     939
     861
     879
     721
     739
     699
     669
     618
     563
     523
     534
     465
     406
     459
     377
     358
     293
     308
     297
     276
     259
     248
     229
     209
     192
     188
     172
     163
     147
     149
     125
     132
     109
     104
     100
      99
     100
      82
      96
      65
      72
      71
      56
      61
      50
      58
      45
      45
      46
      40
      41
      30
      33
      33
      27
      32
      28
      20
      20
      21
      20
      20
      21
      17
      18
      23
      19
      14
      26
      20
      15
      19
      13
      17
      16
      12
      17
      15
      16
       7
      21
      12
      10
      23
      13
      13
      18
      17
      17
      16
      20
      11
      10
      14
      12
      10
      10
      14
      18
      16
       9
      18
      15
      12
      18
      13
      13
      14
      17
      18
      11
      17
      12
       5
      25
      13
      14
      14
      17
      23
      16
      14
      13
      16
      19
      15
      18
      19
      15
      15
      11
       8
      17
      16
      13
      21
      27
      15
      17
      12
      15
      12
      15
      15
      17
      11
      22
      13
      14
      21
      10
      18
       9
      14
      11
      14
      10
      16
      21
      19
      13
      14
      15
      14
      15
      12
      11
      15
      13
      16
      11
      14
      11
      15
      11
      10
      14
      11
      16
      23
      18
      17
      17
      14
       9
      17
      11
      15
      11
      19
      20
      18
      18
      11
      16
      20
      21
      18
      14
      18
      14
      17
       8
      16
      11
      17
      15
      14
      11
      19
      18
      11
      18
      17
      22
      17
      12
      20
      19
      17
      12
      16
      12
      18
      12
      12
      15
      13
      18
      15
      12
      16
      16
      10
      15
      10
      21
       6
      10
      11
      16
      22
      11
       8
      15
      19
      13
      19
      16
       7
       8
      18
      20
      16
      16
      20
      18
      14
      18
      16
      20
      11
      11
       6
      16
      13
      14
      23
      14
      13
      14
      20
      16
       8
      13
       9
      13
      22
      15
      16
      11
      17
      11
      22
       6
      11
      15
      12
      13
      15
      15
      13
      17
      14
      13
      13
      11
      15
      14
      12
      15
      10
      19
       9
      16
      11
      10
      17
      15
      14
      18
      13
      17
       9
      10
      13
       9
      17
      11
      19
       8
      11
      10
      16
       6
      19
      16
      15
       9
      15
      17
      12
      15
       9
       9
      15
      18
      16
      21
      18
      15
      16
      13
      14
      15
      15
      23
      19
      11
       9
      13
      16
      10
      20
      18
      19
      19
      10
      16
       8
      17
      20
       9
      11
      11
      18
       9
      18
      14
      21
      16
      15
      17
      17
      14
      14
      10
      19
      15
       5
      15
      14
      12
      12
      15
       9
       9
      14
      20
      13
      13
      12
      20
      14
      11
      17
      11
      17
      17
      14
      12
      17
      13
      15
      17
      14
      19
      24
      18
      12
      15
      16
      19
      15
      18
      23
      16
      16
      10
      11
      17
      20
      11
      12
      14
      10
      12
      16
      12
      10
      17
      18
      14
      18
      17
      12
       9
      12
      13
      14
      23
      18
      14
      14
      15
      16
      14
      10
      14
      12
       7
      12
      12
      18
      10
      12
      16
      15
      14
       9
      14
       8
      19
      18
      14
      18
      17
      13
      15
      13
      25
      23
      16
      17
      21
      17
      16
      17
       6
      14
      11
      19
      17
       9
       8
      15
      20
      15
       7
      10
      10
      15
      17
      15
      11
      13
      14
      19
      16
      10
      19
      10
      11
      12
      18
      12
      13
      12
      13
      12
      13
      11
      16
       9
      14
      22
      14
      12
      18
      10
      12
      11
       8
      21
       7
      14
      19
       6
       8
      14
      13
      18
       9
      14
      11
      15
      18
      14
      14
       7
      12
      18
      18
      21
      14
      13
      14
       9
      11
      13
      17
      24
      13
      18
      22
      16
       6
       6
      14
      12
      18
      11
      26
      20
      13
      12
      13
      23
      11
      13
      13
      14
      14
      13
      24
      10
      18
      16
      16
      17
      11
      10
      12
      15
      14
      12
      17
      13
       7
       8
      14
      14
       8
      22
      13
       7
      17
      10
      14
      10
      13
      12
      12
      16
      15
      11
      19
      12
      24
      11
      10
      15
      15
      12
      11
      14
      15
      10
      17
      14
      13
      14
      16
      13
      17
      17
       8
       7
      16
      10
      12
      17
      17
      13
      17
      18
      21
      18
      14
      21
      19
      18
      19
      13
      15
      14
      21
      17
      12
      14
      10
      10
      23
      21
      18
      11
      15
      22
       8
      13
      15
      11
      12
      12
      17
      10
      16
      14
      15
      11
      13
      19
      15
      11
      13
      15
       6
      10
      14
      19
      15
      19
      15
      16
      22
      14
       7
      12
      14
      15
      11
      15
      14
      10
      11
       6
      11
      13
      21
      14
      10
      15
       8
      13
      13
       8
      17
      12
      15
      17
      22
      14
      15
      10
      13
      13
      14
      22
      13
      20
       9
      21
      10
      12
      12
      10
      15
      10
      14
       5
      12
      12
      16
       7
      16
      16
      14
      18
      17
      10
       8
      17
      12
       8
      12
      11
       8
      18
      11
      19
      22
      16
      20
      15
      30
       8
      14
      14
      10
      15
      17
      16
      12
      13
      11
      19
      13
      10
      15
      14
      16
      12
      14
      14
      14
      15
      21
       6
      12
      18
      19
       7
      16
      12
      14
      13
      15
      11
       8
      10
      12
      15
      10
      12
      20
      10
      11
       9
      21
      15
      16
      11
      11
      17
      12
      19
      20
      11
      11
      18
      22
      22
       7
      14
      10
      13
      13
      11
      13
      16
      11
      19
      11
      11
      10
      12
      11
      11
      12
       9
      15
      15
      14
      15
      18
      14
      14
      16
      19
      17
      13
      13
      13
      17
      14
      13
      11
      14
      11
      21
       7
      16
      13
      10
      14
      16
      22
       8
      15
      16
      16
       8
       9
      18
      18
       8
      20
      15
      14
      20
      14
      26
      12
      18
      15
      14
      15
      15
      20
      18
      13
      13
       9
      16
      13
      14
      14
      12
      12
      17
      10
      16
      17
      17
      18
      12
      12
      12
      13
      25
      15
      15
      12
      16
      17
      14
      15
      20
      22
      17
      13
       8
      15
       7
      15
      11
      15
      14
      15
      22
      15
      14
      14
      11
      16
      17
      12
      13
      17
      12
      16
      16
      10
      13
       8
      12
      14
      19
      15
      13
      17
      19
      12
      12
      14
      19
      15
      12
      16
      10
      11
       1
      16
      17
      12
       8
      14
      16
      18
      10
      18
      12
      10
      18
      16
      13
      17
      12
      14
      18
      12
      13
      15
       8
      19
       9
      17
      10
       9
      16
      14
      16
      13
      12
      11
      17
      15
      16
      20
      15
       8
      16
      13
      11
       8
       8
      13
      13
      21
      16
      17
      14
      12
       8
      11
       6
      21
      21
      13
      14
       9
      15
      17
      17
      16
      15
       9
      14
      13
      15
      16
      14
      13
      12
      17
      11
      17
      14
      13
      11
       9
      12
      19
      13
      16
       9
      15
      20
      15
      16
       9
      11
      12
      11
      25
      22
      12
       8
      11
      13
      13
      13
      16
      22
       9
      16
      17
      11
      10
      18
      16
      13
      11
      22
      14
      13
      18
       9
      19
      16
      17
      14
      10
      17
      16
      12
      21
       8
      13
      13
      14
      14
      13
      16
      10
      12
      21
      14
       6
      13
      12
      15
      13
      14
      12
      14
      13
       9
      11
      12
      15
      17
       8
      11
      12
      13
      23
      14
      11
       9
      14
      15
       7
      16
      19
      11
      14
      18
      21
      13
       9
      13
      13
      14
      14
      16
      16
      17
      16
      21
      16
      16
      12
      15
      10
      20
      16
      13
      10
      10
      14
      15
       9
      23
      12
      11
       8
      12
      15
      12
      11
      14
      15
      10
      10
       9
      17
      11
       9
      12
      11
      11
      12
      12
      13
      11
      17
      20
      18
      12
      12
      11
      18
      16
      11
      12
       9
      14
      10
      14
       8
      14
      11
      17
      18
       9
      11
      13
      12
      10
       9
      11
      18
       9
      10
      17
      10
      13
      12
      13
      13
      11
      15
      14
      16
      16
      16
      10
       9
      15
      13
      17
      18
      15
      16
       7
      11
      15
      10
      18
      12
      13
      14
      17
      13
      14
      15
      13
      13
      12
      14
      14
      17
      18
      11
       9
      15
      12
      19
      17
      16
      14
      15
      12
      12
      10
      20
      12
      11
      20
      12
       7
      15
      12
      11
      21
       7
      10
      14
      15
      20
      12
      20
      11
      19
      15
      13
      17
      18
      17
      18
      16
      11
      14
       8
      10
      13
       9
       9
      18
      15
      13
      16
      12
      14
      19
      15
      15
      11
      17
       9
      21
      13
      13
      10
      14
      20
      10
      14
      13
      10
      12
      18
      12
      10
      13
      17
      14
      13
      11
      16
       9
      11
       9
      19
      10
      12
      17
      19
      20
      12
      14
       8
      10
      15
      14
      17
      17
      14
      18
      14
      13
      15
       9
      13
      13
      11
      14
      15
      13
      10
       8
       9
      12
      15
      20
      13
      10
      20
      11
      12
      11
      15
      14
      18
      11
      15
      12
      15
      15
      24
      13
       9
      11
      13
      11
      11
      20
      16
      13
      14
      10
       9
      15
       9
      21
      19
      19
      19
      11
       9
      16
      16
      19
      13
      10
      15
      14
      10
      17
      18
      14
      16
      15
      12
      19
      10
      14
      11
      21
      10
      17
      13
      12
      16
      17
       7
      11
      15
      17
      13
      14
      11
       9
      11
      19
      13
      11
       8
       7
      18
      13
      17
      14
      19
      11
      11
      13
      15
      12
      17
      16
      12
      13
      16
      13
      15
      11
      17
      19
      14
      10
      14
       9
      11
      16
      13
      19
      15
      12
      14
       8
       8
      13
      13
      10
      17
      10
      10
      19
      20
      12
       9
      17
      17
       8
      10
      14
      12
      16
      11
      13
      16
      14
      11
      17
      17
      12
      19
      18
      12
      11
      13
       9
      13
      12
      12
      12
      10
      13
      16
      16
      11
      11
      17
      12
      20
      14
      12
      17
      18
      12
      17
      17
      11
      10
      19
       4
      11
      12
      21
      17
      11
      13
      15
      18
      17
      21
      21
      10
       7
      10
      21
      11
      18
      10
      11
      16
      10
      14
      15
      12
      13
      10
      13
      11
       8
       9
       8
       9
      16
       6
      11
      14
      20
      18
      20
      12
       9
      10
      11
       9
      14
      12
      12
      15
      17
       8
      10
      18
      14
      19
       8
      13
      12
      15
      10
      11
      21
      13
      16
      16
      16
      19
      15
      12
      14
      10
      16
       6
      11
      12
      12
      10
      12
      11
       9
      12
      11
      14
       9
       7
       9
       8
      14
      15
       9
      14
      13
      13
      13
      11
      15
       9
      13
      10
      10
      11
      13
      18
      12
      13
      16
      11
      22
      12
      14
      14
      17
      13
      17
      21
      12
      16
      11
       8
      22
      10
       9
      14
      15
      14
      13
      22
      14
      11
      23
      14
      12
      13
      14
      12
      13
      10
      15
      17
      14
      14
       8
      14
      22
       7
      16
      11
      12
      10
      16
      16
      13
      16
      13
       9
      13
      14
      16
      17
      25
       9
      18
      22
      14
      22
      16
      12
      15
      11
      12
      12
      11
      12
      12
      11
      12
      16
      11
      14
      11
      10
      12
       7
      17
      11
      11
      18
      17
      12
       9
      13
      14
      13
      16
      16
      17
      17
       8
      11
      15
      13
      12
      16
      17
      10
      13
      13
       7
      11
      17
       8
      13
      16
      12
      19
      13
       9
      13
      10
      13
      17
      16
      18
      14
      10
      13
      10
      16
      11
      15
      11
      12
      17
      23
      13
      11
       8
      23
      15
      13
      12
      12
      18
      16
      11
       8
       9
      14
      10
      17
      11
      14
      13
      16
      11
      16
      15
      13
      12
      13
      20
      10
      17
      15
      19
      13
      16
       6
      11
       9
      12
      14
       9
      11
      11
      17
      15
      14
      12
      14
      16
      15
      17
       9
      15
      19
      14
      12
      20
      23
      13
       8
      11
      13
      11
      20
      18
      12
      14
      16
      11
      12
      10
      13
      14
      13
      15
      16
      18
      14
       8
       7
      21
      15
      11
      13
      10
       9
       7
      14
      19
       9
       7
      15
      10
      14
       6
      14
      13
      16
      15
      15
       9
      18
      10
       8
      13
      17
      13
      13
      13
      14
      19
       8
      14
      10
      12
      14
      12
      12
      13
      16
      12
      15
      18
       6
       8
       6
      16
      13
      12
      13
      11
      11
      13
       9
      12
      15
       7
      21
      17
      11
      14
      15
      13
      14
      21
      11
      15
      12
      10
      16
       8
      12
      17
      13
      11
      13
      13
       6
      13
      13
      10
      15
       7
      16
      14
      15
       9
      15
      12
       9
      15
      10
      14
       7
      19
      10
      11
      19
      13
      12
      18
      19
      14
      19
      15
      15
      17
      17
      16
      14
      16
      21
      17
       8
      17
      15
      12
      13
      17
       8
      14
      12
       9
       4
      11
      13
      12
      16
       8
       7
      13
      19
      12
      13
      18
      16
       9
      15
      16
      13
      14
      15
      16
       8
      11
      11
      15
      19
      21
      20
      13
      20
      12
      15
      10
       8
       6
       8
       9
      19
      11
       9
      17
       7
      14
      16
      11
      17
      17
      17
      11
      18
      12
      24
      13
      12
      13
      14
       5
       8
       9
      18
      15
      11
      16
       8
      19
       7
      11
      27
      13
      19
      18
      20
      12
      23
      15
      16
       8
       9
      17
      16
      10
      12
      13
      13
      14
      15
      15
      11
      15
      12
       8
      16
       9
      15
      11
      17
      18
      16
      17
       9
      16
      11
      16
       9
      12
      15
      10
      18
      18
       9
      14
      15
      12
      15
      13
      14
      12
      16
      17
      10
      16
      13
      12
       7
       9
      13
      13
      16
      22
      13
      15
      17
      12
      13
      15
      18
      13
      17
      12
      12
       9
      17
      21
      13
       9
      13
      11
       8
      10
      18
      12
      12
      14
      12
       9
       5
      15
      11
      12
      14
      12
      10
       9
      13
      11
      13
      10
      14
      13
      10
      18
      20
      14
      21
      14
      19
      11
      12
      11
      14
      20
      23
      12
      20
      12
      14
      13
       8
      15
      12
      17
      11
      17
      13
      14
      17
      13
      15
      11
      16
      15
       9
      17
      16
      16
      20
      18
      10
       9
      14
      16
      13
      14
      13
      15
      16
      12
      10
      14
      17
      14
       6
      12
      16
      16
      13
      17
      12
      13
       9
       9
       7
      20
      13
      15
      15
      15
      20
      17
      16
      15
      14
      17
      13
      16
      14
       6
      11
       9
      17
      18
      15
      19
       7
      17
      19
       9
       9
      13
       7
       9
      19
       7
      16
      16
      20
      13
      17
      14
      10
      13
      11
      13
      15
      11
      18
      14
       9
      10
      11
      25
      18
      11
       9
      15
       8
      16
      13
      19
      16
      12
      14
      12
       5
       7
      13
      20
      11
      11
      17
      21
      16
      14
      19
      16
       5
      15
      18
      14
      14
      17
      11
      22
      15
      11
      14
      18
      12
      15
       9
      18
      12
      20
      12
      14
      15
      10
      11
      16
       9
       9
      13
      13
      25
      19
      11
      16
      10
      20
      12
      15
      16
      10
       9
      15
      14
      14
      14
      12
      18
       9
      17
       6
       8
      17
      22
      12
      10
      13
      11
      14
      13
      17
       9
       8
      11
      14
      15
      19
      21
      15
      15
      12
      16
       9
      15
      12
      15
      15
      18
      15
       6
       9
      12
      19
      17
      14
      12
      11
      15
      15
      17
      15
      11
      10
      17
      20
      14
      20
      14
      14
      12
      15
      10
      16
      18
      15
      11
      11
      15
      13
      12
      20
      17
      16
      22
      15
      20
      14
      17
      18
      18
       8
      11
       8
      17
      16
      13
       9
      11
      22
      15
      16
      20
      14
      12
      10
      14
      11
      10
      15
      18
      21
      16
      17
      14
      19
      18
      12
      15
       7
      12
      17
      16
      13
      13
      13
      11
      12
      12
      11
      20
      23
      13
      13
      15
      15
      22
      11
      12
      15
      14
      19
      19
      14
      23
      11
      21
      15
      17
      14
      11
      17
      19
      11
      17
      14
      10
      21
      19
      13
       9
      13
      14
      15
      11
      17
      15
       9
      10
       7
      11
      16
       7
      15
      11
      10
      14
      10
       9
      14
      15
      10
      16
      16
      21
      13
      18
      11
      14
      11
      10
       9
      18
       9
      13
      19
      12
      15
      12
      18
      14
      15
      18
      11
      18
      13
      14
      16
      11
       7
      10
      13
      11
      11
      17
      17
      12
      21
       6
      13
      16
      17
      15
      12
      16
      15
      15
      16
      18
      13
      12
      18
      14
      14
      19
       9
      13
      14
      10
       7
      15
      18
      22
      19
      15
      23
      22
      18
      22
      12
       9
      10
      13
      15
       8
      20
      12
      21
      20
      16
      15
      19
      14
      14
      10
      11
      16
      10
      16
      16
      10
      11
      19
      10
      14
      24
      14
      13
      14
      11
      15
      17
      13
      15
      15
      11
      11
      13
      18
       9
      22
       9
       9
      17
      14
      13
      15
      12
      11
      14
       9
       8
      12
      11
      17
      13
      15
      22
      17
      17
      20
      11
      10
      11
      13
      11
      17
      18
      16
       5
      17
       6
      13
      12
      15
      10
      11
      15
      12
      13
      10
      12
      16
      11
      20
      16
       7
      16
      15
      12
      12
      13
      13
      20
      10
      12
      16
      14
      21
      10
      15
      10
      12
       7
      17
      13
       9
      20
      15
      16
       8
      15
      14
      14
      19
      16
      15
      14
      14
      21
      15
      13
       8
      24
      19
      15
      14
      32
      23
      10
      14
      14
      11
      19
      14
       8
      15
      13
      10
      18
      15
      25
      16
      19
      11
      11
      19
      13
      10
      15
      13
      12
      20
      17
      12
      19
      19
      12
      11
      18
      13
      25
      13
      14
      12
      19
      18
      24
      16
      15
       8
      13
      22
       9
       7
      10
      19
      10
      14
      18
      11
       7
      15
      10
      10
      16
      19
      20
      15
      12
      18
      16
      20
      16
      14
      15
      19
      11
      16
      18
       8
       9
      11
      12
      12
       9
      16
      16
       8
      14
       7
      13
       8
      14
      17
      17
      21
      17
      14
      17
      15
      11
      15
      14
      12
      16
      15
      17
      13
      13
      15
      10
      13
      19
      13
      14
      10
      12
      14
      19
      12
      30
       9
      10
      18
      14
      20
      19
      21
      13
      13
       9
      11
      12
       9
      11
      14
       8
      13
      19
      17
      13
      11
      13
      14
      15
      13
      20
      18
      10
      20
      13
      13
      14
      12
      12
      11
      14
      20
      11
      18
      13
      12
       9
      15
       7
      17
      14
      13
      18
      14
      23
      13
      16
      13
      10
      10
      12
      12
      16
      14
      16
      21
      16
      15
      16
       9
      18
      17
      13
      14
      14
      15
      15
      16
      19
      17
      16
      19
      16
      16
      13
      20
      22
       8
      20
      12
      21
      14
      20
      16
       8
       8
      15
      15
      20
       9
      10
       9
      12
      13
      19
      12
       8
      13
       4
      11
      14
      15
      15
      18
      15
      11
       8
      17
      17
      18
      20
      12
      13
      17
      21
      13
      20
      13
      15
      17
      11
      13
      18
      13
      16
      13
      15
      14
      18
       7
      17
       9
      12
      13
      12
      13
      10
      19
      18
      17
      17
      18
      12
      21
      14
      12
      10
      13
      14
      16
       6
      14
      12
      14
      17
      14
      13
      13
      20
      16
       9
      21
      14
      18
      12
      13
       9
       9
      13
      13
      10
      23
      14
      18
      12
       8
      17
      12
      16
      11
      16
      16
      15
       9
      19
      15
      15
      15
      17
      16
      17
      16
      15
      15
       9
       5
      13
      16
      15
      15
      12
      18
       9
      19
       7
       6
      15
      13
       9
      20
      16
      15
      12
      16
      16
      15
      10
      15
      15
      16
      15
      11
      13
      16
      22
      15
      11
      13
      18
      11
      14
      17
       8
      13
       7
      14
      19
      25
      16
      17
      18
      14
      13
      15
       9
      14
      13
      18
      13
      22
      13
      14
      15
       9
      19
      11
       9
      10
      16
      15
      17
      15
      15
      14
      11
      15
      14
      20
      19
       9
      19
      14
      11
      15
      15
      14
      21
      12
      12
      13
      13
      12
      18
       8
      18
      17
      11
      19
      15
      19
      20
      15
       7
       6
      10
       9
      16
      16
      19
      13
      14
      17
       4
      13
      14
      19
       7
      13
      11
      16
       9
      15
       9
      15
      11
      18
      13
      14
      15
      18
      12
      11
      14
      12
      14
      13
      19
      11
      11
      17
      16
      12
      11
       8
      19
      13
      14
      11
      10
       6
       9
      11
      11
      17
      12
      12
      18
      20
       5
      11
      25
      14
      11
      10
       8
      13
      15
      11
      16
      21
       9
      18
      14
      16
      12
      23
      16
      17
      15
      17
      19
      17
      18
      14
      16
      13
       8
      12
      14
      18
      15
      15
      15
      10
      21
      11
       8
      26
      18
      14
      18
      14
       9
      10
      12
      22
      14
      13
      14
      17
      18
      13
      11
      17
      14
      23
       9
      20
      16
      12
      13
       7
      12
      13
      21
      18
      13
      16
      21
      15
      13
      15
      19
      16
      14
      13
      12
      14
      13
      15
      14
       9
      17
      10
      20
      21
      18
       5
       8
      10
      20
      21
      14
      14
      13
      16
      12
      16
      15
      11
      21
      16
      12
      15
       9
      16
      16
      19
      16
      19
      20
      17
      17
      12
      21
      14
     230
     413
     444
     431
     474
     421
     451
     432
     432
     391
     445
     472
     413
     456
     453
     443
     444
     421
     444
     417
     469
     438
     453
     405
     454
     401
     427
     428
     418
     413
     422
     419
     466
     492
     439
     391
     409
     415
     438
     477
     426
     408
     433
     452
     460
     446
     441
     445
     457
     446
     437
     407
     415
     450
     421
     457
     425
     438
     436
     422
     414
     422
     429
     411
     444
     450
     422
     408
     425
     397
     433
     403
     384
     454
     404
     409
     398
     422
     407
     446
     404
     417
     437
     418
     457
     425
     417
     457
     436
     391
     431
     438
     431
     421
     406
     429
     450
     389
     409
     394
     415
     402
     435
     385
     399
     400
     445
     379
     399
     418
     382
     401
     408
     381
     461
     417
     372
     381
     398
     411
     426
     396
     422
     427
     426
     405
     422
     432
     399
     427
     399
     393
     411
     402
     435
     439
     419
     386
     403
     411
     417
     403
     397
     413
     412
     398
     403
     393
     433
     417
     394
     429
     408
     418
     413
     389
     409
     408
     403
     399
     411
     406
     429
     366
     387
     417
     412
     413
     367
     427
     386
     405
     396
     438
     374
     398
     393
     441
     412
     425
     437
     411
     384
     403
     207
$ROI:
5
349 399
960 988
992 1050
1491 1501
5157 5169
$PRESETS:
None
0
0
$ENER_FIT:
0.000000 0.107033
$MCA_CAL:
3
0.000000E+000 1.070331E-001 0.000000E+000 keV
$SHAPE_CAL:
3
0.000000E+000 0.000000E+000 0.000000E+000
