$SPEC_ID:
23cm counts
$SPEC_REM:
DET# 1
DETDESC# DLAB-PHY-L3-49 926 Right
AP# Maestro Version 7.01
$DATE_MEA:
10/25/2024 15:03:00
$MEAS_TIM:
550 712
$DATA:
0 8191
       0
       0
       0
       0
       0
       0
       0
       0
       0
       0
       0
       0
       0
       0
       0
       0
       0
       0
       0
       0
       0
       0
       1
       4
       6
      19
      28
      47
      65
      74
     106
     140
     130
     237
     651
    2557
    6384
   11741
   16155
   18953
   19584
   19349
   17658
   15369
   13131
   10956
    9448
    7756
    6609
    5649
    4826
    4065
    3481
    2839
    2432
    2140
    1801
    1474
    1258
    1102
     913
     781
     663
     572
     526
     439
     379
     355
     253
     228
     212
     195
     128
     163
     135
     133
     120
      96
     101
      90
      76
      67
      72
      66
      68
      71
      64
      57
      61
      61
      61
      61
      41
      56
      42
      44
      45
      52
      40
      51
      47
      45
      52
      48
      37
      50
      47
      53
      36
      31
      48
      37
      48
      37
      43
      46
      41
      42
      53
      53
      47
      44
      33
      57
      49
      29
      40
      44
      39
      36
      45
      37
      44
      42
      41
      28
      37
      48
      40
      45
      42
      33
      50
      50
      48
      39
      40
      47
      34
      40
      34
      43
      51
      29
      50
      56
      33
      46
      41
      34
      39
      50
      37
      39
      50
      43
      36
      31
      36
      35
      40
      26
      47
      36
      41
      45
      40
      40
      32
      42
      40
      32
      28
      36
      46
      44
      42
      37
      30
      29
      40
      41
      34
      35
      27
      34
      51
      27
      28
      31
      39
      40
      33
      33
      36
      50
      33
      35
      42
      34
      39
      50
      41
      18
      32
      40
      35
      31
      27
      43
      33
      36
      30
      37
      34
      33
      24
      25
      43
      35
      35
      41
      39
      32
      45
      29
      25
      38
      17
      26
      41
      33
      46
      35
      28
      40
      38
      31
      26
      31
      31
      25
      38
      34
      49
      28
      38
      34
      35
      31
      41
      33
      30
      27
      31
      36
      27
      32
      31
      40
      26
      31
      26
      32
      30
      33
      30
      24
      27
      38
      33
      34
      35
      30
      36
      49
      41
      27
      33
      33
      20
      39
      27
      36
      42
      34
      22
      40
      30
      26
      40
      35
      37
      36
      22
      35
      39
      31
      32
      35
      24
      33
      19
      33
      31
      43
      35
      30
      26
      36
      44
      25
      22
      27
      34
      41
      40
      25
      35
      28
      39
      36
      34
      26
      31
      26
      35
      30
      34
      37
      27
      29
      19
      35
      26
      24
      28
      27
      29
      32
      25
      33
      37
      30
      33
      31
      32
      28
      27
      30
      19
      37
      23
      26
      29
      31
      32
      36
      28
      38
      39
      30
      35
      26
      37
      18
      36
      24
      40
      29
      38
      27
      31
      33
      46
      32
      38
      34
      22
      32
      27
      38
      33
      30
      37
      32
      31
      32
      32
      33
      28
      29
      25
      25
      31
      33
      34
      39
      24
      31
      31
      27
      34
      27
      28
      34
      24
      33
      30
      34
      28
      26
      38
      30
      48
      31
      34
      34
      27
      33
      33
      30
      30
      44
      43
      35
      31
      31
      32
      28
      33
      29
      30
      33
      28
      42
      31
      28
      27
      37
      39
      29
      34
      40
      26
      26
      34
      33
      38
      32
      30
      35
      29
      23
      28
      31
      35
      29
      36
      21
      29
      35
      39
      26
      36
      28
      26
      28
      21
      24
      47
      24
      31
      38
      38
      31
      38
      35
      38
      28
      21
      38
      26
      34
      40
      27
      31
      33
      21
      24
      35
      32
      37
      27
      40
      33
      42
      36
      25
      28
      40
      32
      36
      26
      33
      24
      40
      33
      27
      30
      39
      34
      27
      29
      31
      23
      45
      39
      33
      28
      32
      40
      34
      36
      29
      40
      32
      27
      35
      27
      38
      36
      35
      27
      34
      23
      31
      31
      31
      35
      35
      34
      27
      26
      35
      22
      25
      26
      18
      29
      43
      39
      27
      31
      30
      41
      23
      35
      28
      28
      26
      22
      41
      32
      30
      29
      35
      25
      23
      34
      34
      23
      32
      38
      37
      34
      32
      31
      35
      40
      50
      22
      27
      26
      36
      36
      29
      27
      30
      33
      27
      33
      23
      43
      23
      26
      37
      33
      38
      44
      30
      46
      31
      27
      38
      49
      39
      43
      46
      41
      37
      33
      38
      34
      38
      23
      32
      33
      32
      38
      52
      36
      45
      37
      39
      33
      39
      49
      46
      35
      40
      36
      45
      42
      42
      40
      51
      47
      52
      46
      45
      46
      51
      46
      50
      40
      44
      37
      60
      58
      52
      45
      41
      44
      65
      34
      53
      41
      46
      58
      49
      39
      38
      43
      42
      43
      49
      38
      41
      37
      43
      41
      40
      44
      37
      39
      36
      29
      34
      38
      41
      43
      31
      33
      39
      34
      33
      35
      31
      30
      32
      39
      38
      39
      28
      33
      35
      27
      38
      38
      29
      31
      31
      31
      31
      39
      39
      44
      49
      36
      32
      26
      27
      25
      25
      34
      33
      41
      31
      41
      34
      34
      38
      42
      37
      41
      38
      28
      37
      42
      34
      35
      28
      37
      44
      31
      49
      31
      43
      40
      30
      44
      36
      27
      34
      45
      34
      36
      40
      32
      38
      40
      38
      34
      32
      33
      48
      40
      39
      40
      45
      46
      37
      42
      40
      41
      35
      46
      25
      30
      39
      36
      42
      38
      24
      33
      33
      36
      40
      42
      39
      33
      34
      42
      39
      32
      46
      42
      21
      31
      24
      27
      29
      33
      40
      37
      26
      37
      32
      32
      30
      22
      37
      30
      41
      30
      38
      20
      32
      31
      27
      26
      21
      26
      33
      29
      30
      17
      40
      25
      35
      31
      25
      26
      37
      42
      34
      35
      27
      22
      35
      26
      20
      41
      31
      24
      18
      14
      28
      25
      31
      33
      32
      37
      35
      26
      31
      26
      26
      22
      26
      31
      25
      20
      40
      29
      26
      26
      18
      22
      25
      23
      28
      30
      37
      27
      34
      24
      25
      20
      23
      37
      32
      19
      33
      25
      30
      32
      28
      27
      25
      27
      26
      30
      26
      28
      16
      24
      26
      24
      20
      32
      42
      23
      34
      29
      27
      21
      32
      30
      26
      33
      26
      25
      27
      29
      29
      34
      22
      26
      29
      25
      27
      22
      30
      29
      29
      30
      31
      26
      33
      34
      33
      23
      31
      25
      33
      34
      26
      33
      28
      21
      28
      19
      23
      35
      17
      24
      26
      25
      20
      24
      37
      30
      24
      28
      24
      34
      28
      28
      33
      27
      26
      27
      36
      26
      27
      27
      18
      33
      32
      23
      28
      26
      32
      25
      24
      19
      36
      21
      23
      32
      31
      24
      25
      34
      26
      28
      31
      28
      32
      27
      22
      37
      31
      27
      21
      30
      29
      19
      23
      27
      25
      20
      44
      30
      36
      28
      23
      27
      28
      31
      25
      36
      19
      40
      28
      30
      23
      17
      32
      28
      39
      23
      27
      30
      28
      45
      34
      24
      29
      21
      20
      28
      21
      18
      29
      28
      35
      26
      36
      26
      33
      31
      24
      32
      27
      24
      32
      25
      22
      24
      34
      33
      20
      26
      27
      41
      32
      29
      25
      22
      26
      30
      30
      28
      22
      26
      38
      19
      25
      26
      27
      25
      27
      34
      21
      20
      26
      29
      31
      20
      25
      18
      34
      26
      27
      31
      26
      37
      30
      29
      31
      21
      27
      27
      25
      29
      24
      26
      21
      27
      19
      24
      30
      32
      28
      28
      21
      15
      17
      29
      26
      31
      35
      23
      24
      22
      17
      29
      25
      16
      30
      26
      20
      24
      29
      27
      18
      24
      26
      24
      38
      29
      31
      28
      22
      36
      21
      16
      22
      32
      21
      21
      28
      32
      25
      32
      22
      22
      25
      27
      23
      31
      23
      24
      20
      28
      22
      30
      33
      30
      27
      27
      34
      26
      22
      26
      16
      33
      31
      28
      27
      23
      31
      24
      31
      31
      21
      21
      21
      27
      31
      26
      24
      26
      32
      26
      33
      23
      25
      27
      32
      30
      24
      15
      22
      26
      33
      28
      30
      32
      25
      33
      25
      29
      28
      28
      26
      18
      23
      41
      36
      19
      26
      28
      34
      30
      28
      27
      31
      20
      31
      27
      31
      29
      29
      27
      29
      26
      25
      22
      37
      32
      19
      18
      25
      35
      28
      28
      27
      23
      25
      28
      30
      29
      35
      32
      36
      32
      19
      31
      24
      29
      27
      22
      32
      26
      33
      20
      25
      28
      24
      33
      21
      32
      37
      33
      20
      24
      23
      21
      28
      20
      21
      21
      16
      26
      21
      42
      23
      27
      25
      36
      17
      26
      27
      25
      39
      33
      28
      22
      22
      32
      24
      19
      26
      26
      30
      32
      32
      31
      24
      28
      34
      25
      27
      26
      33
      23
      37
      31
      23
      24
      31
      31
      23
      25
      37
      19
      32
      20
      32
      23
      27
      24
      37
      15
      32
      32
      25
      27
      16
      31
      23
      31
      25
      29
      30
      31
      28
      30
      26
      28
      31
      28
      27
      14
      25
      33
      28
      23
      21
      22
      12
      21
      24
      22
      27
      22
      34
      24
      25
      28
      17
      28
      27
      38
      26
      32
      26
      36
      23
      23
      28
      26
      20
      29
      25
      24
      31
      20
      29
      25
      28
      26
      33
      24
      34
      26
      20
      19
      29
      36
      26
      24
      32
      28
      26
      30
      29
      21
      25
      25
      30
      36
      36
      26
      28
      35
      24
      20
      19
      24
      17
      29
      20
      25
      30
      23
      32
      26
      21
      24
      27
      34
      19
      27
      24
      21
      20
      30
      31
      27
      36
      30
      19
      27
      26
      38
      18
      32
      26
      29
      26
      30
      24
      20
      30
      31
      18
      35
      25
      27
      29
      35
      32
      29
      14
      24
      20
      27
      26
      32
      26
      26
      32
      37
      27
      28
      22
      24
      33
      27
      32
      32
      23
      25
      27
      28
      25
      21
      16
      21
      21
      24
      30
      21
      26
      29
      27
      28
      16
      21
      26
      19
      31
      26
      31
      24
      15
      20
      31
      30
      26
      22
      25
      21
      29
      28
      27
      31
      23
      28
      35
      28
      19
      24
      31
      34
      40
      34
      35
      33
      33
      20
      32
      23
      21
      26
      34
      30
      27
      36
      24
      28
      32
      20
      35
      25
      29
      35
      34
      24
      29
      27
      25
      41
      30
      26
      25
      26
      28
      26
      23
      22
      25
      20
      31
      29
      33
      30
      23
      37
      21
      31
      28
      21
      31
      27
      27
      23
      32
      33
      32
      33
      20
      25
      24
      38
      27
      23
      28
      23
      32
      35
      31
      26
      27
      27
      36
      29
      28
      28
      37
      36
      31
      43
      27
      29
      28
      27
      27
      30
      30
      32
      29
      37
      33
      38
      25
      30
      33
      25
      31
      23
      23
      25
      31
      30
      36
      28
      26
      37
      33
      26
      30
      36
      35
      28
      40
      19
      33
      41
      24
      36
      36
      28
      23
      35
      23
      27
      29
      32
      28
      25
      33
      38
      19
      34
      31
      39
      28
      35
      38
      30
      42
      28
      30
      31
      33
      25
      35
      37
      28
      27
      28
      30
      31
      44
      38
      27
      33
      29
      32
      26
      35
      33
      24
      35
      36
      30
      28
      33
      29
      33
      24
      25
      29
      29
      34
      26
      31
      33
      34
      30
      26
      28
      30
      19
      31
      36
      33
      26
      36
      27
      21
      29
      23
      25
      37
      22
      29
      39
      25
      33
      34
      21
      28
      24
      27
      31
      26
      37
      27
      29
      35
      31
      26
      29
      32
      22
      33
      32
      31
      24
      38
      28
      27
      30
      38
      34
      30
      27
      28
      24
      26
      36
      26
      19
      29
      29
      23
      27
      35
      34
      24
      27
      33
      39
      26
      21
      40
      27
      22
      23
      29
      38
      30
      31
      21
      32
      36
      30
      19
      26
      15
      23
      26
      32
      21
      36
      27
      30
      31
      26
      28
      29
      26
      30
      27
      31
      28
      27
      29
      38
      30
      25
      32
      23
      28
      27
      24
      30
      34
      25
      29
      29
      32
      32
      28
      20
      31
      25
      23
      35
      24
      27
      29
      23
      22
      25
      25
      33
      23
      34
      21
      25
      24
      30
      30
      25
      18
      27
      35
      28
      27
      28
      17
      30
      27
      16
      35
      27
      24
      24
      25
      29
      21
      23
      37
      23
      28
      33
      23
      28
      42
      35
      32
      36
      25
      30
      28
      29
      38
      25
      27
      29
      25
      29
      27
      23
      22
      25
      27
      34
      32
      25
      29
      23
      16
      27
      30
      32
      31
      31
      30
      28
      25
      24
      33
      30
      29
      30
      30
      26
      33
      26
      26
      25
      28
      28
      30
      25
      28
      17
      31
      28
      32
      27
      19
      34
      29
      36
      25
      24
      27
      25
      23
      28
      22
      25
      16
      26
      26
      42
      35
      30
      31
      33
      19
      34
      24
      36
      28
      33
      31
      29
      20
      20
      23
      25
      30
      34
      30
      27
      35
      25
      18
      33
      25
      33
      22
      31
      23
      34
      25
      31
      21
      30
      32
      27
      35
      26
      24
      28
      37
      26
      21
      29
      26
      32
      25
      25
      29
      16
      27
      23
      32
      41
      29
      37
      32
      26
      20
      25
      19
      29
      31
      19
      29
      32
      31
      19
      16
      24
      25
      27
      18
      24
      21
      25
      30
      35
      32
      30
      26
      28
      28
      31
      22
      26
      30
      25
      30
      22
      29
      27
      26
      17
      40
      21
      28
      21
      33
      31
      29
      21
      27
      25
      26
      34
      28
      25
      21
      20
      30
      18
      30
      34
      32
      23
      25
      22
      31
      29
      21
      28
      34
      30
      36
      17
      36
      33
      26
      24
      26
      36
      26
      38
      28
      30
      26
      35
      27
      20
      20
      30
      26
      23
      27
      21
      29
      31
      26
      25
      30
      30
      22
      22
      21
      34
      22
      20
      27
      34
      27
      29
      22
      26
      29
      31
      28
      34
      23
      25
      22
      29
      31
      25
      28
      18
      13
      39
      26
      23
      19
      23
      21
      24
      16
      21
      23
      19
      30
      27
      22
      32
      25
      28
      29
      23
      21
      25
      31
      16
      33
      26
      32
      28
      33
      23
      23
      44
      33
      28
      34
      26
      38
      34
      30
      23
      32
      28
      22
      30
      27
      30
      31
      27
      34
      26
      25
      22
      24
      25
      26
      25
      30
      26
      34
      39
      24
      28
      24
      22
      33
      31
      30
      27
      30
      32
      38
      29
      27
      43
      28
      37
      22
      34
      35
      29
      31
      20
      29
      26
      28
      25
      30
      20
      39
      31
      18
      22
      28
      17
      30
      25
      31
      21
      22
      38
      27
      24
      29
      30
      31
      35
      25
      34
      35
      31
      36
      17
      22
      25
      24
      27
      39
      37
      30
      22
      28
      23
      30
      28
      28
      27
      29
      29
      25
      35
      22
      30
      25
      27
      24
      28
      20
      33
      23
      20
      36
      25
      29
      23
      21
      19
      22
      29
      34
      33
      35
      27
      27
      28
      36
      21
      31
      24
      29
      30
      22
      27
      28
      29
      28
      27
      23
      30
      28
      19
      28
      18
      26
      38
      30
      30
      27
      27
      34
      21
      26
      28
      29
      25
      23
      28
      31
      47
      28
      18
      32
      27
      26
      28
      30
      24
      23
      29
      17
      26
      49
      25
      26
      41
      36
      29
      26
      22
      25
      33
      24
      16
      25
      29
      30
      34
      27
      25
      26
      24
      28
      35
      22
      16
      35
      21
      28
      27
      28
      27
      22
      38
      29
      34
      21
      39
      25
      36
      21
      31
      22
      27
      38
      19
      30
      15
      40
      33
      38
      34
      27
      25
      26
      26
      16
      24
      24
      30
      19
      35
      41
      35
      29
      20
      27
      16
      23
      32
      28
      34
      37
      30
      27
      24
      23
      21
      21
      21
      32
      27
      26
      26
      28
      25
      27
      30
      33
      21
      39
      22
      24
      31
      25
      30
      25
      31
      21
      35
      26
      21
      24
      31
      31
      24
      30
      20
      29
      29
      29
      22
      28
      39
      33
      31
      27
      28
      15
      27
      31
      31
      21
      39
      26
      26
      22
      17
      25
      19
      27
      33
      34
      27
      28
      27
      32
      29
      27
      28
      20
      16
      30
      25
      28
      26
      33
      16
      27
      33
      22
      26
      27
      23
      30
      33
      19
      22
      27
      18
      28
      33
      43
      28
      27
      24
      32
      29
      23
      24
      29
      23
      21
      35
      27
      28
      34
      38
      43
      28
      30
      22
      28
      29
      25
      25
      18
      30
      32
      24
      31
      24
      31
      26
      29
      20
      44
      22
      26
      21
      35
      21
      33
      36
      34
      39
      29
      21
      18
      25
      28
      26
      28
      41
      25
      25
      27
      20
      44
      30
      16
      23
      25
      33
      29
      26
      30
      35
      33
      23
      34
      24
      36
      21
      23
      21
      35
      18
      26
      23
      30
      34
      24
      42
      20
      31
      28
      34
      32
      38
      15
      28
      26
      22
      20
      28
      33
      18
      33
      32
      25
      33
      27
      34
      24
      27
      23
      23
      21
      23
      29
      24
      24
      34
      25
      24
      23
      22
      19
      30
      29
      25
      29
      29
      32
      20
      28
      29
      27
      31
      26
      28
      30
      31
      24
      41
      28
      30
      29
      28
      32
      33
      30
      24
      25
      21
      28
      24
      27
      28
      30
      28
      32
      29
      26
      25
      30
      20
      25
      31
      26
      21
      29
      27
      27
      22
      37
      24
      33
      32
      29
      40
      39
      23
      35
      28
      29
      15
      24
      28
      28
      27
      20
      30
      36
      22
      27
      23
      27
      35
      28
      25
      31
      26
      26
      36
      22
      32
      31
      25
      38
      25
      23
      36
      33
      25
      26
      30
      33
      31
      28
      26
      31
      26
      26
      24
      27
      26
      28
      33
      37
      33
      34
      25
      15
      25
      35
      19
      25
      25
      38
      26
      29
      25
      31
      33
      30
      25
      29
      30
      22
      37
      16
      33
      19
      31
      27
      32
      35
      16
      23
      23
      28
      27
      32
      30
      29
      28
      30
      32
      31
      32
      36
      32
      23
      31
      25
      29
      31
      36
      34
      32
      35
      26
      30
      30
      28
      27
      27
      34
      27
      30
      27
      31
      24
      31
      23
      23
      19
      28
      32
      33
      31
      20
      39
      27
      25
      37
      34
      32
      35
      26
      27
      23
      36
      25
      25
      36
      29
      29
      32
      30
      32
      27
      33
      33
      32
      31
      44
      32
      28
      30
      31
      29
      30
      27
      31
      26
      38
      22
      32
      30
      38
      32
      32
      46
      29
      28
      24
      26
      35
      28
      28
      30
      21
      33
      35
      28
      31
      26
      35
      37
      43
      36
      29
      24
      38
      30
      27
      25
      30
      33
      21
      46
      26
      26
      28
      36
      35
      37
      35
      31
      27
      23
      32
      27
      26
      33
      31
      26
      43
      31
      33
      37
      27
      22
      34
      37
      25
      33
      24
      32
      21
      23
      35
      39
      32
      35
      39
      35
      35
      28
      33
      33
      26
      28
      32
      43
      32
      34
      35
      34
      38
      32
      43
      35
      31
      44
      39
      30
      35
      39
      33
      37
      26
      26
      40
      28
      30
      27
      30
      26
      25
      38
      37
      32
      31
      41
      23
      26
      26
      33
      18
      33
      36
      30
      29
      28
      47
      36
      35
      46
      30
      30
      29
      29
      28
      28
      28
      29
      30
      29
      28
      29
      26
      27
      35
      31
      38
      21
      39
      29
      38
      33
      19
      31
      43
      36
      22
      36
      21
      37
      36
      41
      36
      34
      39
      23
      21
      24
      37
      31
      33
      35
      34
      37
      32
      23
      26
      37
      49
      38
      38
      38
      27
      36
      29
      39
      41
      38
      30
      30
      26
      30
      33
      33
      26
      22
      35
      30
      30
      29
      31
      31
      31
      27
      30
      31
      22
      29
      36
      42
      34
      40
      42
      19
      32
      21
      45
      40
      40
      33
      37
      35
      36
      33
      28
      33
      35
      36
      33
      28
      43
      37
      36
      32
      33
      32
      38
      35
      46
      38
      27
      36
      34
      38
      41
      37
      29
      30
      26
      29
      27
      37
      39
      40
      38
      33
      28
      27
      38
      43
      21
      32
      48
      30
      27
      39
      34
      40
      29
      35
      28
      25
      24
      34
      23
      25
      41
      20
      33
      30
      38
      31
      38
      34
      26
      33
      24
      36
      29
      36
      26
      22
      24
      30
      36
      39
      32
      34
      36
      25
      28
      34
      42
      27
      35
      38
      40
      36
      44
      40
      37
      41
      29
      34
      33
      32
      37
      36
      29
      32
      29
      31
      32
      28
      20
      36
      29
      30
      38
      30
      33
      23
      27
      33
      39
      29
      43
      38
      32
      38
      46
      34
      30
      31
      36
      34
      33
      38
      40
      30
      29
      23
      27
      31
      37
      24
      31
      38
      37
      25
      27
      21
      28
      27
      11
      30
      23
      40
      18
      23
      38
      33
      35
      25
      35
      34
      27
      23
      23
      30
      25
      16
      31
      23
      28
      23
      24
      23
      30
      34
      29
      27
      23
      22
      32
      31
      20
      21
      17
      14
      33
      25
      22
      18
      18
      22
      21
      15
      23
      19
      20
      26
      13
      25
      19
      22
      23
      24
      12
      20
      28
      15
      28
      16
      20
      19
      26
      18
      28
      13
      21
      18
      18
      27
      21
      20
      26
      17
      15
      16
      17
      20
       7
      20
      17
      20
      22
      12
      21
      17
      21
      17
      19
      16
      23
      20
      19
      18
      22
      20
      23
      22
      22
      18
      20
      17
      22
      21
      12
      23
      16
      17
      16
      21
      28
      19
      20
      22
      30
      10
      19
      13
      27
      29
      16
      20
      20
      21
      22
      15
      14
      12
      22
      19
      12
      23
      12
      19
      10
      15
      17
      15
      20
      19
      13
      18
       9
      20
      15
      17
      25
      18
      11
      17
      18
      15
      18
      24
       9
      28
      17
      10
      25
      19
      15
      15
      15
      15
      14
      17
      11
      21
      24
       7
      20
      16
      29
      24
      11
      19
      13
      19
      19
      14
      17
      22
      23
      11
      20
      14
      15
      12
      16
      12
      19
      16
      22
      20
      15
      21
      13
      19
      20
      19
      14
      17
      15
      13
      19
      22
      19
      20
      16
      19
      16
      20
      19
      14
      17
      12
      15
      22
      10
      20
      12
      15
      12
      16
      22
      19
      12
      11
      15
       8
      17
      19
      19
      10
      16
      17
      13
      25
      26
      15
      25
      14
      11
      16
      16
      15
      17
       7
      19
      13
      19
      17
      15
      20
      17
      17
      21
      17
      15
      15
      18
      16
      10
      12
      20
      18
      11
      22
      16
      15
      11
      17
      19
      25
      12
       9
       9
       9
      10
      12
      10
      17
      20
      12
      18
      11
      11
      17
      17
      13
       7
      13
       9
      21
      20
      17
      13
      14
      18
      15
      14
      11
      13
      16
      21
      16
      16
      17
       4
      18
      20
      11
      21
       6
      10
      14
       9
      14
      17
      16
      17
      13
      14
      11
      18
      12
      15
      19
      14
      12
      16
      11
      11
      11
      12
      16
      16
      11
      14
      18
      13
      12
      17
      11
       7
      11
      10
      14
      19
      21
      11
      12
      11
      13
      20
      11
      14
       8
       9
      16
      15
      12
      12
      19
      10
      13
      10
      14
      20
      19
      17
      19
       8
      15
       9
      19
      16
       6
      12
      11
      19
      13
       7
      13
      12
      15
      12
       7
      10
      15
      16
      16
      13
       9
      14
      17
      15
      10
      18
      14
       8
      15
       9
      14
      10
      16
       8
       7
      14
      18
      13
       8
      13
      14
      13
      15
       9
      14
      13
      15
      10
      10
      10
      12
      17
      15
      17
      13
      14
      17
      17
      14
      13
      13
      10
      12
       7
      13
      15
      13
      12
      11
      14
       9
      12
       8
      11
       8
       8
      11
      13
      13
       9
      13
       8
      13
      14
      16
      13
      13
      11
      12
       7
      18
      14
      10
       9
      12
      10
      10
       6
       9
      11
       8
      16
       8
       9
      11
      14
      17
      12
      10
      10
      12
       9
      13
      14
      13
      11
      12
      14
      11
      11
      13
      12
      12
      17
      13
       7
       9
      14
       7
       8
      12
       9
      10
      13
      10
      13
      11
      14
      12
      13
      10
      14
       7
      15
      12
       8
       8
      10
      11
      11
      10
      16
       9
      10
      12
      12
      12
       9
      16
      14
      11
      14
      11
       6
       6
      14
      13
      10
       9
      13
      12
      14
      11
      12
      10
      11
      18
       9
      10
      11
      15
      12
      11
       8
      12
       4
      20
      15
      10
      15
      11
      16
      10
      14
      11
      11
       9
      11
       7
      12
      12
       4
       8
      14
       7
      10
      10
       7
       5
      13
       7
      19
       6
       9
      12
      10
       9
      15
      10
      15
      11
       9
       7
       7
      15
      18
       7
       4
      13
      13
       7
       6
      12
       7
       8
      14
      13
      12
      12
      12
      12
      12
      13
      10
      11
      12
      16
      16
       9
       8
      15
       5
       5
      15
       9
       8
       8
      11
      10
      16
      13
       9
      13
      13
      11
       9
       7
       5
      13
      15
       9
      10
      10
      11
      13
      12
       7
      15
       8
      13
      10
      10
      10
       9
       6
       7
       8
       5
       8
      13
       5
       7
      11
       9
       9
      13
      11
       3
       7
       7
       9
       8
      10
       6
       5
       8
      12
       8
      16
       5
      11
      12
      16
       7
       9
       6
       7
       5
       8
       6
       8
      11
       8
       8
       6
      10
       7
      14
      10
       7
       9
       9
       5
       8
       8
       8
       9
      10
       9
      14
      10
      10
       8
       7
       5
      10
       8
       9
       3
      11
      10
       9
       9
      10
       7
      11
       7
      10
       8
       8
       6
       8
      11
      11
       3
       5
       8
      10
       6
       5
       5
       7
       3
       8
      14
      14
       4
       4
      11
       8
       8
      12
       8
      10
       5
       4
      11
       5
       9
       6
       2
       6
       8
       8
      11
      15
       8
      10
      14
      11
       8
      11
       5
       9
       7
       7
       3
       7
      12
       8
       6
       5
      12
       8
      12
      11
       7
       7
       9
      11
      10
       9
      13
      10
       8
      11
       6
       7
      11
       7
      11
       7
       7
       5
       5
       8
       4
       8
      12
       9
       9
       8
       6
      11
       5
      10
       3
       4
       3
       9
       3
       9
       6
       9
      11
       9
       8
      11
      13
      11
      12
       8
       9
       3
      15
       7
       4
      11
       4
       8
       3
       9
       9
       2
       7
       7
       7
       7
      11
       8
      10
       9
       7
       5
      16
       6
       8
      11
      10
       5
       5
       8
       8
      13
      13
       7
       6
      10
       7
       8
       3
       9
       7
       8
       8
       8
       8
       9
       5
       5
      12
      10
       6
       9
       8
       7
       9
       8
      13
       9
       6
      11
      10
      13
       7
      12
       8
       7
       7
       8
      10
       9
      12
       8
       7
       8
      12
      10
       8
      14
      14
       5
      13
      11
       7
       5
      11
       8
      11
       6
       3
      11
       6
       9
      11
       9
       5
      13
       7
       5
       7
       4
      10
       7
       4
       9
       4
       7
      11
       6
       6
      12
      12
      10
       8
       7
       9
       5
       6
       5
       1
       5
       7
      11
       9
      13
      11
       8
      13
      10
      10
      10
      10
       9
       8
       6
       9
       9
       6
      16
      11
       4
       9
      10
       6
       9
      11
       7
       8
       7
       3
       7
       5
       9
       9
      10
       9
       1
       6
       8
       6
      10
      11
      12
       8
       5
      13
       6
       9
       9
       6
       5
       8
      14
      12
       6
       9
       1
       6
      12
       8
      11
       8
       3
       8
       9
       6
       9
      10
      10
       6
       8
       8
       6
       8
       5
      13
      11
       9
       5
       6
       7
       8
       9
      17
      12
       7
      17
       6
       7
      13
      11
       7
       4
      15
       5
      10
       2
       3
       9
      15
      12
       3
       2
      14
       9
       9
      11
       8
       8
       5
      12
      10
       4
       9
       7
       5
       3
      11
       7
       8
       3
      11
       7
       7
      10
       6
       8
      12
       8
       5
      10
       3
      10
      12
       5
       7
       9
       5
      11
       8
       7
       5
      10
       6
       9
       7
       2
       6
      13
       8
       8
       8
       8
       4
       8
       5
      12
       5
       4
       5
       7
       5
      10
       4
       5
       7
       2
       8
       8
      12
       8
       9
      11
       6
      10
       7
       7
       4
       8
      10
       8
       7
      12
       6
      13
       6
       4
       8
       9
      10
       6
       5
       5
       7
       8
       9
      10
       7
       4
      10
       6
       5
      11
       7
       5
       4
       6
       5
       5
       5
       8
       7
       4
       6
       6
      10
       4
      12
       4
       4
       2
       8
       9
       7
       9
      12
       4
      11
       7
       2
       4
       7
      10
       5
       5
       5
       6
      11
      11
       7
       5
       5
       4
      10
       5
       7
      12
      13
       5
       4
      11
      10
       7
       8
       8
       6
       7
      10
       4
      13
       8
      10
       6
       6
       9
      13
       4
       6
       6
       9
       7
       7
       6
       8
       8
       6
      11
       7
       6
      11
       6
       4
       4
       4
       3
       8
       7
      10
       8
       6
      13
       3
       9
      11
       4
       5
       3
       7
      13
       8
      10
       6
      11
      10
       7
       3
       6
      10
      11
      11
       5
       5
       7
       8
       9
       6
       3
       5
       6
       8
       3
      10
       6
       8
       6
       9
      11
      12
       6
      11
       9
       7
       6
       5
       6
       6
       8
       5
       6
      10
       7
       9
       3
       9
      12
       7
       6
       8
       9
      11
       1
       3
      10
       7
       5
       4
      10
       9
       7
       6
       8
       5
       8
       8
       3
       7
       4
       9
      10
       9
       5
       6
       5
       6
       5
       9
       5
       5
       3
       9
       5
      10
       8
       5
       9
      13
       5
       8
       7
       4
      15
       9
       5
       4
       8
       6
       7
       6
       6
      10
       7
       6
       6
       7
       6
       3
       4
       7
       5
       7
      12
       8
      10
       7
      11
       4
       8
       7
       6
       4
       6
       6
       8
       9
       8
      10
      11
       5
       6
       8
       6
       7
       4
      11
       5
       3
       6
       8
       3
       6
      10
      10
       6
       7
       5
       6
       3
       8
      12
       8
       8
       4
       9
       6
      10
       8
       4
       8
       4
       6
       9
      12
       7
       5
       3
       6
       7
      15
      11
       5
      10
       6
       7
       9
       8
       4
       6
       7
      10
       5
       5
       7
       8
       6
       4
       7
       4
      10
      12
       5
       1
       3
      12
       6
      12
       9
       8
       6
      14
       4
       5
       7
       8
       8
       9
       7
      11
       6
       6
       6
       7
       2
       3
       2
       5
      14
       8
      10
       9
      12
       6
       3
      11
       6
       5
       6
       7
       9
       9
       3
      12
       2
       7
       4
       9
       9
      10
       6
      15
       8
       7
       7
      11
       3
      11
       6
       7
      11
       6
       2
       6
      10
      10
      11
       6
       8
       7
       4
       7
       7
      11
       5
       8
       9
       7
       9
       4
      10
       6
       4
       9
       6
      10
      11
      14
       6
       7
      14
      15
      16
      24
      17
      10
      17
      18
      20
      26
      22
      25
      20
      23
      20
      24
      34
      37
      30
      29
      29
      45
      34
      31
      37
      43
      36
      55
      51
      65
      51
      46
      54
      50
      53
      59
      69
      75
      81
      79
      91
     114
     108
     114
     129
     131
     124
     111
     134
     151
     176
     179
     186
     196
     229
     225
     239
     223
     247
     292
     275
     316
     311
     286
     338
     334
     349
     384
     385
     389
     368
     370
     441
     417
     427
     449
     447
     479
     418
     464
     452
     466
     453
     451
     446
     438
     475
     442
     445
     419
     385
     392
     364
     411
     403
     392
     334
     348
     351
     343
     296
     320
     292
     281
     277
     272
     245
     202
     261
     200
     215
     201
     187
     165
     151
     135
     108
     116
     139
     116
     116
     115
      85
      76
      81
      80
      72
      74
      81
      53
      45
      47
      49
      41
      31
      35
      35
      37
      26
      33
      21
      26
      15
      16
      26
      18
      28
      11
      10
      14
      10
      13
      16
      11
      15
      15
       3
      10
       8
       8
       8
       5
       7
       7
       5
       5
       7
       7
       6
       8
       3
       5
       3
       0
       6
       4
       4
       3
       7
       1
       7
       2
       6
       3
       4
       5
       3
       3
       2
       0
       2
       2
       5
       6
       6
       7
       1
       5
       2
       5
       3
       4
       6
       2
       5
       2
       0
       5
       4
       5
       2
       6
       4
       5
       1
       3
       4
       3
       3
       3
       5
       3
       3
       2
       2
       3
       4
       1
       4
       3
       4
       4
       4
       5
       4
       4
       5
       3
       6
       5
       3
       3
       3
       1
       4
       2
       6
       3
       5
       2
       3
       5
       2
       0
       4
       6
       7
       2
       8
       1
       5
       3
       4
       4
       3
       4
       9
       5
       1
       2
       3
       6
       3
       6
       5
       4
       7
       2
       2
       6
       2
       5
       2
       4
       3
       1
       5
       4
       9
       4
       4
       1
       2
       8
       3
       2
       5
       5
       4
       2
       2
       2
       4
       4
       5
       4
       5
       3
       4
       4
       5
       5
       3
       7
       5
       3
       3
       5
       3
       4
       2
       2
       3
       5
       7
       3
       3
       2
       3
       1
       0
       5
       4
       6
       5
       1
       3
       3
       4
       8
       5
       8
       6
       4
       2
       2
       3
       2
       3
       5
       4
       6
       4
       5
       2
       2
       4
       2
       5
       2
       7
       2
       3
       4
       3
       4
       5
      10
       3
       4
       1
       4
       4
       2
       6
       5
       7
       2
       1
       4
       5
       2
       4
       5
       2
       4
       4
       0
       4
       2
       1
       7
       3
       5
       3
       1
       2
       3
       5
       2
       2
       3
       1
       3
       4
       3
       4
       6
       4
       2
       2
       4
       3
       1
       1
       2
       2
       4
       4
       6
       3
       1
       4
       0
       5
       4
       3
       6
       4
       4
       5
       5
       7
       6
       4
       7
       4
       4
       6
       3
       2
       3
       5
       3
       3
       9
       2
       1
       4
       7
       2
       8
       1
       1
       0
       5
       3
       6
       5
       2
       2
       2
       5
       2
       2
       2
       6
       8
       3
       4
       3
       3
       5
       5
       5
       2
       4
       4
       4
       7
       4
       7
       3
       1
       5
       1
       2
       4
       2
       4
       2
       4
       6
       1
       5
       3
       5
       7
       0
       0
       4
       5
       2
       3
       4
       3
       6
       6
       1
       5
       6
       5
       2
       2
       2
       4
       6
       4
       1
       3
       2
       7
       3
       4
       2
       3
       3
       3
       4
       3
       6
       5
       1
       2
       6
       5
       5
       5
       4
       2
       3
       2
       5
       2
       1
       2
       6
       7
       0
       3
       3
       3
       5
       3
       3
       5
      11
       3
       4
       7
       2
       2
       3
       6
       3
       3
       2
       3
       5
       3
       4
       2
       1
      10
       2
       5
       6
       5
       5
       6
       2
       4
       8
       3
       1
       5
       4
       1
       5
       0
       4
       3
       3
       1
       4
       3
       1
       7
       8
       3
       3
       1
       6
       8
       4
       1
       3
       5
       4
       3
       9
       6
       4
       4
       2
       6
       2
       5
       1
       2
       6
       3
       4
       2
       4
       2
       2
       6
       5
       4
       4
       4
       3
       1
       4
       4
       5
       4
       1
       4
       3
       2
       3
       3
       5
       7
       4
       4
       2
       1
       3
       2
       5
       1
       5
       4
       4
       5
       2
       3
       5
       7
       0
       3
       4
       4
       3
       1
       5
       3
       4
       4
       3
       4
       3
       0
       5
       2
       4
       5
       4
       2
       4
       4
       2
       4
       2
       2
       3
       2
       3
       3
       4
       6
       6
       3
       2
       2
       3
       2
       4
       5
       6
       3
       5
       2
       2
       3
       1
       3
       4
       3
       6
       6
       5
       1
       5
       2
       1
      10
       4
       2
       3
       3
       4
       3
       6
       7
       3
       3
       4
       0
       5
       5
       3
       4
       3
       4
       4
       1
       7
       0
       1
       2
       3
       5
       3
       1
       4
       4
       1
       7
       4
       2
       3
       7
       1
       8
       7
       3
       5
       3
       5
       4
       6
       1
       3
       3
       8
       1
       5
       4
       4
       4
       5
       9
       7
       2
       5
       6
       4
       5
       7
       2
       3
       1
       7
       4
       5
       2
       4
       5
       6
       3
       2
       1
       4
       2
       5
       3
       0
       3
       7
       5
       2
       1
       4
      11
       5
       1
       1
       7
       2
       5
       4
       6
       3
       5
       4
       7
       5
       3
       5
       1
       5
       3
       4
       1
       5
       4
       6
       2
       6
       8
       1
       4
       3
       5
       2
       3
       1
       7
       7
       7
       9
       2
       3
       6
       1
       8
       2
       4
       3
       4
       2
       0
       5
       2
       2
       5
       4
       6
       4
       1
       3
       0
       1
       6
       6
       4
       3
       6
       2
       5
       5
       2
       5
       3
       5
       2
       2
       2
       5
       3
       3
       2
       6
       4
       1
       3
       0
       3
       2
       4
       2
       6
       4
       1
       1
       5
       4
       2
       1
       4
       3
       2
       3
       6
       5
       3
       4
       4
       1
       4
       4
       4
       6
       5
       5
       7
       6
       1
       3
       1
       8
       7
       3
       2
       2
       6
       1
       2
       7
       7
       4
       1
       5
       3
       3
       3
       4
       4
       4
       4
       2
       4
       6
       4
       6
       4
       5
       5
       2
       9
       3
       1
       3
       7
       3
       5
       1
       3
       7
       2
       4
       5
       2
       6
       7
       4
       7
       3
       7
       4
       5
       7
       1
       5
       4
       3
       2
       2
       2
       5
       5
       2
       7
       6
       4
       3
       5
       4
       4
       7
       3
       4
       5
       4
       6
       4
       4
       3
       3
       4
       5
       5
       3
       3
       6
       4
       2
       2
       1
       2
       5
       6
       5
       3
       1
       3
       4
       6
       3
       4
       5
       5
       8
       6
       5
       6
       4
       1
       2
       5
       4
       1
       7
       3
       3
       7
       1
       4
       6
       3
       4
       4
       4
       4
       4
       2
       3
       3
       4
       5
       5
       4
       4
       6
       1
       3
       5
       4
       3
       3
       2
       3
       1
       6
       5
       6
       2
       4
       4
       7
       4
       1
       2
       3
       6
       6
       6
       1
       8
       1
       1
       6
       6
       3
       4
       6
       4
       2
       2
       2
       5
       1
       4
       1
       3
       3
       5
       5
       0
       0
       3
       1
       4
       5
       3
       2
       2
       4
       4
       3
       6
       3
       1
       2
       5
       4
       6
       1
       6
       1
       3
       1
       3
       4
       1
       4
       2
       4
       0
       5
       3
       5
       4
       3
       3
       1
       4
       5
       2
       4
       0
       6
       3
       1
       4
       1
       4
       6
       3
       4
       6
       5
       4
       0
       6
       1
       4
       5
       1
       2
       2
       2
       6
       4
       3
       5
       5
       2
       4
       2
       2
       1
       3
       3
       6
       2
       3
       2
       3
       1
       4
       5
       2
       6
       2
       3
       2
       8
       2
       3
       3
       4
       2
       1
       3
       4
       4
       1
       2
       2
       1
       3
       3
       2
       6
       3
       4
       9
       2
       0
       2
       3
       6
       3
       8
       3
       2
       9
       2
       4
       1
       8
       6
       3
       7
       3
       6
       2
       0
       6
       5
       5
       3
       3
       3
       2
       4
       1
       9
       2
       2
       2
       0
       4
       4
       3
       7
       0
       7
       4
       2
       3
       2
       3
       3
       2
       3
       3
       1
       6
       2
       6
       4
       2
       9
       2
       4
       2
       3
       3
       2
       3
       2
       3
       3
       3
       2
       4
       4
       4
       4
       2
       3
       6
       4
       3
       2
       4
       2
       4
       4
       4
       3
       9
       2
       4
       3
       5
       3
       4
       3
       8
       2
      10
       2
       2
       0
       3
       5
       3
       6
       6
       6
       1
       4
       6
       4
       6
       3
       4
       4
       8
       3
       4
       3
       4
       4
       2
       4
       2
       5
       5
       5
       6
       4
       3
       6
       6
       2
       1
       2
       4
       3
       1
       5
       8
       5
       1
       5
       2
       6
       2
       5
       4
       5
       6
       2
       5
       2
       3
       4
       3
       1
       2
       7
       2
       2
       7
       4
       1
       0
       3
       2
       1
       5
       2
       4
       5
       5
       5
       3
       5
       4
       1
       1
       2
       2
       3
       3
       2
       7
       1
       2
       6
       1
       5
       4
       1
       4
       6
       1
       2
       5
       6
       3
       2
       5
       5
       1
       8
       2
       4
       0
       3
       0
       4
       3
       4
       5
       3
       5
       7
       5
       6
       2
       7
       4
       2
       7
       4
       4
       4
       3
       7
       3
       3
       2
       6
       4
       4
       4
       2
       2
       2
       2
       8
       4
       4
       4
       4
       2
       2
       9
       1
       1
       3
       4
       5
       4
       3
       4
       5
       1
       2
       4
       4
       5
       4
       2
       4
       4
       2
       0
       7
       2
       3
       6
       4
       1
       4
       5
       8
       0
       5
       3
       2
       7
       2
       2
       4
       5
       2
       4
       3
       3
       3
       3
       4
       4
       2
       2
       5
       5
       6
       6
       2
       3
       3
       6
       7
       3
       5
       4
       3
       4
       6
       6
       6
       1
       3
       2
       2
       4
       5
       3
       3
       2
       4
       1
       9
       2
       4
       3
       5
       7
       5
       7
       1
       3
       3
       4
       3
       2
       3
       5
       1
       1
       3
       3
       3
       1
       0
       4
       4
       1
       1
       2
       1
       2
       5
       4
       0
       5
       3
       4
       2
       3
       2
       2
       2
       6
       2
       4
       5
       2
       5
       6
       3
       3
       7
       4
       6
       4
       3
       3
       4
       6
       1
       3
       1
       2
       3
       3
       3
       3
       0
       4
       4
       6
       4
       3
       5
       5
       2
       4
       2
       4
       1
       3
       5
       2
       2
       1
       7
       2
       6
       6
       3
       8
       5
       4
       3
       2
       4
       4
       8
       2
       4
       4
       2
       5
       6
       2
       0
       0
       0
       4
       9
       2
       2
       6
       6
       8
       1
       4
       2
       5
       3
       3
       5
       4
       3
       1
       1
       0
       2
       5
       2
       4
       3
       6
       4
       0
       3
       5
       2
       2
       3
       3
       4
       1
       5
       8
       2
      11
       3
       3
       5
       5
       4
       3
       5
       1
       6
       4
       4
       3
       3
       4
       4
       2
       1
       2
       4
       4
       1
       2
       5
       7
       2
       0
       3
       2
       4
       5
       3
       3
       7
       2
       2
       1
       8
       6
       1
       5
       3
       4
       8
       4
       1
       3
       1
       2
       0
       7
       1
       2
       4
       2
       5
       5
       2
       2
       2
       3
       2
       3
       4
       1
       4
       1
       1
       3
       5
       4
       4
       3
       5
       3
       2
       7
       4
       2
       6
       1
       6
       4
       2
       7
       2
       3
       8
       5
       4
       2
       2
       3
       2
       4
       4
       2
       3
       3
       1
       1
       6
       5
       4
       3
       6
       3
       4
       5
       5
       3
       2
       4
       3
       2
       4
       4
       2
       2
       3
       4
       1
       2
       3
       2
       1
       4
       2
       3
       2
       3
       2
       1
       6
       4
       5
       4
       3
       2
       5
       4
       3
       4
       4
       3
       4
       2
       5
       3
       6
       9
       5
       1
       2
       3
       4
       3
       4
       3
       3
       4
       2
       3
       5
       4
       2
       0
       2
       1
       3
       8
       2
       1
       0
       5
       2
       6
       4
       3
       4
       3
       1
       3
       1
       3
       1
       5
       3
       2
       6
       2
       3
       3
       2
       4
       6
       3
       5
       8
       4
       2
       4
       0
       2
       4
       1
       3
       7
       5
       5
       2
       3
       2
       5
       4
       1
       4
       3
       4
       2
       4
       4
       3
       2
       3
       3
       4
       3
       3
       7
       2
       4
       1
       4
       3
       5
       2
       5
       2
       4
       5
       2
       3
       2
       2
       4
       3
       6
       5
       3
       4
       4
       5
       1
       2
       9
       4
       4
       7
       5
       6
       1
       3
       2
       0
       3
       4
       0
       5
       2
       2
       6
       7
       5
       3
       3
       5
       3
       3
       5
       2
       9
       2
       6
       3
       1
       3
       2
       4
       2
       4
       5
       2
       4
       2
       6
       4
       1
       2
       8
       2
       2
       4
       5
       4
       5
       4
       1
       3
       1
       4
       2
       6
       6
       4
       3
       3
       7
       2
       3
       4
       1
       4
       4
       6
       3
       7
       3
       5
       3
       2
       5
       5
       3
       4
       3
       3
       7
       5
       4
       3
       2
       0
       6
       4
       4
       4
       4
       4
       3
       0
       5
       5
       4
       3
       1
      12
       4
       4
       3
       1
       4
       3
       2
       8
       8
       2
       7
       8
       4
       3
       2
       0
       2
       3
       4
       2
       5
       1
       3
       5
       4
       3
       7
       4
       9
       5
       6
       3
       3
       6
       3
       3
       4
       3
       1
       1
       5
       5
       3
       0
       3
       4
       5
       1
       3
       4
       1
       4
       4
       3
       3
       8
       6
       2
       4
       4
       2
       3
       3
       1
       4
       3
       3
       3
       7
       3
       3
       1
       4
       0
       5
       2
       3
       4
       4
       4
       3
       0
       3
       4
       2
       5
       2
       2
       5
       4
       1
       2
       8
       1
       8
       3
       3
       3
       4
       3
       3
       4
       3
       1
       2
       5
       1
       2
       3
       3
       0
       5
       4
       2
       2
       5
       2
       1
       5
       3
       3
       1
       4
       3
       2
       2
       2
       4
       2
       3
       3
       4
       1
       5
       5
       0
       2
       4
       4
       3
       0
       1
       0
       2
       3
       6
       8
       3
       3
       1
       3
       1
       3
       3
       1
       1
       3
       4
       3
       5
       2
       3
       0
       6
       8
       2
       3
       2
       2
       5
       2
       2
       5
       5
       1
       4
       3
       6
       2
       8
       4
       5
       2
       2
       1
       4
       3
       4
       0
       2
       4
       8
       0
       3
       5
       6
       4
       2
       6
       3
       5
       1
       2
       7
       3
       3
       4
       4
       4
       1
       3
       2
       3
       2
       4
       6
       8
       4
       3
       4
       4
       3
       2
       3
       2
       4
       2
       2
       2
       0
       4
       1
       4
       5
       2
       3
       1
       1
       3
       2
       1
       9
       4
       6
       0
       3
       1
       2
       2
       0
       4
       2
       3
       3
       4
       3
       0
       2
       3
       3
       2
       1
       1
       2
       1
       5
       1
       5
       2
       3
       2
       9
       0
       2
       5
       2
       6
       2
       2
       5
       5
       3
       3
       2
       3
       3
       3
       6
       7
       4
       3
       7
       2
       3
       5
       3
       3
       6
       1
       6
       2
       2
       6
       3
       2
       1
       4
       3
       3
       6
       6
       4
       6
       5
       5
       2
       4
       6
       3
       2
       8
       5
       2
       3
       1
       4
       6
       6
       2
       4
       4
       2
       3
       4
       5
       1
       6
       3
       5
       4
       7
       2
       3
       2
       2
       2
       4
       3
       3
       3
       3
       2
       5
       2
       4
       3
       2
       6
       5
       4
       3
       2
       3
       3
       3
       6
       1
       5
       6
       3
       3
       2
       3
       4
       6
       2
       3
       1
       2
       3
       3
       4
       0
       2
       6
       6
       6
       4
       1
       6
       0
       2
       2
       3
       3
       2
       2
       6
       5
       5
       1
       6
       5
       4
       4
       4
       4
       3
       2
       3
       5
       7
       4
       6
       5
       4
       5
       4
       6
       2
       3
       5
       5
       6
       4
       1
       4
       3
       7
       3
       2
       2
       1
       2
       5
       5
       4
       4
       4
       3
       3
       4
       4
       0
       4
       4
       3
       5
       1
       6
       2
       3
       3
       3
       3
       1
       2
       3
       4
       4
       3
       4
       5
       5
       3
       3
       5
       2
       3
       4
       4
       2
       1
       4
       6
       2
       1
       2
       1
       5
       6
       4
       6
       1
       6
       2
       6
       0
       4
       6
       0
       3
       3
       5
       1
       3
       1
       0
       3
       2
       2
       6
       3
       8
       1
       4
       4
       2
       4
       6
       3
       5
       3
       7
       2
       2
       3
       2
       1
       5
       3
       3
       6
       5
       6
       7
       5
       5
       4
       3
       5
       4
       3
       6
       4
       4
       6
       2
       6
       4
       0
       0
       2
       3
       2
       3
       4
       1
       2
       3
       2
       5
       3
       0
       5
       1
       2
       3
       3
       2
       3
       2
       4
       1
       3
       7
       4
       3
       6
       2
       4
       6
       6
       1
       5
       6
       4
       3
       4
       2
       7
       0
       1
       4
       1
       0
       5
       5
       0
       3
       3
       7
       2
       7
       2
       5
       2
       8
       0
       3
       5
       2
       3
       2
       2
       4
       3
       2
       2
       6
       4
       3
       4
       6
       3
       3
       8
       4
       5
       4
       3
       7
       3
       5
       6
       2
       2
       3
       5
       6
       3
       4
       8
       2
       4
       5
       3
       4
       2
       5
       1
       4
       3
       4
       7
       2
       1
       5
       2
       5
       2
       1
       4
       7
       4
       1
       3
       8
       3
       1
       3
       6
       5
       4
       5
       5
       5
       6
       6
       6
       4
       6
       3
       4
       5
       2
       2
       2
       4
       7
       6
       4
       3
       1
       2
       1
       3
       5
       5
       6
       6
       4
       0
       1
       5
       3
       5
       1
       4
       2
       5
       5
       3
       5
       2
       1
       7
       3
       1
       3
       0
       8
       3
       3
       2
       2
       1
       4
       6
       8
       3
       2
       4
       8
       1
       3
       3
       5
       4
       8
       1
       5
       5
       6
       1
       1
       6
       5
       4
       5
       5
       7
       1
       2
       3
       1
       2
       6
       1
       3
       4
       2
       5
       3
       4
       3
       5
       1
       3
       8
       3
       3
       2
       4
       5
       4
       4
      10
       3
       3
       3
       2
       0
       2
       2
       4
       3
       3
       2
       2
       3
       9
       6
       5
       6
       1
       2
       4
       5
       3
       5
       8
       1
       3
       2
       2
       7
       6
       4
       4
       3
       1
       4
       5
       5
       6
       8
       7
       4
       8
       6
       2
       4
       3
       6
       1
       4
       2
       5
       5
       6
       3
       3
       4
       3
       6
       2
       2
       4
       3
       4
       4
       6
       4
       1
       5
       6
       4
       5
       4
       5
       3
       4
       5
       7
       2
       1
       5
       3
       6
       2
       3
       8
       4
       3
       4
       4
       1
       2
       2
       2
       7
       5
       3
       5
       7
       3
       3
       6
       0
       2
       2
       3
       5
       3
       5
       3
       1
       4
       4
       6
       4
       5
       4
       4
       3
       6
       4
       6
       6
       4
       3
       4
       5
       2
       2
       4
      10
       7
       6
       4
       2
       8
       4
       5
       2
       6
       5
       3
       3
       3
       4
       6
       5
       4
       6
       5
       2
       4
       2
       3
       2
       4
       0
       1
       6
       2
       3
       5
       6
       3
       2
       4
       2
       2
       2
       3
       1
       4
       3
       4
       2
       5
       4
       4
       1
       4
       2
       2
       4
       3
       1
       6
       1
       5
       3
       3
       1
       0
       6
       3
       4
       2
       4
       3
       2
       3
       6
       4
       2
       1
       3
       3
       4
       5
       5
       4
       4
       5
       5
       5
       7
       3
       6
       6
       1
       3
       5
       4
       2
       4
       3
       5
       2
       2
       2
       3
       6
       5
       3
       4
       3
       5
       4
       6
       1
       2
       7
       4
       3
      10
       7
       7
       6
       1
       5
       5
       5
      11
       4
       5
       5
       1
       2
       3
       2
       0
       3
       1
       1
       2
       3
       4
       4
       4
       5
       3
       4
       2
       2
       3
       1
       2
       8
       7
       2
       6
       4
       6
       2
       1
       5
       4
       5
       1
       4
       4
       1
       1
       2
       4
       2
       8
       4
       5
       3
       2
       4
       4
       3
       7
       3
       6
       3
       3
       3
       5
       1
       3
       8
       4
       3
       6
       1
       4
       3
       2
       0
       4
       3
       1
       1
       2
       2
       3
       4
       6
       2
       2
       1
       1
       6
       4
       5
       2
       5
       2
       3
       2
       1
       4
       2
       5
       1
       4
       3
       3
       4
      10
       7
       1
       3
       3
       5
       4
       4
       6
       4
       4
       2
       1
       2
       2
       3
       3
       4
       2
       4
       2
       9
       9
       3
       2
       8
       2
       4
      10
       3
       2
       3
       8
       4
       4
       4
       2
       3
       4
       3
       3
       7
       4
       4
       5
       3
       3
       3
       4
       3
       3
       5
       4
       4
       1
       2
       2
       2
       1
       3
       1
       6
       7
       5
       2
       4
       4
       5
       6
       5
       7
       3
       1
       2
       4
       7
       2
       2
       4
       4
       2
       3
       3
       4
       7
       0
       3
       3
       1
       2
       4
       6
       2
       7
       5
       7
       0
      11
       6
       4
       2
       9
       5
       6
       4
       1
       3
       6
       6
       4
       5
       2
       2
       2
       2
       3
       7
       3
       3
       4
       4
       4
       3
       1
       5
       3
       3
       3
       5
       1
       4
       2
       6
       6
       4
       5
       7
       6
       6
       3
       1
       3
       5
       8
       3
       4
       4
       5
       2
       8
       1
       2
       4
       4
       7
       2
       1
       5
       3
       3
       3
       5
       4
       3
       3
       4
       5
       2
       3
       5
       7
       1
       4
       1
       5
       4
       2
      66
     109
     103
     122
     105
     130
     130
     111
      98
     113
     108
     111
     107
     111
      98
     120
     113
     101
     130
     119
     115
      99
     102
     123
     106
     108
      96
     114
     110
     106
     104
     113
     117
     100
     108
     112
     108
      90
     113
      89
      99
     104
      89
     104
      96
     110
      99
      99
     117
      96
      99
     120
     116
     121
     101
     121
     115
     110
     112
     105
     109
     110
     111
      97
      97
      89
     101
     112
     124
     109
     100
      99
     133
     110
     101
      99
     101
      95
     120
     103
     111
     117
      92
     117
     114
     107
     111
     118
     103
     112
     109
      94
      92
      95
      93
      92
      87
      82
      98
     121
      97
     106
     121
     111
      99
     107
     100
     118
     102
     102
     126
     110
      95
     111
      97
     108
     110
     107
     111
      90
     126
     105
      99
     107
     101
     120
      98
     111
     115
     102
     108
     130
     110
     102
     115
     113
     136
     121
      97
     109
     121
     117
      97
     100
     104
      87
     101
     103
     113
      84
      96
     106
      96
     117
      99
      92
      92
      94
     100
     100
      82
     111
     106
     110
     101
     105
      91
      90
     113
     117
      96
     111
      95
     118
     112
     110
     114
     119
     109
      98
     115
      92
     114
     108
      52
$ROI:
5
349 399
960 988
992 1050
1491 1501
5157 5169
$PRESETS:
None
0
0
$ENER_FIT:
0.000000 0.107033
$MCA_CAL:
3
0.000000E+000 1.070331E-001 0.000000E+000 keV
$SHAPE_CAL:
3
0.000000E+000 0.000000E+000 0.000000E+000
