$SPEC_ID:
25cm count
$SPEC_REM:
DET# 1
DETDESC# DLAB-PHY-L3-49 926 Right
AP# Maestro Version 7.01
$DATE_MEA:
10/25/2024 14:47:12
$MEAS_TIM:
639 831
$DATA:
0 8191
       0
       0
       0
       0
       0
       0
       0
       0
       0
       0
       0
       0
       0
       0
       0
       0
       0
       0
       0
       0
       0
       0
       2
       4
       5
      16
      37
      54
     104
     125
     156
     181
     180
     271
     832
    3261
    7948
   15012
   20509
   24259
   25966
   25897
   23873
   20665
   17760
   15030
   12760
   10792
    9162
    7783
    6559
    5546
    4575
    3875
    3269
    2835
    2319
    2035
    1626
    1386
    1183
    1012
     863
     758
     658
     561
     443
     394
     360
     313
     236
     225
     209
     188
     181
     141
     122
     107
     103
     114
     101
      78
      76
      73
      58
      70
      87
      61
      63
      58
      54
      57
      64
      57
      48
      52
      53
      53
      54
      46
      55
      53
      60
      38
      51
      46
      33
      57
      51
      58
      34
      53
      54
      36
      34
      52
      39
      50
      51
      41
      44
      44
      50
      34
      37
      53
      50
      44
      50
      37
      51
      48
      58
      30
      35
      37
      44
      43
      46
      41
      36
      36
      44
      51
      42
      45
      50
      35
      43
      30
      30
      42
      55
      37
      45
      39
      46
      42
      39
      43
      35
      54
      36
      44
      30
      45
      47
      50
      41
      31
      36
      46
      27
      34
      35
      37
      40
      43
      51
      43
      35
      42
      39
      28
      37
      42
      37
      32
      27
      39
      39
      37
      44
      33
      37
      45
      34
      31
      50
      27
      31
      33
      31
      41
      38
      48
      39
      38
      43
      40
      44
      46
      29
      48
      46
      35
      42
      33
      30
      29
      33
      37
      26
      30
      32
      36
      34
      32
      25
      18
      37
      46
      39
      40
      30
      37
      40
      33
      38
      39
      36
      33
      29
      45
      34
      36
      34
      32
      29
      39
      25
      33
      32
      28
      37
      38
      41
      35
      43
      24
      34
      33
      39
      37
      29
      28
      19
      39
      39
      38
      23
      44
      29
      47
      30
      35
      36
      35
      26
      34
      31
      36
      27
      34
      34
      30
      40
      25
      27
      44
      31
      42
      36
      43
      34
      37
      43
      36
      38
      21
      31
      40
      39
      29
      34
      38
      28
      33
      27
      41
      26
      38
      32
      37
      35
      34
      35
      29
      33
      39
      41
      37
      31
      31
      47
      37
      28
      38
      33
      25
      29
      30
      39
      36
      28
      39
      24
      34
      37
      30
      33
      30
      27
      35
      29
      40
      34
      40
      41
      32
      35
      26
      28
      27
      36
      36
      35
      34
      32
      26
      28
      33
      26
      37
      31
      31
      35
      33
      34
      37
      30
      23
      28
      36
      27
      45
      35
      37
      28
      31
      37
      35
      40
      26
      34
      29
      33
      43
      21
      22
      39
      33
      32
      42
      43
      33
      25
      33
      30
      35
      26
      33
      24
      24
      38
      31
      28
      35
      36
      28
      35
      39
      31
      30
      23
      33
      34
      32
      44
      27
      35
      32
      34
      32
      33
      31
      28
      34
      28
      24
      35
      35
      25
      23
      38
      31
      26
      26
      31
      35
      35
      35
      38
      34
      40
      36
      29
      39
      23
      32
      29
      30
      33
      33
      29
      29
      37
      38
      34
      30
      33
      33
      35
      48
      38
      27
      34
      35
      39
      36
      40
      29
      37
      26
      50
      36
      31
      31
      37
      31
      35
      25
      47
      25
      38
      30
      30
      34
      19
      20
      29
      38
      29
      36
      29
      32
      28
      23
      23
      38
      28
      35
      41
      43
      34
      31
      34
      40
      26
      27
      31
      37
      36
      30
      26
      39
      35
      37
      34
      31
      22
      39
      31
      39
      34
      34
      30
      33
      34
      37
      32
      32
      31
      23
      30
      30
      30
      30
      31
      37
      34
      24
      37
      27
      37
      30
      29
      36
      40
      38
      30
      29
      39
      38
      33
      35
      31
      25
      36
      40
      43
      44
      31
      33
      39
      29
      39
      24
      33
      37
      27
      37
      24
      36
      31
      35
      26
      46
      26
      27
      22
      35
      36
      38
      33
      32
      36
      46
      29
      30
      35
      35
      34
      32
      36
      33
      40
      32
      34
      44
      47
      40
      30
      42
      37
      37
      45
      38
      32
      42
      36
      34
      38
      35
      49
      34
      41
      42
      38
      36
      45
      49
      28
      29
      32
      44
      25
      51
      44
      44
      46
      51
      49
      44
      53
      43
      49
      40
      53
      57
      59
      56
      52
      50
      48
      41
      52
      60
      56
      55
      60
      55
      65
      49
      55
      57
      55
      68
      61
      57
      52
      60
      70
      55
      42
      64
      43
      62
      57
      56
      60
      49
      44
      42
      51
      46
      39
      41
      44
      51
      27
      47
      38
      51
      48
      48
      42
      31
      46
      37
      47
      35
      43
      28
      41
      44
      32
      31
      33
      33
      30
      28
      27
      29
      20
      41
      34
      43
      34
      28
      34
      33
      41
      40
      34
      29
      35
      37
      45
      26
      28
      32
      44
      31
      30
      37
      27
      42
      42
      20
      49
      35
      29
      31
      38
      43
      38
      43
      48
      33
      51
      42
      42
      34
      41
      52
      45
      34
      46
      41
      39
      41
      43
      43
      47
      39
      40
      61
      46
      47
      38
      41
      45
      49
      28
      33
      45
      37
      40
      43
      36
      41
      38
      41
      39
      38
      37
      48
      36
      42
      45
      39
      39
      29
      43
      25
      26
      44
      26
      41
      30
      20
      24
      39
      36
      28
      34
      35
      27
      29
      30
      31
      37
      34
      36
      36
      26
      34
      39
      35
      33
      28
      31
      27
      27
      25
      32
      32
      38
      35
      30
      25
      40
      38
      22
      25
      27
      25
      19
      27
      28
      29
      28
      35
      29
      38
      36
      36
      24
      40
      24
      38
      35
      44
      26
      33
      36
      31
      30
      35
      25
      29
      33
      26
      39
      32
      21
      30
      27
      30
      23
      23
      25
      39
      28
      32
      37
      23
      29
      24
      21
      34
      35
      32
      25
      30
      24
      35
      30
      27
      29
      25
      37
      23
      29
      29
      35
      26
      30
      32
      31
      33
      28
      28
      21
      31
      32
      23
      29
      33
      33
      24
      22
      28
      28
      30
      27
      34
      32
      28
      28
      22
      33
      34
      28
      39
      38
      26
      39
      30
      35
      27
      28
      30
      34
      23
      27
      26
      35
      31
      27
      24
      22
      26
      33
      25
      22
      33
      36
      29
      29
      27
      27
      21
      28
      25
      37
      34
      25
      23
      30
      35
      26
      25
      30
      34
      27
      40
      31
      31
      33
      23
      33
      37
      40
      20
      25
      35
      28
      24
      24
      34
      26
      25
      34
      23
      27
      30
      38
      38
      31
      33
      21
      31
      33
      17
      34
      25
      33
      27
      36
      35
      21
      31
      28
      34
      28
      24
      27
      30
      21
      25
      35
      26
      23
      26
      25
      31
      33
      41
      26
      25
      21
      44
      31
      29
      23
      31
      34
      32
      12
      37
      29
      35
      29
      28
      28
      39
      37
      20
      28
      31
      26
      29
      34
      35
      27
      23
      25
      28
      32
      32
      30
      40
      30
      22
      28
      31
      28
      33
      27
      24
      30
      38
      29
      27
      34
      33
      38
      28
      27
      38
      27
      34
      33
      21
      24
      29
      32
      29
      33
      33
      31
      32
      33
      35
      27
      21
      32
      21
      40
      29
      27
      17
      31
      34
      33
      23
      25
      24
      24
      28
      40
      36
      29
      26
      27
      27
      32
      37
      36
      27
      28
      35
      28
      31
      20
      35
      26
      30
      26
      29
      36
      27
      38
      29
      37
      24
      24
      25
      28
      17
      32
      35
      33
      25
      34
      28
      26
      28
      31
      32
      36
      27
      28
      36
      39
      22
      32
      31
      19
      25
      24
      23
      26
      28
      33
      28
      28
      29
      34
      34
      28
      28
      25
      26
      36
      25
      30
      26
      22
      34
      24
      33
      34
      26
      27
      32
      21
      29
      30
      31
      47
      33
      17
      23
      26
      24
      34
      27
      25
      37
      25
      38
      28
      24
      24
      26
      28
      21
      36
      31
      27
      30
      30
      36
      29
      27
      27
      29
      22
      26
      26
      28
      23
      31
      36
      25
      28
      36
      39
      21
      28
      31
      28
      39
      30
      31
      39
      30
      26
      27
      28
      21
      28
      19
      27
      27
      21
      25
      30
      23
      28
      31
      21
      27
      35
      23
      29
      31
      34
      26
      21
      28
      27
      33
      24
      23
      25
      24
      23
      25
      37
      28
      37
      30
      40
      32
      26
      26
      34
      37
      25
      32
      24
      28
      34
      24
      30
      32
      32
      25
      25
      28
      30
      26
      21
      27
      24
      19
      33
      28
      22
      35
      27
      31
      31
      32
      21
      21
      26
      31
      20
      29
      17
      34
      24
      36
      23
      25
      29
      24
      23
      26
      28
      24
      23
      33
      32
      23
      24
      20
      29
      30
      37
      27
      25
      28
      26
      36
      28
      27
      27
      21
      24
      21
      28
      24
      27
      24
      34
      29
      25
      28
      25
      30
      19
      33
      34
      26
      23
      30
      22
      25
      36
      26
      23
      25
      29
      26
      31
      32
      37
      32
      32
      21
      18
      32
      33
      28
      29
      26
      27
      24
      29
      32
      25
      23
      30
      24
      29
      25
      25
      23
      23
      38
      32
      29
      31
      30
      33
      31
      32
      20
      29
      24
      30
      26
      25
      24
      35
      26
      25
      21
      25
      20
      19
      20
      20
      29
      25
      32
      31
      29
      34
      20
      24
      23
      25
      33
      30
      28
      19
      22
      32
      22
      44
      33
      19
      32
      35
      30
      45
      17
      25
      21
      17
      21
      26
      33
      25
      30
      23
      27
      28
      39
      33
      23
      19
      25
      28
      28
      27
      22
      39
      24
      27
      30
      38
      22
      33
      31
      23
      35
      25
      35
      25
      27
      29
      30
      30
      26
      32
      38
      32
      29
      32
      31
      26
      31
      30
      28
      34
      22
      20
      33
      25
      26
      26
      26
      23
      33
      27
      30
      21
      28
      30
      26
      25
      17
      28
      25
      37
      25
      24
      18
      18
      34
      31
      41
      16
      29
      26
      25
      35
      21
      38
      32
      26
      34
      28
      31
      25
      29
      26
      21
      23
      28
      15
      24
      33
      31
      29
      30
      31
      31
      25
      31
      29
      37
      30
      38
      33
      29
      25
      34
      28
      16
      26
      31
      23
      28
      34
      33
      32
      32
      28
      30
      35
      27
      32
      24
      31
      41
      29
      25
      30
      28
      24
      25
      30
      28
      24
      31
      27
      40
      31
      21
      34
      27
      37
      33
      29
      33
      40
      25
      40
      33
      40
      39
      34
      37
      31
      31
      23
      20
      27
      33
      24
      30
      36
      40
      33
      28
      28
      31
      35
      32
      29
      23
      38
      36
      32
      26
      38
      43
      23
      43
      31
      34
      30
      38
      37
      20
      35
      38
      39
      30
      47
      29
      27
      27
      30
      32
      33
      30
      23
      30
      35
      30
      31
      30
      38
      36
      35
      33
      19
      27
      28
      24
      33
      41
      41
      25
      19
      30
      31
      31
      36
      36
      26
      30
      40
      34
      31
      25
      32
      38
      35
      22
      31
      23
      31
      30
      23
      27
      27
      24
      40
      26
      28
      25
      31
      40
      23
      26
      36
      33
      30
      32
      23
      43
      36
      38
      29
      26
      41
      34
      34
      28
      27
      32
      43
      35
      32
      30
      25
      28
      26
      34
      36
      22
      28
      25
      44
      24
      28
      30
      29
      42
      33
      26
      31
      45
      25
      36
      31
      35
      34
      25
      26
      28
      33
      33
      26
      32
      28
      21
      28
      28
      36
      27
      27
      19
      24
      28
      35
      28
      29
      26
      24
      23
      35
      24
      39
      33
      38
      41
      43
      33
      26
      23
      37
      31
      23
      25
      34
      37
      37
      31
      31
      35
      35
      38
      28
      27
      33
      36
      25
      26
      25
      30
      21
      31
      24
      25
      26
      27
      28
      32
      31
      27
      34
      33
      31
      23
      35
      30
      31
      36
      24
      37
      32
      33
      30
      36
      45
      31
      26
      19
      28
      38
      25
      33
      34
      21
      25
      32
      35
      27
      33
      15
      26
      37
      19
      28
      34
      35
      35
      34
      36
      25
      27
      33
      30
      29
      30
      15
      30
      38
      35
      32
      31
      29
      35
      37
      29
      37
      40
      23
      29
      27
      31
      28
      26
      20
      36
      32
      24
      29
      14
      33
      28
      29
      33
      37
      37
      26
      45
      23
      29
      33
      32
      30
      38
      32
      29
      28
      29
      32
      35
      27
      27
      25
      32
      29
      26
      37
      40
      29
      19
      23
      27
      26
      34
      32
      28
      31
      47
      28
      28
      25
      29
      27
      28
      31
      18
      20
      17
      16
      27
      25
      31
      35
      35
      31
      33
      37
      28
      25
      28
      34
      38
      21
      39
      23
      21
      29
      32
      27
      28
      24
      32
      26
      28
      31
      40
      27
      21
      34
      41
      19
      28
      29
      24
      38
      32
      27
      28
      20
      38
      28
      38
      26
      32
      28
      24
      26
      29
      19
      33
      32
      22
      35
      34
      29
      31
      32
      33
      25
      23
      34
      33
      34
      29
      32
      30
      23
      28
      26
      28
      29
      29
      31
      39
      30
      30
      35
      20
      20
      29
      26
      24
      30
      26
      28
      20
      23
      27
      33
      21
      34
      29
      39
      20
      24
      25
      36
      28
      38
      27
      36
      25
      36
      25
      30
      24
      31
      25
      30
      24
      24
      28
      25
      33
      28
      34
      28
      22
      27
      36
      34
      20
      31
      26
      35
      24
      32
      27
      23
      20
      27
      32
      25
      26
      22
      27
      30
      30
      23
      20
      28
      22
      32
      26
      20
      27
      16
      25
      35
      20
      31
      35
      21
      36
      35
      29
      32
      20
      29
      32
      24
      28
      22
      23
      20
      21
      23
      32
      22
      28
      24
      24
      28
      31
      24
      19
      34
      28
      24
      25
      24
      34
      28
      28
      26
      29
      26
      26
      28
      25
      31
      25
      31
      25
      28
      22
      28
      34
      33
      28
      27
      29
      20
      23
      24
      31
      24
      26
      22
      32
      23
      21
      24
      26
      28
      26
      25
      25
      33
      30
      27
      29
      29
      28
      30
      30
      25
      33
      28
      19
      31
      31
      40
      27
      30
      27
      20
      25
      20
      33
      26
      28
      29
      29
      30
      25
      22
      24
      36
      29
      35
      28
      37
      23
      19
      33
      24
      27
      31
      35
      28
      23
      31
      32
      19
      24
      26
      29
      24
      28
      24
      25
      29
      21
      27
      35
      34
      32
      32
      23
      23
      34
      30
      29
      35
      30
      34
      36
      33
      30
      42
      28
      32
      27
      30
      29
      26
      28
      28
      31
      31
      24
      18
      25
      30
      27
      32
      26
      39
      20
      26
      30
      18
      26
      29
      24
      37
      26
      32
      26
      25
      24
      26
      32
      30
      28
      29
      31
      27
      24
      36
      26
      37
      35
      26
      25
      26
      21
      29
      29
      31
      23
      28
      30
      27
      25
      26
      34
      23
      22
      29
      27
      29
      21
      28
      28
      27
      32
      36
      15
      22
      32
      22
      22
      25
      28
      28
      20
      24
      28
      22
      36
      32
      24
      32
      29
      24
      27
      27
      31
      30
      26
      31
      19
      41
      30
      37
      37
      28
      22
      24
      21
      28
      23
      19
      27
      31
      27
      29
      37
      33
      30
      24
      31
      25
      20
      29
      35
      27
      25
      25
      29
      30
      28
      38
      35
      19
      28
      28
      23
      27
      27
      26
      33
      30
      31
      34
      20
      23
      31
      25
      26
      25
      28
      26
      24
      29
      16
      32
      27
      34
      30
      17
      21
      28
      23
      33
      38
      23
      43
      30
      26
      30
      24
      27
      34
      34
      17
      27
      27
      20
      34
      31
      34
      19
      29
      37
      36
      28
      17
      31
      23
      25
      27
      28
      31
      25
      27
      28
      39
      26
      26
      34
      34
      31
      27
      32
      28
      32
      28
      27
      25
      28
      31
      24
      25
      30
      12
      33
      37
      38
      24
      25
      34
      39
      30
      28
      40
      26
      23
      28
      26
      24
      17
      31
      28
      25
      26
      38
      27
      22
      25
      30
      27
      33
      29
      31
      31
      32
      29
      21
      37
      21
      29
      19
      20
      23
      30
      30
      37
      27
      26
      29
      31
      18
      32
      24
      31
      25
      25
      21
      23
      23
      27
      27
      34
      14
      26
      20
      26
      27
      27
      28
      35
      25
      32
      23
      25
      30
      31
      21
      21
      39
      26
      22
      36
      31
      29
      20
      28
      28
      32
      33
      27
      33
      29
      24
      32
      26
      34
      21
      36
      23
      20
      29
      25
      24
      29
      32
      29
      25
      20
      27
      19
      32
      23
      31
      28
      18
      24
      34
      27
      30
      28
      24
      30
      25
      32
      32
      24
      30
      24
      27
      30
      40
      30
      29
      41
      16
      30
      31
      33
      33
      17
      29
      30
      20
      37
      38
      31
      16
      33
      25
      35
      30
      17
      28
      25
      26
      26
      24
      20
      20
      28
      21
      31
      37
      28
      30
      29
      24
      24
      39
      31
      39
      29
      34
      23
      26
      28
      30
      36
      32
      32
      26
      36
      33
      29
      34
      34
      20
      28
      26
      34
      31
      33
      32
      21
      20
      25
      33
      32
      33
      40
      30
      34
      23
      30
      26
      27
      26
      27
      31
      38
      28
      27
      21
      28
      31
      33
      33
      30
      30
      29
      26
      23
      26
      36
      34
      23
      24
      24
      21
      21
      22
      27
      36
      19
      24
      24
      29
      34
      28
      24
      29
      29
      24
      28
      31
      31
      27
      24
      33
      25
      36
      24
      36
      34
      20
      36
      32
      27
      30
      27
      33
      25
      30
      22
      25
      27
      25
      35
      28
      24
      30
      31
      25
      34
      30
      30
      28
      26
      28
      21
      26
      28
      25
      32
      36
      31
      35
      23
      28
      27
      32
      24
      30
      30
      27
      38
      41
      26
      37
      31
      33
      24
      26
      25
      28
      22
      35
      35
      27
      28
      30
      33
      25
      31
      31
      31
      28
      36
      31
      30
      29
      29
      26
      39
      29
      28
      29
      27
      33
      38
      26
      25
      36
      27
      40
      33
      29
      34
      32
      26
      32
      39
      31
      37
      36
      24
      23
      22
      28
      24
      38
      24
      27
      31
      31
      28
      31
      35
      29
      48
      18
      17
      24
      25
      33
      27
      35
      41
      26
      32
      23
      39
      35
      33
      18
      32
      31
      27
      28
      29
      50
      30
      26
      33
      24
      30
      28
      35
      25
      31
      32
      28
      33
      20
      23
      28
      26
      26
      23
      32
      22
      32
      33
      25
      20
      30
      31
      28
      33
      24
      43
      29
      28
      28
      34
      27
      25
      20
      26
      37
      36
      28
      33
      32
      31
      23
      33
      32
      31
      30
      36
      27
      27
      32
      31
      29
      31
      29
      33
      24
      35
      26
      28
      25
      31
      36
      34
      29
      28
      31
      45
      29
      36
      26
      34
      28
      38
      32
      29
      34
      29
      26
      31
      34
      30
      42
      41
      24
      32
      29
      25
      28
      28
      16
      39
      35
      31
      30
      31
      25
      29
      30
      29
      32
      27
      38
      19
      30
      28
      44
      34
      33
      26
      41
      34
      32
      27
      27
      21
      37
      30
      27
      38
      26
      28
      48
      38
      35
      25
      32
      33
      36
      31
      36
      21
      26
      36
      28
      31
      31
      36
      27
      24
      28
      17
      29
      36
      31
      34
      27
      32
      31
      39
      33
      33
      50
      29
      28
      31
      35
      34
      47
      24
      31
      42
      17
      35
      37
      27
      33
      41
      30
      33
      30
      27
      37
      32
      42
      30
      39
      45
      42
      29
      27
      32
      36
      40
      30
      32
      32
      31
      35
      40
      33
      32
      44
      33
      27
      25
      27
      41
      31
      25
      34
      35
      37
      33
      25
      39
      28
      40
      32
      30
      33
      33
      31
      42
      29
      26
      18
      41
      29
      32
      37
      43
      37
      36
      40
      37
      35
      31
      39
      32
      31
      32
      33
      40
      32
      34
      26
      29
      36
      29
      29
      50
      42
      34
      36
      23
      46
      27
      39
      28
      31
      38
      41
      30
      30
      33
      33
      38
      31
      27
      35
      35
      36
      30
      25
      39
      31
      29
      37
      47
      44
      30
      40
      34
      42
      26
      33
      28
      35
      41
      23
      28
      32
      24
      38
      29
      23
      47
      30
      45
      31
      33
      35
      36
      40
      36
      31
      30
      40
      32
      35
      37
      24
      38
      47
      35
      37
      36
      34
      39
      40
      36
      32
      27
      36
      32
      33
      29
      36
      31
      33
      34
      26
      38
      34
      30
      35
      39
      39
      24
      33
      31
      30
      30
      32
      32
      38
      32
      30
      25
      36
      24
      30
      38
      35
      28
      26
      28
      37
      38
      43
      33
      33
      30
      31
      37
      33
      41
      32
      29
      32
      31
      24
      28
      35
      31
      30
      26
      40
      43
      32
      32
      22
      31
      44
      23
      36
      33
      37
      28
      27
      25
      29
      30
      25
      25
      34
      28
      26
      17
      18
      27
      22
      23
      38
      19
      30
      28
      33
      24
      26
      26
      19
      26
      21
      22
      24
      19
      28
      24
      26
      27
      23
      25
      22
      32
      25
      25
      23
      24
      20
      20
      19
      22
      22
      26
      25
      18
      17
      23
      21
      18
      22
      18
      32
      23
      29
      12
      22
      24
      24
      26
      24
      19
      24
      19
      23
      21
      20
      25
      30
      26
      15
      26
      24
      24
      20
      18
      21
      31
      27
      17
      19
      19
      31
      24
      26
      28
      24
      19
      21
      28
      20
      26
      18
      16
      18
      27
      22
      16
      17
      22
      10
      24
      27
      15
      20
      25
      22
      21
      18
      20
      18
      20
      18
      24
      10
      14
      16
      17
      28
      17
      16
      18
      23
      28
      20
      22
      23
      22
      11
      25
      12
      21
      21
      21
      16
      17
      30
      16
      17
      20
      10
      18
       9
      14
      18
      12
      17
      18
      16
      16
      20
      22
      18
      19
      16
      14
      15
      20
      18
      16
      15
      25
      10
      23
      16
      16
      21
      14
      23
      11
      17
      19
      15
      17
      24
      17
      21
      15
      21
      23
      14
      24
      15
      13
      16
      17
      20
      15
      20
      25
      19
      10
      20
      15
      18
      23
      11
      25
      13
      16
      12
      20
      12
      14
      17
      18
      11
      22
      13
      22
      13
      20
      19
      14
      17
      18
      23
      14
      19
      17
      11
      20
      12
      24
      17
      15
      22
      13
      15
      18
      12
      24
      18
       7
      19
      16
      13
       9
      17
      13
      17
      18
      16
      21
      16
      17
      16
      13
      14
      18
      20
      16
      12
      14
      15
       9
      12
      14
      13
      10
      13
      13
      18
      19
      15
      18
      18
      15
      14
      14
      13
      11
      18
      23
      12
      17
      24
      12
      12
      16
      16
      23
      17
      10
      12
      19
      16
       9
      13
      15
      17
      13
      11
       9
      18
      16
      18
      10
      13
      18
      15
       9
      14
      12
      18
      15
      12
      21
      26
      18
      13
       9
      15
      13
      20
      22
       5
      13
      16
      10
      14
      17
      20
      18
      19
      15
      12
      11
      16
      12
      11
      20
      18
      10
      16
      11
      10
      13
      13
      12
      18
      11
      19
       9
      10
      18
      14
      16
      18
      13
      22
      12
      17
      16
      13
       9
      17
      17
      12
      17
      10
      15
      14
      15
      13
      17
      11
      12
      12
       9
      16
      12
      18
      13
      16
      13
      14
      11
      11
      13
      16
       6
      16
      18
       9
      17
      14
      14
       5
      17
       9
      13
      11
      18
      16
       9
       5
       7
      15
      11
      11
      17
      11
      15
       8
      16
      12
       8
      10
      16
      16
       8
      11
       9
      14
      18
      20
      12
      13
      20
      20
      13
      12
       8
      14
      12
      11
      11
      16
       8
       8
      17
      15
      13
      10
      17
      13
       8
      10
      11
      13
       9
      13
       8
      12
      11
      16
       9
       9
      13
      17
      10
      12
      15
      14
       9
      15
      13
      11
      13
      17
      10
       6
      17
      12
      11
      11
      16
      11
      17
      11
       6
       9
      14
      11
      16
      15
       8
      11
      25
       9
      13
      16
      15
       9
      12
      19
      10
      11
      11
      11
       9
      10
      15
      13
      14
       8
      11
      11
       9
       9
       7
      12
       9
      19
      10
      18
      17
      12
      15
      14
       8
      10
      14
      13
      15
       5
       8
       9
      11
       8
       9
      13
       8
      12
      10
       5
      10
      10
      13
      11
      14
      16
      14
      12
      11
      15
      14
      14
      10
      11
      13
       8
       8
      10
       8
      11
      11
      11
       8
       8
      10
      13
      12
      11
      10
      18
      12
      10
      11
      12
       9
      15
      12
      11
      15
      10
      20
       8
       4
      11
      15
      14
      10
      14
      12
      12
      10
      15
       7
      14
      13
      12
       8
       8
       6
       8
       8
       9
      13
      10
      10
       9
      12
       9
       8
       7
       8
      10
       9
      19
      16
      11
      10
       9
      15
      11
       9
      11
      10
       6
       9
       7
      13
       6
       8
      11
      11
      13
       9
       7
       8
       9
      12
      10
      11
      11
       9
      11
      14
       8
      12
       8
       9
       5
       8
      10
       7
       5
      11
       9
       7
       8
      11
      11
      14
      10
       9
      10
       6
       8
       7
       9
       2
      11
      12
      11
      13
       6
       7
       8
       6
      15
      14
       6
       9
      14
       9
      13
       8
       7
       8
       9
      10
      15
       7
      11
       7
      12
       8
      10
       8
       9
      12
       4
       6
       9
      10
       8
      14
      11
       7
       8
      10
       9
       9
       8
       9
      10
      12
      13
       8
      15
       8
      13
       5
      10
       9
       8
      12
      10
      11
       5
      12
      10
       9
       8
      14
      11
      12
      11
       6
       6
       5
      13
       5
      10
      11
       8
       9
       8
       4
       9
       3
      13
       6
       6
      11
      12
       6
       8
       6
       8
       9
       6
       7
       5
      15
       8
       9
       6
       8
       5
      10
      12
       6
       7
       6
       6
       9
       4
      17
       9
      13
      10
      16
       8
       7
       4
      13
      10
      10
      11
      10
       6
      10
      13
       6
      13
       3
      12
       5
      15
       8
      10
      10
      12
       9
       8
       8
       8
      10
       6
       9
      12
       9
       6
       2
       8
      12
       5
      12
       8
       7
       7
      14
       7
      10
      13
      11
       5
       8
       7
       6
      10
      11
       7
       4
       8
       8
       6
      12
       9
      11
       6
      10
       9
      10
       8
       7
       8
      10
      13
       9
       8
       9
       4
       8
       8
       9
       7
      14
       4
       6
      13
       6
       8
      10
       7
       7
      11
       5
      13
       6
       5
       7
       6
       7
      15
       8
       4
       9
      10
       7
       8
       8
       8
      10
       5
       8
       9
      13
      12
       8
       6
       6
       8
      10
       9
      11
       7
       7
      10
      12
      11
       4
       8
       5
       3
       9
       9
       9
       8
       4
       2
      10
       9
       9
       9
      10
       8
       6
      13
       8
       5
      12
      10
       6
       8
       6
       9
       7
      11
       5
      10
       6
      10
       8
       7
       9
       9
      10
       6
      13
       5
      12
       5
       8
       7
       9
       6
       4
      10
       8
       9
       7
       5
      12
       5
       6
      12
       5
       6
       9
      17
       5
       7
       5
      10
       5
      12
       6
       7
       6
       9
       8
       8
       8
       6
       8
       6
       8
      10
      12
       7
       3
       8
       8
       6
       4
       8
      12
      10
      10
       8
      10
       8
       1
       8
       9
      11
       7
       8
       2
      11
       7
       7
       8
       5
       9
       6
      10
      12
      11
      10
       7
      10
       6
      13
       7
       7
       7
      10
       7
       5
       4
       6
       9
      11
      10
      12
      12
       5
      11
      11
      10
      10
       6
       4
       8
      13
       6
       5
       8
       9
       6
       8
       5
       8
       8
       7
       6
      13
       9
       6
       4
       9
       7
       7
       7
       9
       6
       7
       9
       9
       3
       8
      13
       9
       9
       9
       7
      13
       6
       7
       7
       5
       8
       7
      11
       7
       2
       9
       9
      11
       9
      10
      12
       8
       6
       6
      14
       9
       8
      11
       6
       9
       8
      15
       7
       5
       5
       7
       3
       8
       4
       7
      16
      10
       5
       6
       9
       6
      10
       7
       7
      13
      11
      10
       4
       7
      13
       7
       4
      12
       7
      11
      10
       9
      13
       8
       8
       6
       4
       9
       6
      10
      10
       8
       4
       5
       8
      11
       5
      10
       8
       6
       4
      10
       3
       5
       9
      12
      10
       4
      11
       6
       7
       8
       7
       1
       9
      12
       8
       5
       7
       5
       3
       9
      10
      10
       6
      15
       8
       7
       8
       9
       7
       8
      10
       8
       7
       3
       5
      10
       9
       4
       7
       2
      13
       8
       4
       7
       8
       8
       7
       8
       9
       4
      12
      10
       9
      10
       6
      10
      11
       8
      12
      10
      10
       3
       7
       7
       8
       3
       7
       7
       7
       6
       9
       7
       7
      14
       9
       5
      10
       9
       9
       5
       8
       7
       7
       7
       6
      13
       7
      10
      11
       8
      10
       8
       8
       9
      10
       3
       6
      16
       8
      15
       5
       5
      14
       7
      14
      14
       4
       8
       9
       5
       6
       7
       5
      12
       9
       7
       4
       8
       9
      11
       8
       7
       5
       9
       7
       7
      12
       2
       2
       8
       7
       8
      10
       9
      11
       8
       6
      11
       7
       9
       6
       9
       6
      12
       8
       6
       9
       5
       8
      11
       6
       4
      17
       5
      13
       8
       7
       8
       6
      12
       7
       6
       7
       3
      11
       8
       8
       3
       7
       7
       9
       8
       9
       5
       5
       6
      14
       8
       4
      14
      10
      11
       5
       9
       5
       9
      11
       9
       9
      14
      15
       9
       3
      11
       6
       9
       7
       9
      10
      10
       6
       5
      12
       9
       7
       7
       7
       8
       6
       4
      11
      11
       8
      10
       2
       6
       9
       7
       7
       7
       7
      11
       5
       6
       5
       8
       8
       4
       6
       9
      12
       5
       5
       5
       4
       4
       6
       7
       6
       7
       7
       3
       8
       5
       4
      10
      10
       7
       8
       6
       8
       6
       8
       8
      10
      11
       6
       4
       6
       3
      10
       3
       9
       5
       6
      15
       6
       8
       7
       7
       8
       6
       6
       7
       8
       8
       5
       7
       3
      10
       3
      13
       9
       8
       9
       5
      10
       9
       8
       7
       7
       8
       9
       5
      11
       5
       3
       7
       7
       7
       5
       8
       7
       4
       6
       9
       6
       5
       6
       6
      11
       9
       6
      10
       6
       7
       8
       7
       5
       8
       9
       7
       9
       7
       4
       5
       5
       7
       5
       7
       2
      10
       5
       8
       9
       8
       4
      10
      13
      13
      12
       9
       4
       9
       4
      13
       8
       8
       7
       9
       3
       7
       6
       4
       9
      16
       6
       4
       2
       8
       7
       5
       3
       8
       4
       5
       5
       8
       7
       8
       8
      14
      11
       7
       3
      10
      10
       7
       8
      12
      11
      12
      13
       9
       5
      11
      18
       7
      14
      12
      16
      17
      13
      11
       9
      16
      18
      21
      18
      25
      16
      20
      19
      23
      30
      22
      26
      37
      31
      34
      28
      36
      36
      36
      43
      57
      51
      35
      54
      45
      65
      66
      49
      61
      64
      65
      76
      83
      78
      91
      84
      96
     109
     125
     135
     137
     164
     133
     170
     162
     150
     204
     176
     209
     225
     218
     247
     245
     290
     309
     278
     314
     342
     340
     364
     364
     366
     409
     395
     410
     400
     450
     459
     433
     475
     434
     469
     481
     440
     460
     475
     496
     461
     455
     458
     453
     482
     449
     457
     411
     462
     425
     395
     399
     380
     399
     344
     329
     347
     338
     298
     276
     279
     240
     241
     230
     224
     204
     199
     192
     191
     202
     152
     141
     158
     150
     146
     106
     107
     116
     107
      64
      79
      76
      82
      72
      68
      82
      53
      57
      34
      52
      42
      40
      36
      28
      24
      28
      26
      32
      22
      15
      18
      15
      15
      16
      18
      14
       9
      10
       8
      16
      17
      11
      12
       8
       9
       8
       5
      10
       6
       7
      13
       4
       5
       4
       5
       5
       7
       7
       1
       6
       7
       4
       6
       6
       3
       8
       6
       7
       5
       4
       4
       7
       3
       2
       5
       2
       4
       1
       2
       3
       6
       3
       2
       3
       3
       1
       3
       2
       7
       5
       5
       3
       1
       8
       4
       7
       3
       3
       3
       2
       6
       3
       5
       8
       4
       3
       3
       5
       4
       1
       6
       2
       3
       3
       1
       7
       7
       6
       4
       4
       0
       4
       3
       4
       5
       3
       4
       7
       5
       4
       7
       7
       7
       4
       2
       6
       5
       2
       3
       4
       6
       3
       3
       2
       4
       3
       3
       2
       4
       3
       3
       2
       5
       1
       0
       5
       4
       5
       2
       5
       5
       4
       3
       1
       9
       5
       7
       6
       0
       1
       2
       3
       2
       4
       3
       0
       8
       6
       4
       4
       8
       5
       6
       5
       3
       3
       5
       2
       4
       2
       2
       4
      10
       6
       0
       0
       4
       7
       7
       3
       4
       1
       3
       4
       3
       1
       7
       1
       2
       4
       6
       5
       7
       3
       1
       1
       3
       4
       5
       4
       2
       6
       2
       7
       1
       1
       1
       0
       2
       4
       3
       3
       4
       5
       8
       4
       4
       2
       4
       2
       1
       6
       2
       6
       2
       4
       1
       3
       7
       8
       2
       2
       5
       6
       6
       5
       0
       2
       2
       1
       5
       4
       3
       5
       4
       4
       1
       2
       3
       2
       5
       3
       1
       1
       2
       1
       3
       7
       2
       5
       3
       4
       4
       4
       5
       4
       4
       4
       5
       3
       8
       5
       7
       2
       8
       3
       2
       1
       1
       2
       5
       7
       4
       6
       6
       2
       3
       4
       5
       3
       6
       4
       2
       2
       3
       5
       5
       9
       3
       7
       2
       3
       9
       3
       1
       5
       5
       4
       3
       0
       1
       6
       4
       3
       5
       2
       8
       4
       6
       1
       4
       1
       3
       2
       1
       2
      10
       3
       3
       3
       7
       5
       4
       7
       3
       1
       4
       2
       2
       2
       5
       1
       8
       8
       8
       2
       5
       2
       4
       5
       2
       4
       4
       1
       6
       3
       6
       2
       4
       3
       2
       6
       4
       2
       5
       4
       8
       3
       2
       1
       4
       5
       2
       4
       6
       1
       2
       3
       3
       4
       1
       3
       1
       5
       4
       2
       4
       3
       3
       5
       7
       4
       3
       0
       6
       5
       4
       4
       3
       4
       3
       0
       2
       5
       1
       2
       1
       4
       1
       5
       7
       5
       3
       4
       2
       4
       1
       6
       3
       4
       5
       4
       5
       6
       5
       4
       1
       1
       1
       4
       2
       6
       4
       3
       3
       4
       2
       6
       3
       8
       4
       7
       4
       2
       2
       3
       2
       0
       6
       5
       6
       7
       7
       8
       5
       1
       5
       1
       6
       2
       4
       3
       4
       3
      10
       1
       0
       6
       9
       2
       6
       4
       7
       3
       1
       3
       2
       5
       1
       5
       2
       1
       2
       2
       7
       5
       4
       5
       1
      10
       1
       5
       4
       4
       4
       3
       4
       2
       4
       3
       4
       5
       3
       3
       6
       7
       5
       2
       6
       7
       4
       1
       3
       3
       2
       2
       3
       1
       6
       5
       4
       6
       4
       4
       3
       3
       7
       7
       2
       4
       1
       4
       5
       2
       5
       4
       3
       1
       5
       6
       3
       6
       4
       4
       5
       5
       1
       3
       5
       6
       4
       2
       4
       7
       5
       6
       2
       2
       5
       1
       6
       5
       1
       5
       6
       2
       8
       3
       4
       1
       6
       5
       4
       1
       4
       3
       4
       4
       3
       5
       6
       3
       3
       7
       4
       6
       3
       3
       7
       2
       2
       5
       7
       5
       1
       8
       4
       5
       6
       6
       2
       4
       3
       3
       3
       5
       7
       6
       4
       6
       3
       5
       2
       3
       2
       6
       6
       1
       5
       5
       4
       2
       4
       2
       4
       3
       4
       3
       9
       5
       5
       2
       6
       5
       2
       2
       4
       3
       2
       4
       3
       4
       4
       4
       5
       4
       5
       3
       5
       2
       1
       1
       3
       5
       2
       2
       2
       2
      12
       8
       1
       3
       5
       2
       1
       3
       2
       1
       6
       3
       7
       4
       6
       2
       6
       2
       6
       5
       4
       7
       2
       6
       1
       3
       1
       3
       3
       3
       1
       2
       4
       2
       6
       5
       7
       2
       5
       7
       3
       8
       1
       3
       2
       3
       2
       0
       6
       3
       3
       3
       4
       4
       7
       3
       2
       5
       5
       3
       6
       2
       5
       3
       4
       6
       5
       4
       5
       4
       2
       3
       2
       6
       0
       6
       4
       1
       4
       2
       3
       7
       4
       2
       1
       3
       3
       1
       1
       3
       5
       3
       4
       2
       1
       1
       3
       5
       4
       3
       2
       6
       4
       3
       1
       5
       4
       2
       1
       2
       1
       1
       5
       4
       2
       4
       3
       3
       2
       4
       0
       3
       7
       4
       3
       2
       5
       2
       4
       1
       4
       2
       2
       3
       7
       5
       3
       1
       6
       1
       1
       3
       3
       4
       5
       5
       5
       1
       3
       3
       3
       4
       2
       6
       3
       9
       2
       2
       6
       1
       3
       2
       6
       3
       5
       7
       2
       5
       3
       4
       5
       7
       4
       2
       5
       3
       5
      10
       3
       2
       1
       3
       5
       4
       4
       2
       3
       3
       6
       5
       2
       5
       7
       2
       5
       3
       5
       5
       7
       4
       8
       4
       5
       5
       8
       6
       6
       3
       5
       7
       5
       6
       7
       3
       6
       2
       5
       3
       5
       8
       1
       5
       3
       6
       6
       2
       3
       3
       1
       6
       5
       3
       7
       4
       2
       8
       4
       0
       1
       3
       2
       7
       4
       4
       5
       6
       8
       1
       4
       6
       4
       3
       6
       5
       4
       1
       3
       1
       1
       4
       4
       2
       3
       6
       4
       4
       6
       4
       2
       2
       0
       0
       1
       7
       1
       5
       3
       7
       1
       6
       1
       4
       1
       4
       1
       2
       4
       2
       1
       5
       0
       6
       0
       3
       6
       2
       3
       2
       5
       4
       7
       6
       3
       4
       5
       6
       4
       6
       4
       3
      11
       3
       6
       3
       2
       3
       2
       3
       2
       4
       5
       2
       2
       1
       1
       2
       4
       7
      10
       2
       3
       1
       6
       1
       1
       1
       0
       2
       2
       1
       4
       2
       0
       5
       1
       5
       4
       4
       2
       6
       2
       4
       4
       2
       3
       6
       2
       3
       4
       9
       8
       4
       2
       7
       4
       3
       5
       2
       3
       5
       1
       3
       4
       1
       2
       5
       6
       7
       2
       2
       5
       5
       4
       3
       4
       6
       3
       4
       3
       5
       2
       5
       3
       6
       3
       3
       1
       3
       5
       4
       2
       3
       2
       3
       4
       4
       3
       4
       2
       4
       3
       3
       1
       6
       7
       4
       3
       0
       4
       2
       4
       2
       0
       1
       4
       2
       5
       3
       5
       4
       4
       4
       3
       5
       6
       4
       1
       5
       7
       3
       3
       1
       4
       1
       5
       3
       5
       1
       4
       0
       5
       1
       3
       4
       3
       3
       6
       1
       3
       5
       5
       2
       5
       1
       4
       3
       6
       1
       3
       7
       0
       2
       1
       1
       4
       4
       2
       5
       2
       3
       3
       4
       2
       7
       5
       4
       4
       4
       3
       5
       6
       3
       2
       4
       4
       2
       1
       1
       2
       3
       4
       5
       1
       4
       1
       2
       0
       2
       3
       6
       3
       4
       3
       6
       7
       4
       3
       4
       2
       5
       1
       0
       4
       4
       3
       0
       6
       2
       4
       2
       3
       3
       4
       2
       5
       9
      10
       3
       3
       6
       2
       4
       3
       6
       2
       3
       5
       2
       2
       5
       5
       4
       2
       4
       2
       4
       6
       7
       3
       6
       3
       3
       9
       7
       2
       6
       5
       1
       0
       1
       4
       3
       2
       6
       1
       4
       2
       2
       3
       6
       2
       0
       5
       3
       1
       4
       1
       6
       4
       2
       2
       5
       1
       6
       5
       4
       3
       1
       2
       6
       7
       1
       3
       5
       4
       2
       1
       3
       2
       4
       1
       4
       3
       4
       4
       7
       4
       9
       3
       6
       3
       3
       3
       1
       3
       5
       2
       5
       5
       4
       2
       2
       4
       0
       4
       4
       5
       4
       5
       1
       4
       1
       4
       4
       3
       2
       5
       1
       3
       3
       6
       8
       4
       5
       3
       1
       0
       0
       3
       2
       4
       0
       4
       0
       5
       3
       4
       4
       4
       5
       6
       4
       2
       3
       4
       5
       4
       0
       3
       2
       4
       7
       1
       5
       7
       3
       7
       5
       4
       4
       3
       4
       4
       2
       5
       3
       4
       6
       5
       4
       2
       3
       2
       3
       6
       8
       7
       1
       6
       4
       3
       2
       6
       8
       5
       3
       5
       5
       3
       0
       6
       6
       3
       2
       3
       3
       3
       3
       2
       2
       2
       3
       5
       3
       4
       7
       1
       5
       3
       6
       2
       1
       5
       2
       3
       8
       1
       4
       2
       0
       2
       7
       6
       4
       4
       2
       4
       3
       1
       2
       4
       1
       6
       6
       2
       3
       3
       4
       6
       1
       4
       5
       3
       2
       1
       1
       6
       2
       1
       2
       7
       5
       2
       3
       2
       2
       4
       3
       2
       4
       0
       6
       3
       2
       2
       5
       4
       1
       3
       0
       8
       2
       6
       5
       2
       3
       2
       4
       2
       1
       5
       4
       4
       3
       6
       4
       4
       3
       7
       4
       0
       1
       2
       2
       2
       7
       5
       5
       3
       0
       3
       6
       4
       4
       1
       6
       4
       3
       2
       6
       3
       4
       2
       5
       2
       6
       4
       4
       2
       6
       2
       5
       5
       2
       3
       2
       3
       4
       6
       2
       1
       2
       2
       1
       6
       2
       2
       4
       4
       2
       2
       3
       5
       2
       2
       8
       7
       5
       4
       2
       1
       1
       3
       4
       2
       1
       2
       3
       2
       4
       3
       3
       2
       7
       6
       4
       2
       4
       3
       2
       3
       5
       4
       2
       2
       4
       2
       2
       4
       5
       5
       3
       2
       4
       8
       1
       5
       6
       4
       6
       4
       3
       3
       2
       3
       4
       3
       4
       2
       5
       4
       0
      10
       3
       2
       4
       3
       5
       7
       5
       5
       1
       2
       3
       4
       2
       3
       1
       3
       3
       2
       0
       3
       4
       4
       2
       2
       2
       6
       0
       0
       4
       8
       1
       1
       3
       4
       6
       2
       1
       3
       6
       6
       5
       3
       6
       5
       3
       3
       5
       6
       7
       2
       0
       0
       5
       1
       3
       4
       3
       5
       1
       2
       3
       2
       4
       7
       0
       2
       2
       5
       2
       4
       1
       3
       4
       4
       5
       4
       4
       3
       2
       4
       4
       4
       4
       3
       4
       1
       5
       5
       2
       6
       1
       0
       5
       1
       3
       3
       1
       4
       2
       6
       3
       4
       3
       3
       5
       5
       2
       1
       5
       2
       1
       6
       1
       0
       4
       4
       6
       1
       6
       4
       1
       4
       4
       2
       2
       2
       6
       3
       3
       4
       5
       3
       3
       5
       2
       5
       3
       4
       5
       3
       6
       5
       2
       5
       4
       9
       1
       7
       2
       2
       4
       7
       3
       4
       2
       5
       3
       6
       0
       4
       1
       6
       4
       4
       3
       5
       2
       1
       7
       6
       3
       7
       5
       3
       4
       3
       2
       8
       3
       6
       6
       2
       5
       2
       4
       3
       4
       3
       2
       5
       4
       7
       3
       4
       6
       2
       4
       2
       3
       8
       8
       3
       9
       3
       5
       3
       3
       4
       3
       0
       3
       3
       1
       3
       5
       2
       1
       3
       5
       3
       3
       1
       5
       6
       3
       2
       2
       5
       5
       3
       6
       5
       3
       4
       2
       3
       2
       1
       3
       0
       4
       3
       3
       3
       6
       6
       3
       4
       3
       4
       5
       8
       6
       4
       1
       1
       7
       6
       3
       4
       4
       4
       1
       1
       5
       3
       6
       3
       2
       5
       3
       2
       4
       4
       0
       5
       4
       2
       1
       6
       3
       2
       2
       2
       7
       2
       6
       3
       3
       3
       1
       3
       3
       4
       4
       7
       2
       4
       3
       2
       1
       2
       5
       3
       5
       3
       3
       1
       1
       2
       2
       1
       2
       3
       2
       4
       5
       5
       3
       2
       4
       1
       4
       3
       5
       3
       2
       2
       2
       4
       1
       1
       5
       8
       2
       2
       2
       0
       0
       1
       1
       3
       2
       5
       5
       2
       3
       3
       4
       4
       0
       2
       2
       3
       4
       0
       8
       2
       2
       2
       3
       5
       2
       3
       5
       4
       4
       6
       5
       7
       2
       3
       3
       5
       6
       3
       5
       2
       4
       5
       2
       6
       6
       3
       6
       5
       1
       4
       3
       4
       2
       3
       3
       1
       2
       2
       2
       4
       4
       1
       1
       3
       0
       4
       5
       3
       0
       4
       2
       1
       4
       2
       4
       4
       2
       1
       1
       7
       4
       4
       4
       5
       2
       5
       3
       6
       5
       5
       1
       3
       3
       4
       4
       0
       5
       4
       2
       3
       7
       2
       4
       5
       2
       2
       4
       1
       8
       5
       1
       3
       4
       2
       1
       4
       3
       2
       2
       3
       2
       4
       1
       4
       2
       6
       3
       5
       6
       3
       4
       3
       7
       4
       4
       3
       3
       6
       3
       3
       2
       3
       5
       3
       4
       5
       2
       4
      12
       3
       5
       2
       2
       4
       6
       6
       3
       6
       1
       1
       2
       4
       8
       3
       2
       1
       4
       4
       4
       0
       5
       3
       1
       2
       5
       5
       1
       1
       5
       3
       3
       3
       3
       4
       5
       4
       4
       6
       3
       4
       7
       4
       2
       1
       5
       3
       7
       4
       4
       2
       2
       3
       7
       1
       5
       6
       2
       3
       5
       3
       2
       5
       2
       6
       4
       3
       2
       1
       4
       2
       2
       3
       3
       2
       3
       4
       3
       5
       8
       6
       3
       6
       8
       2
       6
       1
       5
       6
       1
       2
       3
       4
       3
       5
       2
       5
       5
       5
       5
       2
       4
       5
       7
       5
       1
       1
       2
       3
       3
       3
       7
       3
       4
       2
       1
       4
       2
       5
       5
       6
       5
       5
       4
       2
       1
       2
       4
       3
       3
       4
       3
       1
       1
       3
       6
       5
       7
       5
       3
       2
       3
       3
       7
       2
       4
       1
       2
       2
       4
       7
       5
       2
       1
       0
       1
       4
       2
       3
       4
       3
       2
       5
       6
       5
       3
       4
       7
       3
       0
       2
       2
       1
       2
       3
       3
       5
       5
       5
       3
       5
       2
       5
       4
       4
       4
       3
       3
       3
       4
       1
       4
       4
       2
       5
       3
       5
       2
       3
       1
       3
       1
       5
       1
       2
       6
       4
       1
       7
       2
       1
       3
       3
       3
       3
       1
       4
       1
       1
       4
       4
       5
       6
       1
       6
       7
       2
       5
       4
       5
       7
       2
       4
       2
       2
       4
       4
       5
       4
       4
       5
       4
       3
       5
       4
       6
       0
       1
       1
       7
       2
       4
       3
       1
       3
       5
       3
       7
       1
       4
       5
       4
       5
       4
       4
       4
       3
       2
       4
       5
       3
       3
       1
       4
       3
       1
       1
       5
       5
      10
       1
       6
       2
       5
       4
       4
       1
       3
       5
       4
       6
       3
       2
       4
       2
       4
       3
       6
       5
       3
       4
       6
       2
       4
       4
       6
       4
       4
       2
       4
       3
       3
       0
       4
       4
       3
       3
       2
       5
       5
       2
       2
       1
       2
       3
       2
       4
       3
       5
       7
       2
       7
       4
       1
       8
       3
       5
       4
       2
       2
       1
       5
       3
       6
       2
       3
       4
      10
       3
       1
       6
       5
       5
       4
       4
       3
       3
       3
       1
       1
       3
       5
       6
       1
       3
       2
       7
       0
       1
       3
       4
       4
       2
       4
       1
       4
       5
       3
       5
       1
       1
       7
       7
       2
       4
       2
       5
       1
       1
       7
       4
       2
       7
       1
       4
       3
       3
       3
       3
       2
       4
       5
       6
       2
       2
       4
       4
       2
       2
       6
       5
       4
       3
       3
       6
       1
       2
       5
       4
       5
       6
       2
       6
       7
       5
       8
       4
       1
       2
       3
       2
       3
       1
       3
       3
       4
       2
       5
       2
       5
       4
       3
       5
       3
       3
       6
       6
       5
       6
       2
       6
       1
       6
       2
       1
       4
       3
       3
       6
       6
       7
       4
       5
       2
       4
       6
       6
       1
       3
       9
       2
       4
       6
       1
       3
       4
       3
       3
       5
       4
       6
       0
       5
       4
       0
       5
       4
       4
       1
       4
       4
       3
       3
       1
       4
       5
       1
       3
       2
       1
       5
       0
       3
       1
       1
       3
       1
       6
       4
       2
       2
       4
       6
       4
       2
       5
       4
       2
       3
       8
       4
       3
       2
       4
       4
       4
       6
       3
       6
       2
       4
       4
       4
       3
       2
       2
       7
       4
       5
       2
       4
       1
       1
       7
       1
       5
       2
       2
       2
       3
       2
       2
       3
       3
       4
       6
       4
       2
       8
       3
       3
       2
       4
       3
       5
       4
       6
       3
       9
       2
       5
       5
       3
       3
       4
       4
       1
       5
       1
       3
       2
       3
       2
       4
       5
       4
       3
       4
       2
       1
       5
       1
       2
       4
       3
       2
       6
       4
       7
       2
       4
       0
       4
       4
       2
       4
       4
       3
       4
       4
       2
       5
       4
       5
       6
       3
       2
       3
       1
       4
       0
       3
       2
       2
       6
       4
       4
       3
       4
       4
       3
       5
       8
       5
       4
       2
       1
       3
       5
       3
       3
       2
       4
       7
       3
       2
       3
       2
       1
       1
       4
       4
       3
       3
       3
       3
       1
       7
       2
       6
       4
       3
       2
       0
       4
       2
       5
       4
       4
       4
       6
       1
       4
       6
       1
       2
       2
       2
       5
       6
       4
       4
       6
       3
       2
       3
       2
       5
       2
       2
       4
       3
       4
       4
       6
       8
       7
       2
       3
       4
       2
       2
       6
       6
       1
       5
       4
       5
       2
       5
       1
       6
       4
       1
       1
       7
       4
       3
       3
       2
       8
       1
       3
       6
       5
       2
       1
       5
       8
       7
       5
       2
       1
       1
       1
       2
       3
       3
       3
       1
       3
       5
       2
       4
       4
       3
       2
       3
       3
       5
       6
       4
       2
       1
       7
       4
       6
       2
       2
       7
       5
       2
       0
       4
       4
       4
       1
       3
       1
       1
       3
       4
       3
       8
       4
       6
       6
       3
       3
       3
       3
       7
       3
       2
       2
       9
       0
       4
       5
       6
       4
       5
       8
       5
       2
       2
       5
       3
       4
       6
       3
       8
       3
       4
       1
       5
       2
       4
       6
       4
       4
       2
       1
       0
       3
       2
       8
       2
       3
       7
       1
       6
       4
       2
       3
       5
       6
       3
       7
       2
       2
       4
       3
       6
       2
       2
       1
       7
       5
       3
       3
       5
       8
       6
       2
       3
       4
       6
       2
       1
       6
       3
       2
       1
       4
       7
       4
       2
       5
       7
       2
       4
       4
       6
       4
       3
       2
       5
       2
       2
       7
       2
       5
       3
       4
       8
       4
       9
       5
       5
       4
       2
       4
       4
       5
       5
       2
       1
       7
       4
       1
       3
       2
       3
       5
       4
       4
       2
       4
       7
       2
       6
       5
       5
       3
       0
       6
       8
       5
       3
       4
       4
       5
       3
       3
       4
       3
       4
       1
       4
       4
       4
       2
       5
       2
       0
       6
       5
       4
       2
       5
       2
       5
       1
       4
       1
       2
       7
       3
       3
       2
       3
       8
       2
       6
       1
       1
       3
       3
       5
       1
       1
       6
       2
       2
       3
       4
       4
       3
       3
       3
       2
       2
       3
       7
       4
       5
       3
       7
       2
       5
       3
       5
       6
       5
       3
       4
       5
       8
       3
       5
       5
       6
       1
       4
       5
       6
       1
       2
       2
       5
       6
       3
       4
       2
       2
       6
       5
       4
       6
       4
       5
       5
       3
       6
       3
       5
       3
       4
       7
       5
       0
       0
       4
       1
       4
       5
       2
       4
       4
       5
       2
       5
       4
       4
       3
       6
       5
       3
       8
       6
       1
       3
       7
       6
       3
       7
       3
       2
       6
       4
       5
       1
       3
       1
       7
       1
       5
       5
       5
       6
       3
       9
       1
       4
       8
       3
       5
       5
       1
       6
       5
       4
       4
       3
       6
       0
       3
       6
       3
       1
       6
       4
       4
       3
       5
       6
       3
       4
       4
       2
       4
       7
       2
       3
       2
       3
       8
       3
       7
       2
       7
       3
       3
       4
       7
       4
       6
       5
       7
       6
       5
       4
       4
       3
       7
       4
       2
       1
       1
       4
       3
       1
       7
       3
       9
       5
       6
      47
     118
     104
     125
     114
     124
     128
     109
     100
      97
     108
     111
     118
     102
     112
     119
     141
     131
     124
     105
     112
     121
     130
     114
     113
     107
     119
     101
     112
      92
     109
     100
     107
     117
     122
     113
     116
     114
      98
     101
     100
     112
      91
     102
     110
     101
      99
     101
      88
     101
     113
     101
     103
     127
     120
     106
     123
     118
     100
     101
     106
      94
     116
     113
     102
     133
     124
     118
     104
     115
     123
     109
     110
     111
     129
     107
     104
     111
     116
     113
     109
     106
     132
     119
     118
      91
     105
      98
     109
     102
     104
     103
      94
     113
     101
      92
     114
     116
     100
      94
     120
     102
     131
     115
     100
      78
     109
     123
     108
     109
      95
     103
      92
     110
     115
     104
     108
     120
     106
     114
     118
     105
      98
     115
      97
     111
     102
     106
     106
     109
     102
     128
     112
     105
     104
     105
      87
     108
     129
     120
     104
      96
     106
     108
     103
      96
     101
     112
     113
     100
      94
     101
     108
     105
     106
     115
     110
     117
     105
     108
      98
     111
     104
      90
     101
     112
      94
      88
     101
     103
     105
      92
     107
     114
      98
     109
     122
     109
     107
     107
     104
     112
     109
     121
      42
$ROI:
5
349 399
960 988
992 1050
1491 1501
5157 5169
$PRESETS:
None
0
0
$ENER_FIT:
0.000000 0.107033
$MCA_CAL:
3
0.000000E+000 1.070331E-001 0.000000E+000 keV
$SHAPE_CAL:
3
0.000000E+000 0.000000E+000 0.000000E+000
