$SPEC_ID:
23cm counts
$SPEC_REM:
DET# 1
DETDESC# DLAB-PHY-L3-49 926 Right
AP# Maestro Version 7.01
$DATE_MEA:
10/25/2024 15:31:42
$MEAS_TIM:
547 703
$DATA:
0 8191
       0
       0
       0
       0
       0
       0
       0
       0
       0
       0
       0
       0
       0
       0
       0
       0
       0
       0
       0
       0
       0
       1
       0
       4
      11
      18
      34
      35
      38
      64
      68
     103
     110
     166
     581
    2111
    5446
    9341
   13177
   15192
   16093
   15263
   14124
   12110
   10355
    8849
    7252
    6225
    5317
    4496
    3780
    3181
    2683
    2288
    1897
    1645
    1407
    1245
     982
     873
     760
     618
     547
     529
     409
     366
     294
     246
     225
     206
     192
     184
     170
     121
     122
     115
      90
      99
      83
      75
      68
      62
      81
      55
      62
      57
      50
      51
      45
      66
      46
      50
      44
      45
      56
      41
      58
      49
      60
      45
      54
      54
      55
      58
      45
      32
      44
      42
      52
      44
      36
      41
      45
      36
      37
      40
      49
      43
      60
      42
      47
      51
      53
      42
      35
      46
      34
      44
      52
      48
      42
      37
      42
      44
      35
      37
      44
      56
      59
      40
      50
      39
      43
      34
      41
      41
      44
      40
      41
      40
      39
      52
      39
      43
      34
      33
      23
      53
      38
      45
      43
      34
      38
      38
      35
      39
      37
      41
      39
      44
      45
      47
      31
      33
      35
      33
      40
      37
      35
      48
      37
      42
      31
      38
      30
      40
      37
      50
      34
      48
      33
      36
      42
      36
      50
      37
      39
      47
      32
      30
      23
      41
      35
      40
      37
      36
      39
      32
      31
      39
      36
      30
      47
      36
      40
      31
      41
      28
      30
      28
      38
      37
      43
      30
      27
      26
      37
      38
      39
      31
      34
      35
      27
      29
      48
      49
      25
      26
      38
      45
      31
      36
      29
      46
      34
      32
      32
      35
      33
      37
      39
      32
      33
      29
      33
      30
      36
      34
      27
      33
      32
      32
      40
      31
      30
      41
      34
      28
      22
      38
      37
      39
      44
      31
      33
      34
      31
      34
      36
      30
      26
      20
      34
      38
      35
      34
      29
      36
      34
      39
      38
      36
      26
      46
      38
      41
      33
      27
      46
      30
      34
      33
      33
      30
      32
      33
      40
      36
      40
      31
      32
      29
      30
      31
      34
      36
      29
      23
      31
      23
      31
      34
      31
      33
      35
      35
      40
      38
      38
      21
      28
      36
      25
      37
      36
      30
      39
      28
      28
      40
      33
      37
      28
      39
      38
      30
      32
      37
      26
      32
      27
      36
      28
      35
      36
      32
      27
      32
      48
      31
      36
      38
      29
      35
      28
      28
      27
      29
      28
      32
      31
      19
      30
      41
      30
      33
      41
      22
      34
      33
      33
      26
      31
      43
      36
      35
      33
      21
      32
      31
      40
      30
      25
      43
      33
      23
      34
      35
      27
      44
      23
      37
      16
      41
      33
      30
      32
      37
      33
      38
      23
      33
      35
      39
      21
      44
      35
      38
      24
      27
      33
      37
      33
      36
      36
      35
      28
      34
      31
      40
      27
      26
      32
      30
      23
      31
      27
      29
      21
      28
      41
      30
      32
      27
      33
      29
      48
      36
      30
      32
      26
      23
      36
      41
      28
      21
      29
      34
      42
      30
      37
      31
      29
      37
      35
      30
      32
      42
      38
      30
      27
      33
      23
      29
      39
      28
      41
      38
      36
      37
      37
      29
      30
      36
      43
      36
      33
      34
      38
      30
      26
      35
      19
      41
      27
      24
      24
      32
      30
      25
      24
      30
      31
      34
      29
      35
      27
      33
      33
      29
      27
      28
      32
      26
      35
      34
      25
      26
      30
      30
      38
      35
      41
      37
      33
      40
      26
      37
      21
      30
      38
      32
      32
      36
      31
      35
      33
      34
      29
      34
      23
      30
      16
      31
      33
      41
      26
      26
      41
      28
      30
      44
      27
      38
      38
      32
      35
      30
      35
      29
      43
      26
      17
      23
      25
      37
      36
      38
      27
      29
      32
      37
      25
      37
      33
      29
      33
      41
      26
      38
      27
      30
      40
      41
      32
      28
      24
      36
      31
      38
      24
      30
      43
      37
      36
      24
      33
      36
      37
      31
      37
      31
      40
      26
      30
      31
      32
      31
      27
      30
      29
      38
      35
      34
      30
      44
      41
      36
      33
      36
      27
      37
      30
      41
      49
      34
      27
      41
      44
      34
      48
      46
      33
      39
      52
      50
      42
      44
      32
      36
      42
      30
      40
      43
      37
      53
      50
      36
      50
      44
      60
      48
      53
      44
      49
      48
      43
      54
      60
      41
      51
      56
      58
      41
      60
      38
      39
      41
      50
      36
      44
      62
      36
      53
      48
      49
      37
      45
      41
      41
      36
      32
      45
      31
      33
      46
      36
      30
      33
      30
      28
      38
      45
      33
      35
      40
      38
      34
      33
      26
      34
      48
      33
      33
      28
      33
      23
      41
      41
      27
      39
      28
      40
      37
      24
      39
      30
      36
      26
      31
      34
      36
      30
      43
      41
      33
      29
      34
      30
      26
      24
      33
      29
      46
      38
      32
      35
      37
      40
      36
      40
      28
      33
      30
      42
      35
      50
      51
      41
      40
      45
      43
      48
      42
      40
      30
      51
      35
      45
      34
      53
      42
      41
      42
      41
      36
      36
      36
      45
      39
      31
      35
      40
      37
      31
      40
      41
      35
      42
      46
      41
      37
      33
      38
      35
      37
      24
      33
      35
      48
      34
      29
      34
      35
      26
      34
      30
      33
      30
      37
      27
      41
      31
      26
      39
      41
      39
      38
      30
      35
      36
      42
      32
      29
      30
      26
      32
      24
      22
      48
      29
      21
      25
      27
      31
      33
      33
      31
      36
      30
      38
      25
      15
      29
      30
      26
      27
      32
      26
      32
      22
      23
      32
      31
      25
      36
      23
      30
      33
      28
      30
      36
      38
      34
      21
      30
      21
      30
      29
      37
      38
      28
      27
      25
      31
      27
      29
      17
      36
      34
      20
      20
      33
      26
      24
      18
      27
      23
      28
      20
      33
      20
      33
      24
      37
      21
      33
      47
      25
      22
      27
      21
      32
      30
      29
      28
      40
      21
      26
      31
      35
      36
      34
      35
      29
      34
      29
      30
      30
      38
      30
      25
      26
      30
      22
      31
      26
      44
      32
      36
      22
      26
      39
      24
      38
      24
      36
      31
      44
      23
      34
      38
      28
      32
      30
      28
      32
      33
      33
      35
      45
      30
      40
      31
      41
      34
      34
      24
      27
      34
      20
      29
      34
      28
      36
      25
      23
      35
      22
      32
      27
      23
      36
      27
      25
      29
      25
      43
      35
      30
      37
      27
      34
      32
      35
      29
      24
      25
      31
      25
      29
      31
      27
      27
      32
      37
      28
      26
      31
      35
      38
      24
      27
      26
      39
      33
      28
      28
      40
      32
      39
      22
      34
      37
      26
      30
      28
      37
      33
      30
      24
      25
      25
      20
      32
      26
      22
      24
      28
      22
      32
      30
      32
      20
      28
      24
      30
      25
      29
      23
      32
      26
      31
      35
      24
      34
      32
      31
      31
      25
      38
      31
      25
      32
      36
      20
      18
      26
      32
      33
      30
      26
      17
      27
      31
      35
      38
      28
      28
      21
      32
      27
      29
      26
      29
      29
      34
      33
      32
      24
      25
      31
      25
      27
      31
      27
      35
      19
      37
      21
      34
      26
      26
      24
      29
      36
      25
      34
      24
      24
      31
      25
      37
      23
      21
      30
      32
      29
      29
      35
      34
      27
      29
      25
      26
      27
      31
      27
      30
      34
      37
      30
      25
      20
      30
      33
      28
      27
      33
      34
      21
      26
      23
      31
      32
      22
      27
      25
      35
      20
      26
      22
      25
      27
      28
      25
      26
      31
      21
      33
      32
      27
      29
      23
      23
      37
      37
      31
      26
      28
      34
      30
      28
      18
      33
      34
      22
      23
      37
      23
      40
      30
      30
      34
      30
      27
      29
      35
      27
      26
      23
      33
      28
      30
      30
      20
      22
      24
      35
      32
      20
      31
      31
      30
      34
      27
      22
      24
      28
      32
      23
      27
      28
      22
      33
      24
      37
      34
      29
      20
      23
      28
      35
      31
      34
      31
      35
      28
      30
      28
      34
      26
      28
      28
      19
      26
      26
      20
      28
      28
      26
      32
      32
      26
      29
      36
      25
      34
      27
      24
      19
      25
      28
      28
      27
      39
      29
      38
      24
      36
      29
      24
      32
      26
      26
      26
      30
      22
      27
      22
      22
      33
      34
      24
      24
      31
      27
      23
      31
      22
      33
      30
      33
      33
      25
      24
      27
      27
      33
      26
      29
      26
      20
      28
      32
      28
      26
      27
      28
      27
      19
      28
      27
      26
      25
      28
      30
      33
      31
      27
      22
      24
      19
      25
      30
      38
      28
      17
      23
      22
      19
      25
      28
      40
      23
      38
      23
      30
      30
      25
      27
      21
      30
      35
      27
      41
      20
      23
      33
      24
      30
      24
      31
      23
      32
      31
      24
      23
      30
      26
      27
      20
      27
      19
      38
      24
      21
      28
      23
      29
      21
      26
      34
      23
      29
      27
      33
      19
      29
      35
      31
      30
      27
      24
      26
      27
      26
      38
      34
      24
      21
      25
      27
      32
      24
      31
      28
      20
      23
      31
      29
      27
      24
      31
      22
      34
      24
      30
      26
      36
      32
      22
      11
      29
      24
      24
      27
      39
      24
      32
      22
      30
      29
      16
      29
      20
      23
      32
      23
      23
      27
      24
      21
      24
      34
      23
      25
      23
      34
      19
      24
      25
      12
      23
      29
      35
      24
      29
      27
      19
      28
      17
      32
      28
      23
      21
      13
      20
      22
      30
      28
      20
      25
      31
      21
      25
      33
      19
      24
      16
      21
      22
      23
      33
      24
      37
      32
      26
      25
      24
      31
      34
      30
      20
      30
      19
      21
      32
      33
      29
      25
      19
      21
      33
      32
      31
      25
      23
      27
      32
      30
      32
      33
      28
      27
      28
      31
      27
      30
      35
      28
      35
      25
      22
      39
      22
      22
      22
      28
      23
      25
      25
      20
      25
      36
      29
      33
      32
      31
      29
      16
      24
      32
      30
      42
      24
      26
      24
      36
      25
      43
      30
      27
      33
      30
      31
      33
      30
      26
      27
      31
      28
      36
      25
      30
      29
      21
      26
      21
      29
      30
      33
      29
      30
      34
      25
      20
      23
      20
      36
      21
      33
      26
      22
      27
      30
      34
      38
      28
      29
      31
      37
      25
      25
      28
      25
      25
      23
      34
      29
      30
      32
      28
      38
      24
      20
      37
      37
      44
      27
      24
      30
      35
      30
      37
      38
      27
      29
      33
      25
      32
      32
      31
      24
      26
      34
      19
      25
      38
      37
      30
      47
      30
      23
      33
      26
      33
      27
      36
      24
      31
      30
      25
      36
      32
      31
      38
      35
      32
      29
      33
      30
      29
      28
      33
      30
      33
      35
      32
      30
      20
      26
      36
      27
      36
      39
      33
      31
      35
      32
      38
      27
      23
      37
      31
      43
      41
      29
      29
      34
      33
      34
      30
      24
      30
      20
      26
      33
      28
      27
      38
      36
      34
      36
      25
      29
      29
      31
      27
      40
      35
      31
      24
      32
      31
      38
      36
      31
      32
      26
      32
      25
      33
      27
      32
      37
      45
      26
      25
      26
      31
      22
      37
      27
      28
      37
      28
      28
      27
      33
      18
      34
      31
      36
      29
      28
      30
      29
      33
      45
      30
      25
      41
      23
      27
      39
      29
      36
      32
      37
      31
      28
      28
      28
      32
      29
      32
      29
      35
      28
      20
      29
      29
      33
      26
      30
      25
      23
      20
      33
      35
      33
      32
      28
      30
      31
      27
      34
      23
      32
      33
      34
      26
      28
      29
      36
      27
      41
      33
      33
      32
      29
      19
      34
      27
      34
      18
      30
      26
      28
      37
      25
      34
      41
      29
      21
      36
      30
      22
      32
      32
      31
      34
      29
      31
      35
      31
      32
      33
      25
      37
      32
      27
      25
      20
      34
      24
      29
      34
      41
      35
      26
      23
      31
      30
      23
      24
      33
      33
      27
      27
      24
      32
      17
      22
      34
      18
      32
      40
      22
      34
      31
      33
      32
      24
      33
      24
      29
      32
      36
      24
      28
      29
      27
      35
      33
      16
      28
      31
      22
      37
      34
      19
      19
      23
      20
      22
      36
      33
      31
      34
      26
      31
      23
      41
      27
      29
      28
      28
      26
      28
      36
      27
      28
      21
      26
      33
      24
      28
      35
      33
      41
      31
      21
      36
      26
      42
      25
      26
      30
      23
      34
      35
      34
      31
      24
      25
      32
      29
      36
      35
      41
      33
      32
      27
      28
      25
      33
      27
      25
      32
      24
      24
      33
      39
      27
      24
      23
      20
      31
      30
      31
      28
      35
      27
      24
      33
      21
      35
      37
      27
      36
      31
      25
      22
      21
      26
      22
      32
      19
      20
      29
      32
      29
      33
      31
      23
      35
      25
      24
      41
      24
      31
      31
      35
      29
      23
      22
      29
      29
      33
      43
      20
      28
      34
      38
      30
      27
      32
      31
      41
      29
      32
      24
      21
      30
      29
      34
      37
      25
      37
      27
      28
      25
      24
      28
      18
      25
      41
      27
      33
      26
      26
      35
      28
      18
      27
      19
      27
      30
      26
      28
      29
      16
      26
      32
      29
      26
      33
      30
      34
      30
      23
      35
      38
      27
      38
      35
      24
      22
      25
      31
      23
      25
      27
      28
      29
      29
      32
      32
      28
      25
      26
      27
      37
      34
      30
      30
      30
      25
      27
      20
      25
      35
      29
      27
      20
      25
      28
      24
      31
      22
      35
      27
      26
      31
      25
      40
      20
      30
      29
      21
      26
      25
      32
      22
      26
      23
      33
      29
      32
      28
      26
      27
      29
      29
      25
      23
      29
      31
      33
      19
      29
      28
      27
      24
      31
      32
      29
      26
      30
      24
      25
      22
      26
      20
      26
      35
      27
      30
      24
      33
      32
      28
      25
      24
      22
      27
      29
      26
      31
      22
      33
      25
      32
      27
      25
      30
      30
      31
      26
      29
      24
      21
      30
      34
      33
      20
      29
      32
      30
      35
      23
      33
      41
      34
      24
      21
      26
      15
      24
      35
      31
      26
      30
      27
      32
      28
      31
      27
      26
      31
      20
      19
      27
      34
      24
      29
      34
      31
      32
      29
      31
      31
      21
      30
      22
      22
      22
      31
      34
      25
      17
      26
      27
      32
      27
      26
      23
      30
      26
      19
      35
      40
      22
      26
      21
      22
      39
      27
      21
      27
      29
      31
      28
      36
      24
      15
      21
      20
      35
      35
      28
      19
      33
      23
      24
      31
      34
      23
      33
      28
      24
      24
      20
      25
      32
      30
      21
      27
      18
      31
      35
      31
      21
      40
      26
      30
      30
      31
      34
      34
      36
      30
      34
      23
      27
      24
      24
      28
      31
      23
      18
      28
      27
      31
      31
      36
      29
      22
      29
      28
      20
      24
      18
      29
      15
      21
      31
      29
      33
      23
      26
      30
      29
      27
      29
      26
      24
      25
      28
      27
      30
      31
      17
      23
      29
      27
      24
      32
      35
      26
      25
      26
      39
      32
      15
      22
      30
      25
      26
      23
      33
      32
      29
      24
      22
      22
      27
      29
      22
      26
      20
      29
      38
      24
      35
      27
      30
      26
      30
      37
      29
      27
      24
      23
      38
      20
      31
      28
      24
      27
      27
      31
      35
      28
      30
      24
      29
      33
      25
      28
      26
      29
      27
      23
      31
      29
      25
      24
      27
      34
      35
      39
      28
      29
      25
      24
      24
      32
      35
      26
      29
      29
      23
      24
      28
      32
      22
      27
      31
      32
      27
      25
      26
      29
      31
      29
      37
      26
      28
      29
      43
      23
      23
      27
      20
      15
      24
      26
      27
      29
      38
      39
      33
      30
      29
      29
      29
      26
      42
      26
      23
      27
      38
      29
      37
      25
      37
      26
      24
      31
      32
      24
      35
      29
      15
      19
      29
      35
      26
      31
      25
      23
      26
      30
      26
      27
      29
      22
      25
      40
      31
      35
      32
      28
      21
      32
      22
      36
      29
      27
      35
      24
      36
      32
      23
      26
      30
      19
      35
      20
      34
      25
      25
      25
      27
      29
      27
      33
      25
      24
      26
      28
      34
      26
      25
      30
      29
      27
      21
      22
      31
      26
      32
      28
      26
      38
      30
      27
      19
      31
      31
      28
      26
      30
      33
      26
      21
      31
      30
      42
      31
      29
      31
      28
      38
      31
      22
      24
      30
      30
      24
      22
      33
      30
      28
      24
      33
      32
      29
      36
      36
      24
      23
      32
      24
      23
      29
      43
      37
      28
      32
      24
      19
      26
      31
      26
      23
      38
      25
      23
      33
      21
      44
      27
      22
      28
      22
      20
      33
      30
      15
      25
      30
      31
      33
      27
      34
      29
      32
      32
      30
      27
      23
      29
      42
      20
      18
      23
      26
      29
      28
      34
      23
      32
      35
      28
      23
      39
      25
      28
      30
      29
      35
      20
      25
      32
      25
      21
      34
      24
      29
      31
      20
      27
      27
      17
      33
      26
      29
      29
      34
      28
      28
      34
      37
      36
      29
      24
      30
      27
      33
      35
      28
      30
      32
      27
      30
      23
      22
      32
      32
      27
      25
      21
      28
      32
      34
      34
      22
      22
      23
      38
      33
      39
      33
      24
      30
      31
      27
      34
      27
      30
      32
      28
      34
      34
      23
      21
      35
      39
      31
      30
      27
      33
      21
      29
      25
      27
      30
      27
      34
      30
      32
      15
      24
      32
      28
      22
      31
      21
      27
      31
      18
      28
      22
      27
      23
      27
      33
      31
      22
      26
      24
      26
      28
      27
      33
      26
      27
      31
      22
      34
      25
      28
      31
      30
      31
      31
      40
      29
      28
      26
      29
      22
      29
      43
      30
      29
      26
      33
      24
      29
      25
      32
      27
      26
      30
      32
      32
      30
      35
      24
      32
      29
      26
      29
      21
      26
      31
      23
      33
      26
      25
      30
      29
      36
      30
      36
      27
      27
      24
      26
      25
      35
      36
      44
      23
      34
      19
      40
      32
      27
      22
      21
      33
      30
      29
      33
      32
      29
      21
      29
      33
      28
      26
      39
      33
      21
      26
      29
      32
      39
      19
      38
      26
      23
      28
      35
      20
      24
      29
      25
      23
      28
      29
      27
      48
      38
      30
      19
      24
      32
      34
      24
      40
      30
      30
      38
      20
      31
      31
      23
      39
      28
      31
      28
      33
      27
      28
      34
      33
      31
      29
      38
      33
      30
      25
      27
      21
      37
      33
      33
      29
      37
      44
      42
      37
      37
      32
      31
      34
      31
      35
      24
      36
      28
      24
      34
      33
      28
      35
      31
      34
      33
      35
      34
      23
      35
      21
      31
      30
      18
      40
      29
      46
      26
      33
      39
      28
      31
      38
      31
      35
      30
      33
      28
      32
      28
      35
      27
      37
      25
      23
      31
      25
      31
      32
      26
      41
      28
      29
      28
      36
      28
      28
      26
      31
      19
      36
      33
      30
      32
      35
      24
      35
      24
      31
      33
      36
      38
      25
      29
      34
      28
      27
      38
      42
      29
      30
      36
      29
      32
      29
      41
      32
      37
      30
      27
      21
      33
      30
      34
      35
      33
      32
      31
      33
      35
      36
      28
      38
      44
      34
      28
      32
      27
      37
      34
      26
      34
      35
      33
      29
      36
      31
      29
      31
      18
      34
      38
      33
      44
      40
      34
      27
      33
      35
      33
      34
      31
      30
      34
      37
      21
      31
      28
      40
      29
      27
      28
      43
      28
      35
      34
      33
      26
      39
      30
      26
      26
      24
      32
      36
      31
      24
      34
      27
      25
      39
      31
      33
      35
      30
      31
      22
      29
      35
      26
      31
      34
      35
      43
      40
      32
      35
      42
      31
      27
      39
      41
      43
      35
      27
      37
      29
      34
      39
      60
      49
      41
      38
      27
      33
      21
      36
      39
      30
      34
      35
      32
      34
      41
      40
      23
      42
      36
      30
      40
      40
      42
      35
      41
      31
      26
      32
      27
      41
      43
      32
      37
      35
      33
      35
      38
      40
      36
      31
      19
      41
      29
      33
      38
      45
      39
      35
      32
      26
      32
      39
      32
      35
      27
      40
      42
      32
      37
      30
      53
      33
      23
      25
      41
      33
      34
      36
      26
      32
      29
      30
      23
      44
      37
      39
      29
      35
      37
      29
      31
      33
      29
      31
      34
      29
      43
      36
      39
      46
      36
      34
      29
      51
      33
      39
      44
      30
      34
      31
      39
      27
      36
      39
      39
      28
      35
      42
      32
      38
      29
      36
      35
      32
      31
      28
      37
      43
      39
      43
      28
      23
      29
      35
      36
      31
      36
      33
      37
      36
      37
      29
      33
      28
      31
      34
      34
      37
      34
      33
      39
      32
      28
      44
      20
      35
      32
      38
      37
      24
      36
      32
      47
      38
      31
      34
      29
      35
      36
      18
      29
      31
      33
      21
      38
      27
      36
      33
      25
      24
      23
      23
      31
      28
      32
      25
      27
      32
      27
      14
      26
      23
      28
      16
      28
      26
      21
      21
      27
      29
      19
      32
      30
      29
      22
      26
      21
      30
      25
      33
      25
      29
      28
      28
      20
      32
      28
      23
      18
      21
      28
      21
      23
      26
      16
      23
      24
      23
      23
      24
       7
      27
      17
      16
      24
      25
      25
      22
      28
      21
      26
      23
      19
      22
      19
      25
      19
      14
      16
      25
      22
      19
      33
      20
      23
      26
      23
      21
      22
      17
      20
      23
      21
       9
      29
      18
      15
      22
      24
      18
      27
      30
      12
      23
      24
      16
      18
      28
      22
      22
      21
      25
      14
      25
      26
      28
      16
      20
      15
      17
      20
      31
      20
      22
      17
      21
      23
      28
      20
      15
      22
      16
      16
      25
      23
      19
      21
      32
      20
      11
      13
      22
      21
      24
      26
      21
      19
      16
      22
      11
       7
      18
      14
      20
      16
      24
      18
      23
      18
      24
      11
      12
      24
      14
      19
      18
      27
      17
      18
      19
      13
      28
      16
      18
      15
      16
      21
      23
      22
      18
      22
      14
      28
      16
      15
      19
      20
      17
      18
      20
      18
      12
      17
      22
      28
      24
      12
      10
      14
      22
      17
      14
      15
      21
      15
      18
      10
      16
      19
      20
      19
       9
      11
      17
      18
      19
      18
      21
      18
      18
      16
      20
      19
      20
      17
      14
      17
      13
      12
      16
      22
      21
      19
      15
      11
      18
      24
      11
      18
      13
      17
      11
      20
      25
      20
      11
      20
      13
      16
      20
      20
      16
      15
      18
      23
      19
      15
      19
      20
      13
      13
      15
      18
      12
      16
      13
      19
      17
      16
      24
      23
      16
      20
      18
      19
      10
       9
      23
      17
      17
      22
      20
      13
      12
      14
      21
      23
      17
      19
      19
      12
      23
      16
      16
      14
      14
      12
      19
      16
      22
      17
      14
      12
      15
      17
      18
      19
      10
      21
      11
      16
      12
      10
      18
      18
      14
      18
      29
      20
      19
      11
      22
      11
      12
      22
      17
      13
      13
      15
      16
       9
      15
       6
      16
      15
      20
      25
      23
      19
      14
      15
      16
      24
       6
      13
      13
      13
      21
      16
      19
      13
      12
      20
      18
      12
      15
      10
      10
      14
      16
      24
      13
      13
      10
      15
      14
      20
      15
      15
      16
      10
      16
      20
      15
      17
      19
      10
       9
      19
       9
      13
      11
      14
      16
      15
      17
      19
      11
      13
      16
      19
      11
      15
      19
       8
      17
       9
      12
      13
      15
      13
      12
      15
       9
      10
      16
      13
       6
      14
      11
      12
      12
      14
      14
      11
      17
      13
      10
      15
      16
      14
      17
      13
       8
      11
      19
      12
      10
      15
      13
      16
      19
       6
      11
      13
      16
      18
      14
      10
      18
      20
      19
      16
      11
      15
      12
      12
      11
       5
      15
      15
      11
      10
       9
       8
       7
      12
      13
      10
      11
      12
      12
      21
       6
      10
      10
       9
      13
      12
      17
      12
      12
      16
      20
      15
      11
      16
      12
      11
      15
       9
      16
      12
       9
       9
      13
       9
      15
       4
       7
       8
      15
      10
      13
      12
      18
      12
      11
      18
      11
      11
      15
      12
      19
       7
      13
      12
       6
      14
       6
      13
      13
      11
       9
       8
      10
      12
      12
      14
      14
       9
       9
      12
       9
      15
       7
       7
      19
       6
       7
      13
       9
       9
      13
       4
      11
      18
      11
       9
       9
       9
      14
      17
       8
      10
       6
      13
      12
      14
       6
      13
      19
      15
      15
      14
       5
      12
      11
      11
      13
      10
      14
       6
      11
       9
      10
      11
       9
      14
       8
      10
      13
       9
      12
      11
       4
      15
       4
      11
       9
      12
      14
      17
       5
      14
       8
       6
      12
       9
      12
      12
       7
      12
       9
      13
      12
      15
      10
       7
       6
      11
       9
      17
      11
      16
      11
      10
       7
       9
      11
      14
       8
      12
      11
      13
      11
       7
      14
       8
       6
      12
      10
      11
      12
       9
      15
      17
       8
      11
      12
      10
       5
       9
      12
      11
       6
       7
      11
      11
      10
      10
       2
      10
       5
      10
      14
       9
       8
      13
      15
       8
      10
      10
       9
       8
      14
       7
       5
      12
       8
      12
      11
      10
      10
      12
      11
      13
      10
       4
      10
      11
      12
       9
      12
       9
       5
       9
       9
       9
       7
       7
      11
       9
       9
      12
       9
      10
      13
       7
      13
       7
      11
       5
       7
       6
       9
       9
       6
       6
       4
      17
       5
       9
      13
       9
      13
      12
       9
       8
      11
      10
      13
      10
       5
       8
       6
       9
       6
      12
       8
      11
      13
      10
       8
       4
       6
       5
      15
      12
       7
       6
       8
      13
       5
       6
      13
      14
       4
      11
       9
       8
       6
      10
      11
       8
       9
      10
       5
      11
       8
      10
       7
       9
      14
      10
       6
      10
       5
       6
       9
      14
       8
      10
       9
      14
      13
      10
       8
       7
      10
       9
      12
       7
      10
      13
      11
      13
       8
       5
       7
       7
       9
      13
      15
       6
       5
       6
       2
       9
      16
       7
       8
       9
      13
       5
       8
      10
      10
       7
      10
       6
       6
       6
       9
      12
      10
      10
      15
      12
      11
      10
      11
      15
       5
      12
       4
       9
       4
      12
       7
      16
       5
       7
       6
      12
      11
       5
       3
       4
       9
       2
       6
      13
      12
       5
      10
       5
       8
       9
      13
      11
       7
       7
      11
       8
       9
       6
       9
       7
       6
       5
      10
      10
      12
       5
      10
       6
       9
       8
       6
       9
       5
       8
       8
       2
       9
       6
      12
       9
       8
       5
       9
       8
      14
      10
       6
       8
       6
       8
       8
      10
      10
       5
       7
      10
       6
      14
       7
      13
       3
       5
       9
       8
       3
      10
       7
      13
       4
      11
      14
       4
       6
      10
       3
       5
       6
      11
      12
       9
       7
       7
       6
      14
       9
       3
       7
       8
       6
       8
      12
       8
      11
      14
       9
       7
      10
       7
       8
       9
      10
      12
       7
       8
       7
       9
       9
      14
      11
      11
       7
      14
      14
       6
      14
       6
      13
      10
       6
      10
       2
       9
       6
      13
       9
       6
      10
      10
       4
       8
       7
       8
       8
      13
       8
       7
      10
       7
      10
       9
      10
       9
      11
       9
      10
      11
      11
       7
       8
       7
      12
      18
      11
       6
       8
      13
       8
       3
      14
       6
       4
       7
      10
       9
      17
       7
       5
       8
       6
       3
      11
       6
       8
       4
      10
      13
       9
       7
       9
       7
      10
      12
       4
       7
       5
       9
      19
      10
       8
       9
       5
      13
      14
       8
       9
      10
      13
      13
       6
       7
      10
       5
       7
       6
      11
       9
      10
       8
      13
       7
      11
      10
       5
       9
       7
       7
       9
       6
       9
       5
      12
      12
      10
       9
       7
      10
      11
       7
       9
       8
       8
       5
      12
       8
       4
       8
       4
      10
      10
       6
       6
       9
       9
      13
       7
       7
      11
       7
       3
      10
       9
      10
       5
       2
      10
       6
      11
      12
       9
       7
      10
       5
       7
       8
       8
       8
       9
      11
       4
      12
      11
       6
       8
      10
      12
       8
       7
      10
      10
       8
       6
       8
       7
      12
       6
      10
       9
       9
       9
       8
       7
       9
       9
       5
       8
      13
      11
       9
      18
       8
      10
       6
       4
       7
      12
       9
       8
       3
       8
       5
       9
       4
       6
      11
       4
       5
       7
       7
       6
       6
      10
       6
       6
      11
      10
      10
       5
       7
       5
      12
      11
      10
       3
       9
      11
       7
       8
       5
       9
       7
       9
       6
       9
       6
       7
       9
       8
       9
       5
      11
       7
      12
      13
       9
       5
       7
       9
       9
       9
      10
      10
       7
       8
      12
      10
       7
      13
       8
      12
       9
       7
       8
      14
       8
       6
       5
       6
       8
      11
       6
       5
      14
      10
      12
       7
       3
      12
       5
       8
       4
      10
       6
       8
      11
       8
       7
      12
       8
       4
       8
       8
      10
      14
       7
       8
       4
      10
       8
       8
      11
       6
       9
       4
       6
       7
      12
       3
      11
       8
       4
       7
       9
       9
       6
       6
       9
       5
      15
       9
       8
       4
       6
       4
       8
       8
       7
       4
       4
       5
       3
       7
       5
       4
       6
       7
       6
       7
       5
      10
      13
       8
       6
       6
       5
       8
      11
       6
       8
      12
       4
       8
       9
      11
       6
       8
       4
       6
       5
       4
       9
      11
       1
       6
      14
      10
      10
       8
       7
       7
      10
      11
       5
       7
       3
       6
       8
       8
       9
       4
       6
       9
       7
       8
       6
       8
       8
       4
       9
       9
      10
       7
       6
       6
       4
       5
      13
       6
      10
       2
       3
       6
      11
      13
       5
       9
      10
       4
       4
       9
       9
       6
       7
      10
       7
       9
       1
       9
       7
       9
      10
       9
       5
       7
       4
       5
      11
       5
       8
       9
      10
       8
       8
       8
       8
       4
       7
       6
       8
       3
       6
      10
       4
       6
       2
       7
       4
       5
       6
       8
      16
      11
       6
       8
       6
      11
       9
       9
       9
       7
       7
       7
       4
       7
       8
       1
       4
       7
       3
      10
      10
      15
      10
       3
      11
       5
      10
       8
      10
       4
       6
       4
      11
       6
       7
       6
       5
       6
       2
       6
       6
       5
      11
      11
       6
       9
       4
       6
       9
       7
       9
       7
       9
       5
       8
       5
       8
      10
       6
       5
       7
      10
       4
       8
       9
       7
       7
       9
       8
       6
       6
       5
       7
      10
       5
      11
       5
       7
      10
       6
       5
       8
       6
      11
       8
      16
       4
       2
       3
      10
      12
       5
      10
       7
       5
      10
      10
      10
       7
      12
       8
       7
       9
       4
       1
      12
       4
       6
      12
       9
       6
       5
      11
       5
      12
      10
      12
      16
      10
       7
       7
       7
       4
       8
       5
      10
      14
       4
       6
       6
       7
       5
      11
       7
       9
       5
      13
       8
       9
      10
      13
       6
       8
       8
      11
      15
       7
      11
      10
      11
      16
      10
      20
      13
      15
      14
      19
      12
      20
      12
      21
      23
      13
      20
      27
      22
      18
      29
      31
      31
      39
      36
      30
      38
      32
      38
      44
      49
      47
      49
      45
      53
      63
      62
      61
      67
      71
      62
      61
      70
      77
      84
      95
      98
      94
     114
     115
     131
     153
     137
     157
     167
     157
     183
     193
     218
     240
     194
     237
     266
     273
     255
     313
     309
     363
     351
     386
     403
     405
     430
     447
     407
     444
     443
     481
     459
     497
     466
     508
     487
     514
     538
     537
     482
     502
     492
     506
     433
     466
     432
     470
     471
     444
     391
     416
     403
     423
     380
     370
     368
     334
     332
     310
     334
     275
     282
     284
     270
     241
     216
     227
     197
     189
     179
     160
     180
     152
     146
     125
     111
     114
      99
      90
      77
      83
     100
      85
      73
      63
      72
      55
      50
      55
      42
      36
      36
      42
      44
      23
      26
      24
      22
      23
      14
      19
      15
      17
      17
      15
      17
      16
      17
       5
       8
      10
       4
       5
       8
       7
       7
       9
       7
       9
       3
       6
       7
       9
       6
       4
       2
       4
       3
       3
       9
       8
       4
       1
       4
       2
       4
       5
       5
       5
       5
       8
       7
       6
       6
       4
       5
       3
       5
       1
       8
       6
       6
       2
       5
       4
       2
       3
       4
       4
       4
       1
       3
       1
       5
       2
       5
       5
       4
       4
       6
       5
       2
       2
       6
       3
       7
       4
       4
       6
       4
       6
       1
       7
       3
       3
       3
       1
       6
       2
       4
       6
       6
       2
       1
       7
       2
       4
       6
       4
       5
       1
       5
       5
       2
       2
       4
       4
       4
       6
       5
       4
      10
       5
       2
       2
       7
       7
       3
       2
       8
       2
       2
       1
       3
       3
       3
       4
       5
       6
       4
       5
       3
       2
       5
       5
       8
       3
       8
       3
       4
       8
       4
       6
       2
       6
       4
       2
       1
       3
       6
       3
       3
       3
       0
       5
       2
       1
       5
       4
       6
       3
       4
       3
       2
       3
       2
       2
       5
       3
       4
       9
       9
       3
       3
       5
       3
       2
       1
       2
       4
       6
       4
       1
       2
       1
       2
       3
       1
       2
       3
       4
       2
       4
       2
       3
       1
       5
       3
       3
       3
       4
       1
       8
       3
       3
       8
       2
       2
       7
       5
       1
       4
       5
       2
       2
       3
       2
       2
       4
       7
       6
       4
       4
       6
       3
       5
       6
       3
       5
       5
       3
       3
       5
       2
       3
       3
       5
       4
       2
       3
       5
       6
       3
       4
       1
       5
       4
       5
       6
       8
       5
       6
       3
       5
       1
       0
       7
       7
       4
       1
       4
       2
       6
       5
       3
       2
       2
       0
       4
       3
       4
       5
       4
       7
       4
       6
       4
       3
       5
       6
       6
       5
       2
       4
       6
       2
       3
       5
       3
       2
       5
       3
       2
       6
       0
       0
       5
       4
       2
       5
       4
       3
       0
       4
       2
       2
       3
       4
       2
       5
       4
       4
       2
       6
       2
       2
       2
       3
       4
       5
       3
       7
       3
       5
       7
       6
       2
       8
       3
       4
       5
       3
       3
       0
       6
       9
       7
       5
       5
       2
       6
       6
       5
       5
       4
       3
       7
       3
       6
       3
       6
       4
       4
       5
       4
       2
       1
       3
       5
       2
       5
       6
       1
      10
       4
       7
       2
       3
       8
       2
      10
       5
       3
       3
       5
       3
       3
       3
       5
       4
       2
       5
       5
       6
      11
       5
       8
       3
       1
       9
       5
       5
       4
       3
       2
       2
       3
       5
       3
       7
       0
       3
       5
       8
       3
       6
       4
       8
       2
       4
       6
       1
       6
       3
       4
       4
       3
       4
       2
       4
       4
       1
       4
       4
       3
       1
       6
       1
       2
       1
       2
       4
       4
       4
       4
       3
       4
       4
       5
       6
       6
       1
       3
       4
       7
       5
       7
       4
       6
       2
       6
       6
       8
       4
       5
       1
       7
       5
       4
       2
       9
       1
       5
       3
       5
       5
       3
       5
       3
       3
       7
       6
       4
       3
       2
       4
       4
       4
       2
       2
       6
       6
       3
       1
       4
       4
       2
       0
       5
       5
       4
       2
       7
       3
       5
       2
       9
       2
       5
       4
       3
       2
       4
       4
       2
       6
       5
       5
       6
       5
       6
       4
       5
       3
       3
       3
       2
       3
       7
       3
       3
       3
       7
       0
       3
       9
       7
       7
       5
       5
       4
       4
       6
       4
       1
       7
       4
       3
       4
       2
       4
       4
       8
       4
       6
       1
       3
       4
       2
       5
       3
       5
       5
       3
       4
       4
       6
       0
       4
       3
       5
       2
       3
       6
       3
       4
       2
       3
       6
       4
       3
       2
       1
       4
       0
       4
       2
       2
       2
       4
       5
       4
       6
       6
       6
       2
       5
       4
       3
       5
       2
       1
       4
       2
       3
       5
       4
       3
       2
       5
       4
       7
       3
       7
       4
       1
       7
       4
       6
       4
       5
       3
       3
       4
       2
       4
       4
       8
       1
       2
       6
       2
       3
       5
       1
       3
       4
       2
       5
       2
       3
       4
       1
       3
       3
       5
       8
       4
       3
       4
       3
       5
       4
       7
       6
       3
       3
       3
       3
       5
       2
       6
       2
       2
       5
       2
       2
       2
       5
       3
       1
       4
       4
       1
       0
       4
       4
       6
       2
       2
       3
       2
       4
       4
       6
       3
       4
       2
       6
       3
       0
       4
       5
       4
       4
       3
       2
       5
       4
       6
       3
       3
       3
       3
       5
       2
       6
       5
       3
       4
       2
       4
       0
       7
       9
       2
       1
       2
       4
       0
       4
       3
       4
       5
       3
       4
       3
       1
       3
       2
       6
       5
       6
       6
       4
       0
       3
       5
       3
       5
       6
       5
       3
       4
       4
       0
       4
       6
       2
       4
       3
       3
       3
       4
       3
       5
       3
       3
       2
       3
       5
       1
       4
       5
       5
       4
       1
       4
       4
       3
       6
       4
       4
       7
       1
       3
       8
       5
       4
       4
       2
       2
       5
       6
       2
       5
       6
       1
       5
       2
       3
       2
       6
       3
       7
       5
       2
       1
       4
       2
       3
       5
       5
       3
       2
       4
      10
       6
       7
       2
       3
       5
       1
       0
       3
       5
       5
       3
       5
       2
       4
       7
       5
       4
       2
       3
       5
       4
       4
       3
       2
       2
       4
       2
       7
       3
       6
       2
       3
       7
       3
       3
       3
       4
       3
       3
       4
       4
       4
       3
       6
       6
       4
       1
       4
       6
       3
       5
       3
       1
       2
       7
       4
       4
       2
       3
       4
       6
       3
       2
       6
       3
       4
       2
       5
       5
       5
       7
       4
       4
       3
       4
       6
       1
       4
       3
       4
       5
       1
       5
       6
       7
       4
       1
       3
       4
       4
       4
       3
       2
       1
       5
       2
       0
       1
       4
       3
       5
       5
       3
       2
       6
       8
       6
       1
       6
       7
       4
       5
       5
       3
       9
       7
       4
       1
       6
       3
       1
       4
       2
       6
       2
       1
       3
       3
       3
       6
       3
       5
       4
       1
       1
       6
       6
       5
       4
       4
       6
       4
       4
       1
       4
       2
       2
       2
       2
       2
       1
       2
       1
       4
       2
       2
       4
       2
       1
       8
       5
       4
       3
       3
       4
       4
       5
       1
       1
       2
       4
       2
       2
       4
       5
       3
       5
       6
       2
       4
       5
       1
       6
       4
       5
       5
       1
       5
       5
       1
       6
       0
       3
       5
       2
       6
       2
       1
       3
       0
       4
       7
       2
       2
       1
       3
       3
       4
       4
       5
       4
       1
       6
       1
       8
       5
       1
       4
       3
       4
       3
       3
       3
       5
       4
       6
       2
       7
       1
       2
       1
       7
       2
       2
       4
       5
       4
       4
       5
       6
       4
       1
       4
       5
       5
       5
       0
       6
       3
       4
       0
       3
       2
       3
       3
       3
       4
       3
       4
       4
       1
       2
       2
       3
       4
       0
       3
       5
       3
       0
       6
       8
       2
       0
       1
       4
       3
       5
       3
       5
       5
       2
       2
       3
       1
       1
       5
       4
       3
       2
       2
       4
       2
       2
       6
       2
       4
       2
       2
       6
       3
       3
       3
       4
       4
       2
       3
       3
       3
       2
       1
       9
       2
       7
       2
       3
       5
       7
       4
       3
       4
       5
       5
       5
       5
       2
       5
       4
       3
       8
       3
       3
       1
       4
       5
       2
       6
       6
       2
       7
       4
       2
       2
       5
       4
       6
       3
       2
       4
       4
       4
       3
       3
       1
       7
       4
       3
       3
       5
       2
       3
       2
       8
       0
       3
       2
       5
       1
       2
       4
       6
       4
       2
       4
       1
       1
       5
       6
       7
       3
       4
       7
       5
       3
       1
       1
       2
       6
       4
       2
       4
       2
       1
       3
       1
       5
       2
       3
       3
       5
       5
       4
       5
       4
       2
       3
       4
       8
       7
       5
       4
       6
       4
       7
       4
       4
       4
       4
       6
       7
       2
       1
       2
       8
       5
       2
       3
       3
       2
       1
       7
       6
       3
       3
       1
       3
       3
       5
       2
       0
       5
       1
       4
       2
       5
       1
       2
       4
       5
       2
       2
       2
       4
       8
       0
       4
       3
       3
       2
       3
       3
       3
       4
       4
       3
       4
       4
       3
       5
       5
       6
       2
       1
       3
       4
       3
       3
       5
       2
       3
       3
       3
       4
       2
       1
       2
       4
       3
       4
       5
       3
       2
       7
       3
       3
       5
       3
       2
       1
       3
       5
       2
       4
       5
       2
       4
       4
       2
       1
       2
       6
       4
       4
       2
       3
       8
       9
       8
       4
       5
       2
       4
       6
       6
       2
       6
       6
       5
       5
       6
       6
       5
       2
       6
       5
       2
       3
       1
       3
       4
       1
       5
       4
       3
       3
       5
       3
       4
       4
       1
       4
       5
       2
       7
       5
       5
       3
       3
       3
       4
       3
       5
       4
       1
       1
       6
       4
       4
       1
       2
       2
       3
       0
       6
      10
       3
       5
       4
       4
       6
       6
       0
       1
       5
       2
       2
       2
       2
       5
       4
       5
       5
       4
       4
       6
       4
       3
       0
       4
       4
       3
       6
       3
       7
       3
       3
       4
       3
       4
       6
       6
       1
       3
       1
       2
       3
       1
       2
       2
       3
       0
       2
       2
       4
       2
       1
       2
       4
       3
       4
       4
       2
       5
       2
       3
       6
       2
       1
       3
       2
       2
       3
       2
       4
       6
       2
       6
       3
       3
       5
       4
       2
       4
       6
       3
       5
       3
       2
       5
       4
       9
       1
       2
       5
       4
       5
       2
       4
       4
       3
       7
       4
       3
       3
       3
       5
       4
       4
       5
       2
       3
       1
       5
       4
       1
       2
       3
       2
       2
       3
       2
       1
       4
       4
       4
       5
       5
       5
       0
       3
       6
       6
       5
       2
       1
       6
       2
       2
       5
       6
       6
       2
       3
       5
       5
       9
       3
       3
       2
       6
       1
       1
       4
       7
       5
       2
       4
       7
       2
       4
       0
       3
       4
       3
       1
       4
       1
       1
       5
       2
       4
       1
       2
       3
       2
       5
       3
       7
       3
       1
       3
       3
       5
       3
       5
       4
       2
       2
       8
       6
       3
       7
       6
       4
       5
       4
       5
       2
       3
       3
       2
       4
       1
       2
       4
       2
       6
       6
       4
       2
       3
       3
       2
       1
       5
       1
       6
       6
       2
       2
       0
       4
       3
       6
       2
       4
       5
       1
       6
       2
       4
       3
       3
       6
       1
       1
       5
       5
       2
       4
       7
       4
       3
       4
       5
       4
       6
       2
       3
       2
       3
       4
       1
       5
       5
       2
       2
       5
       3
       2
       2
       5
       4
       3
       7
       3
       5
       5
       5
       4
       1
       3
       6
       6
       6
       5
       1
       6
       2
       3
       4
       3
       5
       5
       3
       2
       3
       0
       4
       3
       2
       5
       1
       4
       1
       2
       1
       3
       5
       4
       7
       5
       1
       4
       1
       5
       4
       6
       4
       5
       4
       4
       4
       4
       4
       1
       4
       4
       4
       2
       3
       7
       3
       1
       2
       5
       2
       3
       4
       3
       6
       4
       4
       4
       7
       2
       3
       3
       3
       4
       5
       1
       1
       5
       5
       6
       3
       3
       1
       1
       2
       1
       7
       1
       2
       3
       4
       4
       1
       2
       5
       1
       1
       3
       6
       4
       4
       4
       3
       3
       2
       2
       6
       2
       2
       2
       4
       4
       6
       1
       3
       4
       3
       4
       5
       2
       4
       2
       3
       3
       4
       3
       9
       4
       1
       1
       4
       1
       2
       1
       2
       4
       2
      12
       2
       3
       5
       5
       1
       0
       0
       3
       0
       2
       2
       0
       3
       1
       5
       3
       3
       4
       4
       1
       6
       2
       5
       3
       3
       3
       6
      11
       6
       5
       2
       4
       4
       6
       8
       2
       6
       2
       3
       2
       5
       3
       2
       6
       1
       3
       5
       3
       3
       2
       1
       1
       6
       4
       5
       2
       3
       2
       5
       5
       8
       3
       2
       9
       4
       2
       6
       4
       6
       4
       5
       1
       2
       1
       3
       4
       6
       1
       2
       1
       3
       2
       2
       4
       2
       3
       5
       3
       5
       0
       2
       6
       5
       3
       8
       5
       1
       1
       4
       1
       2
       5
       2
       3
       2
       4
       3
       2
       2
       1
       4
       2
       1
       1
       2
       3
       2
       4
       2
       2
       3
       3
       3
       2
       2
       2
       3
       4
       3
       1
       6
       3
       5
       3
       2
       5
       4
       1
       4
       5
       3
       3
       5
       6
       2
       2
       4
       2
       2
       3
       2
       3
       4
       3
       2
       3
       8
       2
       6
       5
       3
       3
       1
       6
       3
       3
       3
       1
       5
       2
       3
       6
       4
       2
       3
       6
       4
       3
       4
       2
       3
       2
       3
       2
       2
       4
       0
       4
       5
       1
       2
       4
       3
       5
       3
       1
       8
       3
       3
       5
       4
       7
       3
       2
       2
       6
       5
       6
       0
       7
       4
       2
       2
       1
       5
       5
       3
       1
       6
       4
       6
       0
       7
       3
       5
       2
       5
       6
       8
       1
       2
       0
       3
       3
       3
       5
       2
       2
       3
       4
       2
       1
       4
       2
       3
       2
       6
       7
       3
       3
       0
       5
       7
       5
       4
       3
       7
       5
       8
       5
       2
       3
       1
       3
       4
       1
       2
       5
       6
       5
       1
       2
       2
       1
       4
       9
       0
       1
       5
       3
       6
       1
       3
       4
       2
       4
       2
       3
       4
       2
       3
       3
       3
       2
       4
       7
       4
       2
       5
       3
       2
       4
       7
       6
       3
       2
       2
       4
       2
       4
       2
       1
       1
       5
       2
       5
       5
       1
       2
       3
       4
       5
       5
       4
       2
       4
       3
       2
       5
       2
       4
       2
       5
       5
       2
       6
       4
       2
       1
       2
       5
       1
       2
       3
       4
       6
       4
       2
       5
       6
       7
       1
       2
       1
       6
       2
       6
       3
       0
       2
       5
       2
       7
       4
       4
       5
       3
       2
       2
       1
       4
       7
       4
       3
       5
       4
       1
       3
       3
       5
       5
       7
       6
       3
       6
       2
       3
       5
       3
       2
       4
       3
       2
       3
       4
       1
       3
       2
       5
       4
       5
       2
       3
       5
       2
       1
       1
       1
       3
       4
       4
       6
       3
       4
       2
       3
       8
       3
       3
       0
       3
       0
       7
       5
       3
       5
       3
       4
       2
       4
       3
       4
       1
       4
       1
       0
       5
       3
       3
       3
       4
       3
       4
       3
       2
       6
       2
       1
       6
       6
       5
       3
       4
       5
       1
       4
       6
       3
       3
       5
       2
       3
       5
       5
       5
       2
       1
       4
       2
       2
       3
       6
       2
       2
       4
       5
       3
       4
       3
       3
       4
       7
       5
       0
       4
       4
       9
       6
       4
       3
       4
       3
       4
       2
       4
       3
       3
       6
       3
       3
       3
       3
       6
       4
       3
       4
       4
       6
       1
       5
       4
       5
       2
       4
       0
       3
       3
       6
       1
       3
       3
       5
       4
       4
       8
       4
       4
       1
       3
       3
       1
       3
       0
       7
       2
       1
       6
       7
       5
       6
       2
       2
       1
       2
       4
       5
       7
       4
       5
       6
       3
       4
       5
       5
       4
       5
       3
       3
       4
       2
       2
       3
       3
       2
       2
       4
       4
       5
       3
       7
       4
       1
       3
       3
       2
       4
       4
       3
       5
       4
       7
       4
       6
       3
       1
       4
       7
       4
       6
       5
       6
       4
       5
       4
       0
       4
       5
       3
       6
       4
       4
       5
       5
       2
       1
       5
       8
       4
       3
       1
       3
       7
       2
       3
       6
       1
       3
       1
       1
       4
       9
      10
       5
       3
       2
       4
       1
       4
       4
       1
       3
       1
       4
       2
       4
       5
       6
       6
       3
       2
       0
       4
       5
       4
       4
       4
       0
       2
       6
       3
       2
       5
       1
       3
       7
       1
       4
       1
       1
       5
       8
       4
       2
       2
       3
       4
       3
       3
       9
       3
       3
       4
       2
       5
       3
       5
       2
       7
       2
       3
       6
       3
       6
       0
       4
       6
       5
       3
       5
       4
       2
       3
       8
       5
       4
       5
       4
       2
       3
       4
       4
       6
       2
       1
       7
       1
       5
       2
       4
       2
       4
       6
       5
       2
       2
       2
       1
       0
       4
       2
       0
       2
       2
       4
       3
       6
       3
       0
       1
       2
       4
       3
      11
       5
       3
       4
       8
       2
       3
       2
       3
       6
       3
       5
       5
       4
       4
       7
       2
       1
       2
       3
       6
       3
       3
       2
       1
       2
       3
       2
       3
       4
       5
       3
       1
       5
       2
       1
       4
       3
       0
       1
       3
       3
       2
       7
       1
       4
       4
       1
       5
       3
       2
       5
       3
       4
       3
       4
       4
       4
       1
       2
       2
       1
       3
       3
       4
       2
       2
       3
       6
       3
       2
       6
       7
       4
       3
       4
       1
       5
       7
       4
       3
       4
       5
       4
       3
       3
       4
       3
       1
       7
       2
       3
       2
       6
       5
       6
       5
       1
       8
       3
       4
       1
       3
       4
       8
       4
       6
       3
       5
       0
       5
       4
       3
       2
       7
       2
       3
       7
       5
       6
       3
       9
       4
       6
       5
       2
       4
       4
       2
       4
       3
       2
       4
       2
       3
       3
       5
       4
       1
       9
       3
       5
      10
       3
       2
       7
       2
       2
       4
       2
       6
       0
       5
       1
       5
       7
       6
       6
       0
       5
       4
       5
       3
       3
       6
       4
       4
       4
       2
       7
       4
       3
       4
       4
       6
       4
       3
       5
       5
       2
       7
       2
       6
       6
       3
       9
       1
       3
       3
       3
       1
       2
       3
       6
       3
       2
       4
       5
       1
       2
       1
       1
       4
       4
       7
       3
       2
       4
       4
       5
       2
       4
       4
       7
       2
       4
       6
       1
       6
       4
       5
       3
       4
       3
       5
       1
       2
       3
       3
       2
       6
       3
       6
       1
       4
       2
       5
       2
       3
       2
       2
       3
       3
       5
       7
       6
       3
       5
       6
       5
       8
       3
       6
       5
       2
       3
       5
       3
       4
       3
       3
       1
       3
       5
       5
       2
       3
       3
       5
       3
       4
       3
       3
       1
       2
       4
       2
       1
       5
       5
       4
       3
       3
       6
       8
       4
       5
       2
       4
       3
       4
       4
       9
       4
       1
       7
       2
       2
       5
       3
       4
       7
       4
       4
       5
       3
       5
       4
       1
       7
       2
       2
       4
       1
       3
       3
       3
       6
       9
       6
       6
       3
       3
       2
       4
       6
       3
       2
       3
       3
       5
       4
       8
       3
       2
       5
       0
       0
       2
       4
       1
       4
       5
       8
       4
       6
       2
       1
       5
       3
       1
       3
       5
       6
       2
       7
       8
       6
       1
       3
       3
       6
       6
       6
       5
       3
      10
       4
       1
       3
       3
       6
       3
       2
       8
       6
       1
       3
       3
       3
       4
       1
       6
       5
       2
       3
       8
       3
       3
       0
       3
       5
       5
       4
       6
       6
       3
       1
       4
       4
       3
       2
       1
       2
       3
       6
       5
       4
       4
       3
       5
       4
       2
       4
       3
       2
       7
       4
       4
       2
       3
       4
       2
       5
       2
       5
       5
       1
       5
       5
       3
       1
       3
       4
       4
       4
       4
       5
       5
       5
       5
       5
       4
       7
       4
       7
       2
       6
       2
       2
       0
       5
       4
       1
       2
       3
       8
       6
       2
       1
       3
       2
       6
       2
       4
       3
       4
       2
       9
       6
       3
       5
       3
       2
       6
       4
       2
       5
       5
       3
       6
       2
       7
       1
       4
       2
       1
       2
       6
       3
       2
       4
       2
       6
       3
       6
       1
       5
       5
       6
       6
       5
       4
       3
       4
       2
       4
       3
       3
       2
       5
       5
       4
       4
       5
       1
       4
       5
       0
       6
       2
       6
       4
       3
       5
       5
       2
       4
       4
       2
       4
       1
       6
       3
       1
       1
       1
       6
       3
       2
       7
       8
       4
       4
       5
       9
       4
       3
       2
       4
       3
       5
       2
       3
       1
       5
       7
       5
       2
       6
       3
       6
       7
       4
       5
       9
       4
       3
       8
       3
       1
       4
       6
       3
       4
       5
       2
       7
       2
       0
       5
       4
       7
       5
       3
       3
       3
       4
       6
       3
       7
       2
       2
       4
       7
       2
       4
       7
       5
       4
       3
       2
       3
       5
       3
       3
       8
      11
       1
       7
       2
       0
       2
       7
       2
       4
       6
       1
       3
       5
       3
       3
       2
       3
       5
       4
       5
       2
       5
       2
       7
       4
       3
       6
       5
       4
       5
       4
       5
       4
       3
       5
       5
       2
       3
       7
       3
       7
       5
       2
       0
       4
       1
       7
       1
       3
       4
       5
       5
       3
       5
       1
       3
       6
       2
       1
       8
       3
       4
       4
       6
       2
       4
       4
       2
       4
       8
       4
       6
       2
       4
       1
       1
      62
     104
     114
      99
     111
     117
      97
     127
     122
     112
     108
     114
     109
     118
     122
     106
     116
     114
     117
     105
     124
     100
     108
     130
     118
     111
     123
     113
     136
      91
     126
     115
     102
     126
     126
     118
     108
     126
     117
     113
     123
     129
     113
     120
     107
     124
     116
     134
     115
      97
     120
      93
     107
     101
     114
     115
     106
     128
      92
     122
     106
     108
     121
      96
     105
     101
     122
     100
     107
      98
     132
      93
      99
     104
     104
     107
     107
     116
     110
      95
     110
     120
     123
     102
     120
     112
     109
     127
     119
      99
     107
     121
     100
     117
     111
     112
     107
     118
     118
     107
     114
     108
     102
     101
     114
     104
     126
     122
      93
     118
     107
     122
     108
     100
     113
     118
     112
     110
     107
     100
     110
     111
     109
      85
     111
     100
      95
     104
      98
     124
     102
     115
     103
      97
     103
     115
     106
      88
     110
     102
     123
     105
      88
     117
     108
     110
     113
     111
     112
      99
      96
     101
     110
     104
     110
     119
     110
     106
     110
     116
     108
      90
     116
      98
     110
     112
     124
     108
     117
      97
     123
     120
     107
     101
     102
      96
     100
     107
     112
     120
      97
     104
      95
      99
      62
$ROI:
5
349 399
960 988
992 1050
1491 1501
5157 5169
$PRESETS:
None
0
0
$ENER_FIT:
0.000000 0.107033
$MCA_CAL:
3
0.000000E+000 1.070331E-001 0.000000E+000 keV
$SHAPE_CAL:
3
0.000000E+000 0.000000E+000 0.000000E+000
