$SPEC_ID:
23cm counts
$SPEC_REM:
DET# 1
DETDESC# DLAB-PHY-L3-49 926 Right
AP# Maestro Version 7.01
$DATE_MEA:
10/25/2024 15:43:49
$MEAS_TIM:
1022 1309
$DATA:
0 8191
       0
       0
       0
       1
       0
       0
       0
       0
       0
       0
       0
       0
       0
       0
       0
       0
       0
       0
       0
       0
       0
       3
       4
      13
      14
      21
      45
      69
      84
     130
     125
     169
     160
     283
     966
    3947
    9933
   17800
   24143
   27886
   29186
   28677
   25822
   22124
   18694
   15843
   13311
   11466
    9612
    8029
    6831
    5678
    4985
    4217
    3560
    3094
    2575
    2207
    1846
    1590
    1461
    1168
    1042
     891
     785
     644
     613
     515
     456
     397
     389
     331
     260
     264
     256
     196
     207
     158
     193
     168
     174
     148
     140
     132
     153
     140
     126
     112
     128
     116
     133
     116
     112
     122
     100
      98
     100
     103
      89
     119
     113
      84
      85
     102
     100
     101
      87
      95
     100
     105
      87
     102
      72
      94
      87
      88
      97
      85
      97
      88
      94
      81
      82
     111
      87
      89
      84
      72
      82
      98
      79
      84
      97
      91
      89
      91
      87
      69
      87
      85
      72
      90
      82
      83
      83
      87
      72
      77
      80
      81
      98
      70
      77
      75
      74
      81
      78
      73
      68
      81
      77
      76
      76
      85
      64
      81
      97
      75
      75
      85
      76
      67
      80
     107
      73
      71
      86
      84
      78
      72
      77
      88
      97
      69
      80
      83
      82
      74
      79
      81
      90
      76
      82
     103
      64
      68
      75
      93
      74
      87
      81
      95
      65
      74
      84
      73
      71
      82
      89
      91
      83
      86
      71
      84
      86
      79
      56
      73
      69
      69
      80
      68
      60
      77
      71
      74
      79
      68
      65
      85
      76
      81
      57
      75
      77
      64
      93
      85
      74
      58
      75
      75
      58
      62
      59
      70
      79
      69
      79
      66
      56
      83
      84
      81
      76
      53
      70
      76
      83
      67
      66
      72
      64
      60
      57
      69
      69
      70
      77
      71
      52
      73
      64
      59
      73
      72
      64
      79
      66
      60
      85
      68
      69
      73
      69
      70
      64
      61
      64
      58
      68
      66
      69
      82
      71
      69
      63
      77
      59
      88
      51
      61
      68
      74
      80
      62
      64
      71
      60
      76
      55
      66
      67
      75
      61
      71
      74
      56
      69
      72
      83
      66
      67
      78
      72
      72
      65
      62
      66
      71
      78
      66
      65
      66
      59
      73
      51
      56
      56
      66
      74
      59
      72
      57
      64
      63
      70
      70
      66
      81
      79
      63
      75
      61
      80
      61
      71
      63
      51
      70
      60
      66
      45
      72
      52
      79
      58
      75
      63
      76
      79
      66
      73
      65
      76
      65
      75
      74
      71
      71
      63
      68
      70
      60
      61
      67
      73
      72
      70
      78
      72
      57
      72
      57
      74
      54
      59
      57
      57
      68
      51
      72
      70
      56
      55
      63
      65
      57
      75
      64
      73
      46
      68
      66
      64
      60
      62
      77
      74
      73
      64
      76
      78
      68
      72
      69
      59
      61
      64
      63
      57
      54
      69
      64
      72
      60
      49
      68
      72
      72
      64
      44
      71
      67
      70
      70
      63
      67
      54
      48
      71
      52
      73
      64
      61
      64
      57
      65
      59
      71
      73
      71
      69
      60
      70
      70
      61
      56
      75
      65
      56
      78
      53
      52
      79
      70
      59
      68
      66
      64
      70
      80
      76
      76
      72
      73
      59
      50
      56
      55
      62
      51
      62
      58
      63
      57
      65
      67
      62
      60
      74
      71
      57
      61
      63
      69
      62
      64
      70
      61
      49
      57
      83
      60
      68
      65
      68
      69
      66
      80
      78
      65
      57
      62
      59
      58
      71
      57
      54
      65
      68
      69
      79
      56
      58
      71
      67
      61
      83
      60
      68
      65
      60
      84
      74
      69
      60
      52
      53
      56
      77
      52
      69
      69
      94
      60
      65
      60
      69
      74
      67
      66
      67
      73
      67
      67
      66
      69
      60
      79
      72
      75
      76
      77
      72
      57
      58
      68
      59
      60
      51
      85
      65
      78
      69
      59
      68
      70
      62
      65
      57
      70
      60
      57
      61
      71
      65
      69
      67
      82
      65
      68
      66
      69
      59
      64
      74
      76
      76
      46
      55
      70
      79
      63
      63
      70
      55
      59
      70
      73
      65
      57
      58
      71
      76
      84
      83
      84
      75
      92
      89
      78
      67
      76
      84
      91
      69
      99
      80
      87
      95
     106
     112
      85
      95
      96
      96
     100
     105
      85
     105
      86
      93
     107
      98
     105
      83
      94
     101
      83
     105
     118
      90
     113
      98
      78
      86
      86
     102
      97
     110
      84
      89
     112
      77
      81
      95
      66
      69
      86
      83
      74
      80
      94
      90
      72
      68
      67
      71
      70
      71
      69
      76
      60
      86
      59
      68
      57
      78
      69
      71
      72
      73
      72
      87
      59
      77
      63
      61
      73
      59
      73
      61
      78
      74
      68
      64
      62
      80
      85
      65
      87
      78
      72
      72
      79
      78
      60
      54
      55
      64
      80
      70
      68
      79
      69
      75
      81
      66
      83
      65
      82
      88
      69
      94
      80
      80
      79
      83
      65
      63
     106
      91
      71
      86
      61
      97
      85
      81
     101
      77
      85
      74
      84
     101
      93
      77
      71
      64
      82
      80
      99
      78
      61
      71
      78
      79
      77
      72
      79
      95
      71
      65
      75
      73
      78
      63
      54
      69
      76
      70
      58
      80
      73
      97
      71
      69
      75
      50
      72
      50
      50
      74
      85
      66
      69
      66
      63
      62
      71
      56
      57
      64
      68
      63
      56
      66
      60
      69
      59
      62
      62
      59
      65
      63
      60
      48
      67
      45
      60
      73
      58
      68
      63
      61
      66
      66
      72
      67
      56
      60
      67
      68
      68
      64
      52
      75
      67
      63
      71
      71
      62
      59
      61
      54
      53
      78
      62
      52
      78
      50
      61
      62
      56
      58
      76
      60
      62
      69
      60
      80
      55
      57
      54
      38
      71
      63
      55
      68
      73
      65
      72
      62
      64
      58
      66
      58
      55
      51
      57
      72
      70
      51
      70
      63
      76
      53
      53
      46
      66
      60
      77
      57
      62
      58
      68
      53
      55
      59
      68
      60
      45
      65
      50
      61
      54
      53
      65
      55
      82
      46
      56
      75
      61
      74
      73
      66
      50
      66
      51
      60
      66
      69
      59
      58
      68
      68
      59
      50
      61
      72
      63
      60
      57
      67
      53
      57
      75
      73
      51
      61
      70
      64
      51
      57
      48
      48
      53
      60
      54
      59
      66
      60
      77
      56
      71
      51
      58
      61
      68
      67
      61
      52
      49
      59
      61
      60
      77
      74
      56
      63
      70
      77
      69
      59
      72
      55
      74
      58
      62
      59
      65
      56
      48
      51
      64
      52
      71
      55
      59
      69
      65
      56
      55
      78
      66
      62
      60
      62
      54
      75
      69
      67
      55
      67
      69
      58
      57
      62
      62
      68
      62
      66
      45
      66
      55
      72
      65
      47
      57
      60
      60
      53
      55
      72
      63
      69
      44
      57
      61
      73
      62
      64
      46
      62
      57
      62
      60
      61
      74
      42
      51
      57
      61
      54
      44
      75
      47
      84
      67
      69
      55
      64
      61
      60
      60
      64
      72
      53
      69
      58
      61
      56
      63
      64
      44
      56
      64
      70
      46
      62
      51
      57
      70
      62
      48
      66
      62
      68
      61
      49
      46
      57
      65
      54
      49
      55
      55
      42
      60
      67
      53
      60
      64
      55
      56
      56
      62
      47
      59
      54
      50
      66
      66
      66
      62
      56
      56
      45
      76
      73
      62
      67
      67
      77
      52
      51
      56
      46
      38
      49
      60
      60
      47
      58
      55
      67
      66
      64
      61
      57
      70
      61
      61
      55
      57
      71
      67
      65
      52
      66
      62
      54
      64
      65
      48
      61
      68
      58
      54
      57
      51
      71
      46
      65
      54
      57
      67
      62
      46
      48
      55
      57
      54
      49
      61
      63
      56
      60
      47
      48
      56
      59
      89
      59
      76
      52
      61
      59
      54
      58
      61
      55
      65
      50
      67
      55
      51
      65
      65
      60
      49
      56
      61
      60
      54
      56
      54
      59
      48
      66
      59
      63
      54
      62
      43
      56
      66
      55
      50
      59
      63
      58
      68
      58
      57
      49
      57
      67
      57
      51
      65
      66
      65
      49
      61
      63
      62
      59
      44
      53
      58
      53
      46
      47
      50
      58
      63
      59
      56
      59
      63
      58
      60
      77
      68
      57
      64
      69
      60
      48
      57
      49
      45
      42
      54
      61
      58
      61
      52
      67
      67
      55
      48
      70
      66
      64
      63
      59
      69
      58
      58
      62
      60
      54
      52
      60
      50
      58
      54
      52
      54
      57
      65
      62
      44
      54
      51
      64
      51
      64
      55
      45
      54
      54
      71
      59
      58
      55
      61
      47
      51
      42
      50
      60
      62
      52
      70
      50
      55
      67
      65
      54
      61
      57
      55
      44
      51
      61
      59
      61
      54
      65
      60
      69
      69
      38
      60
      66
      52
      57
      59
      67
      70
      55
      58
      75
      55
      50
      62
      71
      56
      62
      55
      57
      48
      54
      54
      58
      62
      50
      69
      54
      59
      63
      67
      65
      54
      62
      64
      47
      57
      65
      65
      45
      60
      43
      47
      55
      50
      49
      50
      67
      54
      57
      56
      60
      55
      62
      52
      43
      60
      44
      69
      65
      58
      54
      58
      60
      53
      50
      62
      68
      50
      53
      65
      52
      64
      42
      65
      56
      49
      42
      52
      54
      60
      50
      55
      55
      62
      64
      51
      48
      59
      40
      57
      71
      54
      51
      61
      65
      68
      54
      55
      53
      51
      62
      53
      58
      53
      60
      55
      54
      53
      60
      58
      51
      50
      50
      59
      53
      68
      60
      51
      63
      46
      67
      68
      62
      65
      52
      68
      56
      71
      53
      58
      65
      56
      58
      66
      52
      57
      54
      67
      69
      66
      62
      54
      65
      54
      72
      63
      60
      54
      59
      63
      62
      47
      60
      65
      67
      60
      66
      71
      62
      51
      56
      48
      71
      64
      54
      71
      57
      51
      67
      43
      63
      62
      51
      68
      45
      64
      51
      67
      58
      60
      60
      62
      75
      55
      72
      57
      70
      70
      55
      45
      68
      60
      58
      64
      65
      59
      67
      63
      49
      56
      68
      72
      63
      64
      60
      55
      65
      51
      63
      62
      66
      81
      59
      59
      54
      49
      54
      54
      62
      72
      61
      68
      63
      62
      65
      56
      45
      66
      61
      65
      70
      52
      62
      60
      66
      64
      55
      57
      52
      67
      52
      65
      52
      66
      65
      84
      67
      60
      67
      74
      81
      73
      60
      66
      59
      78
      49
      55
      54
      72
      45
      75
      67
      62
      57
      68
      70
      81
      59
      74
      73
      64
      66
      50
      59
      60
      49
      61
      56
      60
      54
      48
      53
      68
      68
      44
      73
      60
      63
      60
      85
      57
      71
      70
      84
      52
      80
      60
      65
      53
      76
      66
      72
      76
      60
      57
      53
      61
      69
      66
      51
      68
      63
      52
      66
      65
      63
      63
      53
      60
      67
      53
      58
      53
      82
      57
      56
      54
      70
      55
      58
      57
      82
      56
      66
      68
      57
      55
      62
      65
      72
      62
      47
      56
      66
      68
      61
      53
      58
      46
      65
      58
      64
      63
      57
      62
      68
      77
      59
      62
      65
      63
      68
      65
      59
      60
      68
      64
      56
      48
      63
      87
      58
      61
      46
      72
      60
      50
      54
      74
      60
      57
      67
      73
      44
      44
      68
      76
      44
      53
      59
      64
      56
      59
      65
      45
      64
      57
      50
      70
      53
      56
      75
      51
      54
      55
      65
      74
      57
      68
      65
      60
      59
      43
      67
      60
      60
      54
      72
      53
      57
      59
      51
      71
      54
      62
      57
      53
      74
      61
      53
      65
      46
      67
      66
      48
      63
      60
      57
      58
      59
      62
      56
      47
      60
      54
      55
      66
      47
      55
      65
      68
      48
      50
      63
      50
      68
      64
      55
      66
      50
      60
      57
      52
      67
      59
      56
      58
      56
      54
      57
      57
      47
      57
      60
      59
      48
      51
      59
      66
      65
      55
      43
      54
      58
      66
      58
      69
      57
      48
      62
      61
      63
      61
      58
      59
      58
      66
      52
      63
      54
      58
      73
      54
      66
      62
      65
      58
      62
      46
      58
      56
      57
      60
      47
      57
      55
      57
      66
      60
      51
      70
      74
      55
      64
      67
      59
      56
      56
      48
      56
      72
      59
      63
      52
      65
      58
      51
      65
      59
      68
      62
      66
      53
      66
      52
      56
      63
      62
      62
      64
      53
      54
      61
      57
      60
      58
      61
      67
      56
      53
      60
      58
      44
      57
      59
      57
      61
      65
      55
      46
      47
      50
      59
      63
      64
      56
      61
      55
      65
      72
      69
      43
      51
      76
      60
      80
      41
      54
      61
      69
      68
      52
      68
      81
      71
      52
      64
      62
      52
      53
      58
      49
      48
      48
      35
      53
      75
      61
      83
      58
      54
      66
      82
      46
      59
      50
      57
      49
      72
      58
      65
      60
      71
      57
      46
      59
      59
      45
      59
      49
      68
      62
      57
      58
      65
      68
      64
      59
      60
      65
      74
      53
      77
      59
      72
      55
      67
      58
      54
      55
      50
      43
      66
      54
      58
      54
      62
      51
      63
      60
      58
      54
      57
      51
      63
      65
      49
      54
      58
      57
      53
      69
      57
      82
      60
      54
      41
      62
      62
      53
      45
      44
      66
      55
      52
      65
      70
      59
      61
      53
      51
      57
      51
      64
      73
      70
      73
      66
      56
      63
      55
      50
      48
      50
      52
      71
      56
      57
      67
      72
      54
      56
      44
      60
      64
      57
      50
      57
      47
      54
      61
      59
      68
      76
      56
      54
      62
      40
      63
      59
      52
      65
      50
      61
      57
      51
      67
      55
      46
      46
      52
      63
      72
      47
      54
      41
      50
      42
      56
      56
      69
      57
      68
      55
      54
      60
      58
      68
      59
      52
      65
      43
      52
      64
      46
      53
      65
      61
      53
      54
      59
      63
      60
      38
      58
      63
      58
      66
      65
      65
      62
      59
      68
      70
      51
      43
      61
      58
      59
      60
      57
      45
      60
      54
      57
      54
      56
      45
      71
      69
      76
      56
      64
      60
      48
      46
      60
      59
      56
      76
      52
      56
      58
      50
      61
      60
      53
      57
      51
      63
      78
      52
      49
      60
      55
      67
      67
      49
      63
      51
      63
      43
      58
      57
      69
      59
      66
      58
      71
      59
      61
      57
      54
      73
      59
      65
      61
      58
      64
      55
      58
      63
      55
      74
      65
      61
      58
      67
      62
      75
      59
      63
      54
      67
      57
      46
      76
      61
      55
      57
      57
      51
      66
      60
      61
      65
      43
      49
      60
      62
      51
      50
      62
      65
      46
      64
      61
      58
      59
      63
      66
      55
      61
      49
      54
      54
      55
      55
      58
      68
      53
      62
      45
      62
      67
      57
      59
      56
      47
      69
      64
      67
      66
      54
      54
      63
      57
      49
      51
      69
      65
      64
      64
      62
      67
      63
      56
      63
      55
      55
      58
      67
      56
      53
      57
      51
      53
      55
      52
      46
      64
      67
      57
      63
      48
      66
      69
      47
      54
      48
      58
      48
      61
      56
      58
      48
      68
      55
      60
      55
      76
      57
      58
      65
      34
      52
      53
      66
      49
      52
      59
      66
      62
      53
      61
      63
      63
      68
      62
      46
      76
      61
      72
      68
      62
      71
      63
      56
      52
      54
      60
      66
      51
      54
      67
      52
      57
      73
      61
      61
      51
      57
      72
      50
      57
      58
      50
      53
      63
      66
      61
      61
      64
      78
      53
      59
      63
      56
      45
      64
      48
      57
      69
      64
      58
      53
      53
      74
      59
      52
      51
      64
      57
      55
      53
      51
      65
      58
      59
      54
      58
      53
      52
      79
      64
      71
      66
      73
      69
      54
      58
      52
      51
      61
      43
      59
      50
      71
      57
      59
      62
      58
      59
      53
      67
      70
      49
      63
      67
      62
      68
      67
      55
      56
      69
      61
      66
      58
      57
      65
      61
      53
      49
      64
      58
      59
      58
      76
      49
      55
      50
      58
      56
      54
      57
      55
      47
      80
      58
      60
      68
      56
      52
      72
      50
      55
      65
      56
      54
      66
      60
      50
      56
      57
      48
      55
      62
      54
      64
      51
      67
      44
      75
      62
      48
      59
      63
      52
      61
      58
      46
      76
      46
      76
      58
      62
      58
      71
      64
      52
      59
      50
      58
      52
      64
      56
      55
      58
      54
      56
      55
      57
      51
      49
      62
      45
      59
      59
      53
      51
      59
      62
      51
      66
      59
      60
      60
      63
      60
      55
      55
      55
      53
      67
      64
      70
      64
      55
      59
      62
      55
      64
      53
      50
      57
      67
      81
      68
      69
      62
      47
      65
      62
      56
      75
      56
      57
      61
      51
      61
      55
      67
      44
      54
      53
      59
      53
      66
      55
      53
      55
      72
      56
      57
      65
      53
      62
      58
      58
      52
      68
      59
      59
      68
      52
      52
      67
      52
      56
      62
      65
      69
      58
      65
      55
      60
      54
      55
      54
      44
      63
      52
      59
      64
      54
      52
      75
      55
      65
      71
      62
      55
      47
      72
      62
      66
      66
      51
      67
      61
      55
      60
      54
      63
      53
      77
      69
      75
      59
      61
      78
      59
      53
      54
      59
      74
      79
      65
      75
      65
      56
      57
      55
      62
      59
      69
      73
      73
      56
      47
      55
      50
      68
      67
      64
      71
      77
      60
      56
      63
      78
      67
      63
      72
      62
      70
      56
      57
      63
      55
      48
      55
      65
      61
      75
      48
      58
      61
      65
      57
      51
      60
      58
      62
      70
      73
      67
      61
      74
      60
      45
      56
      60
      79
      75
      61
      42
      60
      70
      53
      65
      64
      53
      60
      65
      70
      59
      67
      53
      67
      55
      64
      59
      61
      66
      49
      57
      65
      47
      46
      68
      51
      70
      72
      64
      77
      61
      63
      73
      75
      54
      70
      73
      64
      77
      59
      61
      77
      72
      61
      42
      60
      57
      75
      62
      62
      50
      57
      68
      59
      62
      68
      59
      69
      76
      72
      58
      62
      68
      76
      65
      64
      78
      49
      59
      62
      61
      50
      75
      78
      73
      66
      64
      40
      70
      46
      74
      69
      66
      64
      61
      68
      55
      63
      80
      64
      60
      55
      73
      68
      60
      70
      62
      35
      51
      69
      65
      70
      67
      75
      68
      71
      66
      53
      62
      59
      77
      69
      54
      47
      68
      67
      65
      67
      66
      63
      53
      60
      77
      64
      69
      60
      58
      54
      72
      67
      71
      76
      70
      62
      70
      60
      72
      62
      62
      60
      72
      75
      75
      65
      79
      72
      52
      44
      54
      60
      66
      65
      68
      72
      49
      62
      61
      53
      70
      75
      68
      64
      67
      61
      49
      74
      58
      64
      69
      77
      68
      71
      73
      70
      50
      65
      53
      56
      66
      55
      68
      65
      72
      53
      69
      62
      74
      59
      80
      59
      81
      65
      81
      59
      67
      61
      62
      55
      74
      60
      71
      70
      46
      84
      71
      77
      74
      80
      65
      69
      70
      57
      71
      54
      74
      67
      78
      70
      71
      73
      69
      66
      61
      73
      66
      62
      73
      65
      76
      76
      81
      67
      70
      66
      69
      70
      77
      58
      48
      53
      67
      61
      70
      72
      71
      65
      73
      67
      71
      78
      63
      66
      64
      73
      66
      68
      94
      66
      82
      75
      74
      62
      66
      71
      74
      65
      69
      83
      81
      85
      67
      71
      61
      68
      57
      70
      76
      56
      76
      64
      68
      80
      65
      75
      72
      86
      69
      74
      84
      67
      58
      77
      65
      74
      80
      88
      70
      66
      68
      75
      74
      68
      82
      83
      61
      74
      70
      67
      65
      66
      82
      66
      79
      67
      85
      69
      92
      66
      78
      67
      76
      69
      63
      58
      77
      58
      61
      70
      74
      81
      67
      89
      77
      71
      64
      85
      71
      70
      83
      77
      83
      71
      69
      81
      59
      73
      69
      72
      75
      71
      82
      82
      72
      65
      76
      60
      69
      58
      66
      67
      58
      72
      71
      74
      70
      61
      74
      72
      72
      68
      65
      62
      64
      64
      61
      75
      71
      71
      76
      75
      76
      70
      66
      68
      62
      75
      67
      65
      79
      61
      78
      80
      73
      75
      83
      64
      64
      71
      68
      67
      73
      62
      77
      80
      73
      70
      77
      70
      76
      86
      72
      80
      70
      93
      75
      68
      76
      70
      71
      63
      81
      71
      81
      65
      87
      68
      69
      72
      75
      66
      59
      71
      81
      77
      79
      68
      63
      65
      61
      68
      70
      73
      55
      73
      81
      78
      78
      74
      59
      86
      65
      72
      74
      60
      61
      56
      67
      60
      81
      64
      65
      67
      70
      69
      62
      65
      63
      58
      62
      62
      57
      80
      59
      62
      48
      64
      77
      60
      50
      77
      53
      68
      59
      63
      63
      63
      57
      66
      44
      58
      78
      51
      57
      67
      52
      57
      53
      51
      66
      47
      52
      52
      47
      57
      57
      57
      54
      56
      64
      54
      50
      52
      58
      56
      50
      57
      40
      58
      53
      41
      46
      53
      54
      60
      54
      48
      40
      38
      58
      40
      39
      60
      57
      43
      52
      38
      52
      49
      36
      50
      30
      43
      45
      48
      48
      48
      37
      34
      56
      49
      41
      57
      58
      47
      33
      40
      41
      47
      45
      55
      46
      53
      53
      50
      38
      36
      48
      43
      40
      35
      43
      40
      38
      49
      52
      51
      41
      41
      45
      40
      34
      34
      51
      48
      48
      40
      57
      46
      42
      37
      44
      45
      38
      37
      41
      47
      48
      35
      46
      43
      45
      42
      38
      39
      39
      38
      31
      40
      44
      40
      39
      40
      51
      50
      52
      39
      39
      40
      45
      50
      32
      28
      47
      48
      39
      49
      38
      27
      31
      37
      35
      32
      44
      33
      40
      40
      36
      33
      46
      31
      38
      35
      50
      25
      32
      46
      35
      36
      37
      41
      33
      43
      39
      40
      39
      36
      33
      42
      37
      29
      35
      35
      47
      40
      31
      27
      44
      43
      40
      33
      41
      36
      30
      45
      40
      31
      38
      24
      26
      47
      43
      48
      32
      36
      40
      30
      43
      30
      44
      30
      32
      40
      37
      28
      37
      24
      33
      32
      30
      35
      34
      28
      35
      24
      41
      40
      27
      39
      38
      41
      37
      36
      30
      34
      24
      37
      33
      23
      36
      36
      37
      35
      36
      32
      39
      19
      26
      35
      37
      34
      46
      49
      31
      35
      33
      21
      40
      31
      27
      27
      26
      31
      34
      39
      30
      38
      32
      30
      38
      42
      37
      48
      34
      22
      31
      26
      34
      21
      29
      25
      34
      23
      35
      34
      31
      32
      35
      21
      38
      26
      32
      30
      32
      27
      35
      26
      28
      35
      28
      37
      30
      41
      31
      37
      31
      27
      27
      31
      30
      33
      27
      37
      35
      32
      33
      23
      41
      33
      26
      29
      31
      35
      36
      38
      29
      29
      33
      32
      34
      28
      40
      36
      30
      27
      23
      22
      27
      26
      35
      29
      26
      30
      26
      27
      28
      30
      31
      28
      22
      33
      25
      16
      24
      34
      28
      23
      39
      32
      31
      26
      30
      22
      33
      30
      26
      27
      25
      23
      30
      25
      35
      27
      34
      28
      33
      28
      30
      23
      29
      24
      31
      38
      33
      35
      30
      30
      42
      25
      20
      17
      32
      23
      30
      28
      23
      24
      27
      35
      34
      29
      30
      29
      19
      21
      32
      24
      28
      19
      26
      29
      29
      29
      27
      40
      38
      34
      32
      29
      27
      31
      29
      21
      25
      28
      33
      28
      24
      20
      22
      21
      29
      16
      23
      29
      30
      25
      25
      27
      25
      21
      22
      38
      24
      32
      39
      29
      36
      34
      23
      28
      28
      23
      35
      34
      39
      23
      25
      16
      27
      37
      18
      23
      28
      22
      31
      25
      25
      16
      29
      26
      33
      26
      20
      25
      30
      29
      26
      24
      22
      22
      33
      25
      23
      28
      32
      22
      24
      24
      33
      33
      22
      22
      16
      27
      32
      32
      29
      24
      27
      25
      34
      26
      31
      21
      33
      18
      29
      22
      34
      30
      24
      25
      18
      21
      28
      19
      33
      28
      30
      23
      24
      26
      31
      22
      23
      19
      21
      30
      17
      22
      24
      30
      27
      22
      21
      28
      35
      27
      32
      18
      34
      29
      30
      23
      21
      23
      23
      26
      21
      19
      25
      28
      25
      20
      29
      26
      24
      19
      17
      29
      20
      19
      24
      30
      21
      30
      23
      27
      16
      25
      29
      17
      18
      23
      24
      26
      21
      12
      26
      17
      25
      23
      20
      25
      19
      21
      30
      28
      20
      23
      29
      17
      26
      22
      30
      17
      19
      22
      16
      26
      17
      16
      24
      18
      27
      25
      18
      14
      27
      18
      22
      25
      20
      23
      18
      14
      25
      11
      18
      21
      22
      15
      28
      25
      17
      27
      24
      18
      24
      20
      22
      26
      24
      22
      14
      10
      19
      17
      19
      23
      18
      18
      13
      24
      16
      23
      20
      20
      15
      20
      15
      16
      19
      21
      23
      23
      20
      17
      18
      18
      28
      23
      12
      18
      26
      15
      28
      18
      21
      10
      19
      15
      21
      18
      24
      17
      21
      20
      27
      14
      22
      15
      23
      19
      21
      19
      19
      19
      20
      24
      18
      14
      17
      23
      19
      15
      26
      17
      15
      19
      16
      17
      18
      19
      21
      25
      24
      18
      19
      23
      22
      25
      20
      22
      18
      13
      24
      13
      10
      21
      19
      18
      13
      17
      16
      21
      27
      19
      20
      14
      23
      23
      20
      16
      20
      21
      17
      22
      19
      19
      24
      24
      18
      22
      15
      17
      20
      19
      19
      27
      14
      14
      17
      15
       8
      24
      16
      21
      19
      15
      18
      25
      14
      12
      22
      16
      20
      19
      19
      20
      26
      10
      24
      26
      13
      13
      19
      27
      22
      21
      18
      20
      13
      19
      16
      17
      12
      15
      26
      13
      23
      21
      25
      24
      18
      22
      13
      21
      18
      18
      22
      24
      20
      19
      19
      21
      14
      21
      18
      25
      13
      27
      21
      15
      14
      20
      26
      12
      17
      15
      26
      17
      27
      19
       9
      18
      21
      19
      15
      21
      19
      23
      12
      10
      17
      22
      20
      17
      12
      21
      26
      22
      24
      15
      14
      24
      19
      16
      17
      21
      19
      22
      10
      16
      19
      17
      19
      22
      18
      17
      15
      17
      17
      14
      16
      22
      16
      18
      16
      20
      23
      21
      18
      16
      20
      10
      16
      18
      22
      17
      24
      23
       6
      21
      19
      21
      11
      15
      17
      16
      13
      27
      19
      18
      18
      15
      15
      18
      18
      19
       7
       9
      18
      16
      23
      15
      15
      12
      19
      10
      18
      21
      12
      20
      24
      13
      21
      18
      19
      23
      15
      18
      17
      16
      16
      18
      13
      12
      18
      17
      20
      18
      18
      20
      16
      25
      20
      17
      12
      19
       9
      11
      15
      17
      23
      21
      13
      13
      16
       9
      19
      30
      12
      17
      26
      26
      18
      20
      13
      22
      11
      18
      19
      18
      16
      23
      15
      12
      18
      25
      25
      14
      23
      19
      22
      18
      16
      14
      15
      21
      17
      17
      13
      20
      19
      16
      13
      12
      21
      16
      20
      23
      16
      28
      12
      18
      18
      19
      18
      15
      23
      18
      11
      15
      14
      20
      18
      23
      14
      23
      21
      21
      13
      27
      17
      12
      10
      22
      18
      27
      24
       8
      22
      23
      24
      14
      11
      13
      16
      23
      21
      18
      12
      19
      19
      19
      17
      14
      20
      14
      18
      18
      14
      21
      31
      17
      11
      19
      11
      12
      15
       9
       9
      12
      16
       6
      22
      15
      16
      17
      15
      13
      32
      17
      15
      22
      10
      14
      17
      17
      18
      17
      15
      15
      22
      22
      17
      14
      25
      21
      20
      17
      13
      23
      19
      14
      19
      21
      16
      17
      17
      16
      15
      18
      22
      15
      14
      17
      10
      12
      14
      13
      10
      23
      23
      18
      19
      18
      19
      19
      15
      16
      18
      18
      16
      17
      18
      21
      27
      19
      19
      12
      15
      16
      22
      15
       8
      13
      20
      19
      19
      14
      20
      18
      15
      26
      14
      16
      19
      17
      19
      13
      26
      18
      20
      20
      21
      19
      16
      18
      10
      15
      18
      14
      15
      26
      21
      13
      19
      12
      15
      17
      18
       8
      14
      15
      20
      16
      12
      20
      13
      10
      15
      21
      20
      20
      11
      13
      15
      20
      10
      14
      12
      15
      24
      26
      15
      12
      16
      21
      14
      15
      13
      11
      18
      14
      18
      15
      19
      16
      19
      20
      12
      10
      22
      17
      19
      16
      15
      15
      17
      14
      11
      11
      11
      18
      14
      22
      23
      10
      10
      14
      13
      17
      14
      17
       9
      15
      17
      13
      13
      17
      18
      16
      29
      14
      12
      11
      23
      18
      12
      19
      14
      15
      11
      17
      17
      19
      17
      27
      12
      11
      20
      21
       9
      16
      11
      14
      19
      18
      11
      14
      15
      19
      14
      18
      16
      28
      17
      11
      19
      14
       9
      13
      15
      20
      17
      16
      10
      15
      13
      18
      10
      14
      15
      14
      15
      13
      17
      14
      22
       9
      12
      16
      18
      15
      15
      16
      16
      12
      16
      20
      11
      16
      13
      15
      14
      16
      11
      11
      13
      19
      16
      12
      20
      17
      11
      16
       9
      15
      12
      12
      19
      27
      14
      14
       6
      16
      17
      14
      13
      17
      16
      21
      19
      16
      21
      10
      19
      18
      13
      14
      11
      17
      12
      23
      14
      23
      14
      19
      15
       9
      14
      11
      20
      18
      19
      16
      11
      16
      16
      13
      10
      19
      18
      11
      21
      19
      15
       9
      15
      17
      18
      16
       8
       9
      15
      21
       6
      20
      15
      29
      15
      13
       8
      15
      12
      14
      19
      18
       8
      14
      16
      17
      17
      18
      17
      27
      20
      14
      21
      14
      13
      12
      20
      15
      16
      15
      14
      10
      17
      15
      11
      20
      15
      12
      15
       9
      18
      12
      14
      15
      19
      13
      18
      16
      12
      13
      13
       9
      13
      11
      12
      17
      16
      10
      14
      17
      17
      19
      21
      16
      12
      11
      15
      14
       9
      11
      16
      12
      18
      13
      15
      15
      20
      19
      15
      14
      13
      16
      20
      15
      14
      15
      15
      16
       9
      17
      13
      11
      14
      16
      19
      13
      23
      25
      15
      15
      10
      23
      15
      11
      17
      17
      10
      17
      13
      17
      17
      15
      11
      16
      10
       9
      14
      11
      18
      21
      13
      16
      18
      12
      15
      12
      18
      17
      17
      22
      20
      19
      21
      14
      20
      22
       6
      21
      20
      25
      23
      27
      22
      30
      20
      21
      19
      35
      21
      36
      47
      22
      25
      26
      40
      30
      43
      42
      39
      36
      47
      57
      52
      53
      50
      57
      58
      64
      68
      62
      86
      70
      73
      86
      80
      95
      85
      82
      93
      94
     118
     128
     137
     117
     154
     155
     145
     187
     159
     185
     211
     200
     246
     299
     278
     279
     291
     355
     337
     374
     366
     374
     430
     433
     507
     517
     544
     596
     620
     641
     693
     752
     739
     794
     740
     874
     869
     891
     929
     915
     933
     980
    1027
     967
    1078
    1082
    1127
    1153
    1006
    1126
    1040
    1067
    1029
    1089
    1018
     978
     946
     976
     958
     934
     868
     897
     879
     779
     892
     740
     738
     710
     711
     655
     590
     628
     565
     540
     585
     475
     463
     472
     395
     358
     357
     336
     317
     312
     238
     239
     261
     231
     210
     197
     178
     168
     155
     146
     145
     131
     108
     105
      93
      94
      80
      72
      69
      66
      69
      57
      58
      48
      41
      41
      41
      38
      30
      42
      21
      27
      24
      31
      30
      21
      20
      20
      12
      13
      17
      11
      17
      13
      13
      16
      16
       8
      15
      21
      13
      13
      17
      14
      11
      10
       9
       9
       9
       9
      13
       6
      15
       8
       8
      11
      10
      10
       4
       4
      12
       9
       7
       9
      12
       9
       7
       9
      10
       8
       5
      10
       6
       8
      10
       9
      10
       6
       4
      11
       8
      12
      12
      12
       9
       4
       5
       5
       9
       8
      10
       7
      10
       4
      10
       7
       8
       8
      10
       8
       3
       6
       5
      13
       7
       7
       6
       2
      12
       5
       9
       9
      11
       8
       5
       5
       8
       9
       6
       9
       8
      10
      10
       7
      12
      10
       6
       9
       9
       8
       7
      11
       8
       9
       8
      10
       6
       9
       8
       7
       8
      11
       7
       9
       9
       7
      14
      10
      12
       4
       4
      10
       4
       5
      13
       6
       5
       8
       7
       8
      10
      12
      12
       7
       8
       6
       4
       6
      11
       3
      11
       9
       6
       6
       9
       6
      11
       9
      13
       8
       9
       7
      11
       9
      11
       7
       7
      12
       8
      11
       7
       9
       9
       6
      12
       7
      10
       7
      11
       5
       7
      15
       7
      12
       6
       6
      14
      11
       7
      10
      10
       8
       9
       5
      11
       6
       5
       9
       9
      10
       4
       6
      10
      11
      12
       7
       9
       5
       6
      15
      12
       5
       8
       7
       8
      12
      12
       6
       8
       8
      10
       7
       8
       6
      11
       5
      12
       4
      10
       5
      10
       7
       5
      11
       9
      14
      11
       6
       4
       7
       7
      13
       7
       6
       7
      10
       8
       6
       9
       7
      10
       4
       9
       8
       9
       8
      14
       7
      12
       5
      10
       6
       6
       9
       6
       8
      11
       8
       7
       7
       7
      16
      13
       5
       5
       4
       4
      10
       9
       7
       5
       2
       6
       5
       9
       5
       9
       9
       5
       7
       8
       8
      11
      11
       8
      11
      10
       7
       9
       8
       6
       6
       7
       7
      10
       8
       6
       7
       7
       6
       8
      11
       8
      10
       8
       7
      13
       8
       7
       8
       7
       7
      10
       8
       7
       8
       8
      12
      12
       6
       7
       3
      11
       8
       8
       4
       8
       5
       7
       8
       2
       8
       8
       9
       7
       9
       9
       6
       7
       9
      10
       8
       5
       4
      10
       8
      14
       9
      17
      12
       6
      11
      10
       4
       9
       6
       9
       6
      11
      11
       5
       4
      12
       4
       4
       7
      11
       5
       7
       8
      13
       8
       9
       9
      10
       9
       7
       7
       8
      11
      11
       7
      10
       9
      12
       3
       4
      10
       9
       7
       9
      10
       9
       5
       8
      10
       7
       4
       8
       6
       7
      10
       8
       9
       9
       7
       5
       8
       8
       9
       9
       7
      14
       6
       7
       5
       9
       6
       7
       9
      10
       8
       7
       7
       6
       7
       4
      15
       3
      11
       7
       6
       7
      10
       6
      15
       7
      11
       7
       9
       6
       7
       5
      10
       8
       3
       6
       4
      11
       7
       6
       4
       8
      13
       8
       9
       6
       8
       8
       6
      11
       6
      10
       9
       3
      11
      11
       5
       6
      12
       7
       4
       7
       6
       7
       8
       6
       9
       7
       9
       4
       7
       5
      10
       3
      10
       6
      10
      10
      10
       5
       6
      16
      10
      13
       7
      10
       5
       4
       3
       7
       6
       4
      12
       9
       9
       9
      11
       8
      15
       3
       5
       2
       4
      11
      11
       6
       4
      11
       9
      12
       6
       6
       7
       7
       8
       4
       9
       6
       9
       8
       3
       8
       5
       4
       4
      12
       6
       3
      10
      10
       9
      11
       9
      11
      12
       6
      12
      12
       8
       5
       6
       9
      11
       6
      11
       5
       5
       5
       2
      10
       5
       6
       6
       3
       5
      10
      10
       9
       8
       4
       7
       4
       9
       5
      10
      11
       7
       7
       6
       8
       9
      11
       6
       8
       6
       6
       7
      13
       6
      10
      10
       8
       6
       7
       8
       8
       7
       9
       5
      15
       7
       5
       8
       7
       9
       8
      12
       8
       8
      10
      11
       9
      11
       4
       6
       6
       9
       4
      11
       5
       7
       5
      11
       5
       8
       7
       6
       8
       6
       6
       5
      12
       6
      13
       4
       4
       4
       7
       8
       4
       5
       8
       4
       7
       5
       8
      10
       5
       9
       9
       6
      14
       6
       9
       5
       4
       5
       8
      12
       6
       6
      10
       9
       7
       6
       6
       6
       8
       4
       8
       7
      13
       7
       5
       7
      12
       6
      11
      10
       4
       7
      11
       7
       4
       6
       7
      11
       8
       7
      10
       9
       7
       6
       8
       5
       9
      11
       8
      10
       7
       4
      11
       7
       5
       8
       8
       6
       8
       7
      14
       5
      11
      12
       6
       4
       8
       5
       4
      17
       4
       9
       7
       7
       6
       9
       8
       7
       9
       7
       9
      12
      10
      14
       6
      10
       8
       9
      11
       6
      11
       6
       9
       6
       4
      12
       6
       8
      10
      13
       4
       6
       6
       8
      10
       6
       8
       6
       7
       8
       8
       5
      10
       6
       7
       6
       8
       5
       6
       8
       4
       6
       8
       5
       7
       9
       6
       8
       5
       9
       9
      12
       9
       7
       6
       8
       6
       7
       5
       9
      15
      13
       6
       2
       9
       9
       8
       7
       8
       7
       7
       8
      10
       6
       9
      11
      14
      11
       6
       4
       4
       4
       4
       8
       4
      11
       6
       9
      10
       8
       8
       8
       5
       4
       9
       7
       9
      10
       8
      15
      16
       6
       7
       6
       7
       8
      11
      11
      15
      11
      12
       6
       7
      10
       8
       8
       8
      10
       6
       7
      11
      14
       6
       6
      11
       8
       4
      11
       3
       5
       6
       4
      15
       6
       5
       7
       9
       7
       5
       8
       6
       7
       6
      10
       7
      13
       6
      10
       7
       6
       6
       6
       6
       7
       7
       7
      13
      14
      10
       3
       6
       4
      10
      12
       9
       6
      12
       9
       7
      11
       4
       5
      10
       9
       7
       6
       7
       9
      12
       2
       7
       7
       9
       8
       7
      13
       7
       5
       8
      10
       5
      12
       3
       9
      10
       9
       7
       9
       2
       9
       9
       8
       6
       3
       6
       5
       7
       7
       4
       7
      15
       7
       6
      10
       5
       7
      10
       3
       9
       7
       7
       9
       3
      12
       7
       8
       8
       7
      13
       6
      14
       7
       5
       7
       4
      10
       4
       7
       8
       5
       9
       9
      10
       8
      12
      13
       9
       4
       8
       7
       6
       7
       8
       5
       9
       6
       6
       5
       7
       7
       6
       9
       7
       8
       6
      13
      14
      10
       7
      10
       3
       9
       8
       6
       5
       8
       6
       7
       6
      16
       9
       8
      12
       7
       7
       8
      12
       6
       7
       6
       8
       9
       8
      11
       2
       9
       5
       7
       6
       4
       9
       6
       8
       9
      13
       6
       6
       4
       8
       4
       4
       7
       6
       4
      11
       5
       5
       9
       4
       7
       5
      10
       6
       8
       3
       7
       3
       7
       6
       7
      10
       7
       8
      13
       5
       8
       6
       7
       6
       5
      10
      11
       7
       8
       6
       7
       6
       9
       6
       7
      10
       8
      10
      10
       7
       5
       2
      10
       8
      13
       8
       1
       5
       5
       7
       5
       5
       9
       9
      10
       7
       8
       7
       5
       3
       8
      13
       4
       7
       9
      13
      10
      12
       7
      11
       5
       6
       5
       6
       9
      10
       9
       4
      12
       8
       9
      17
       8
       7
       4
       7
      10
      10
       6
       6
       8
       9
       4
       9
       5
       9
      10
       9
      11
       9
      10
      16
      10
       8
      11
       5
       6
      13
       7
      10
      10
       5
      11
       9
       7
       7
       3
      13
       7
       9
       4
       6
       7
       5
       9
       5
       8
      10
       7
       7
       6
       4
      12
       6
       7
       6
       8
      11
      11
       7
       9
      10
       2
      16
       6
       6
      11
       6
       6
       5
       8
       9
       6
       6
      14
       8
       8
       6
       5
       4
       5
       9
      10
       5
       9
       8
       4
       8
       4
      11
      12
      12
      11
       9
       6
       4
       5
       5
       6
       7
       4
       6
       6
       9
       4
       8
       3
       9
       6
       4
       4
       9
       6
       8
      10
       5
       5
       4
       6
       9
       7
       6
       4
       6
       8
       8
       3
      16
       6
       4
       9
       8
       7
      11
       4
       6
       5
       6
       5
       9
       2
       5
       5
      10
       6
       7
       5
       5
      10
       7
      10
       8
       9
       9
      10
      12
       2
       7
      12
       6
      11
       9
       7
      13
      12
       4
       8
       5
       9
      11
       4
      11
       9
       8
       6
       7
      10
      10
       2
       4
       6
       8
       3
       4
      10
       4
       3
       9
       8
       9
       6
      10
       6
       7
      11
      12
       3
       7
       6
       7
      11
       7
       7
       6
       4
       5
       5
       6
      10
      11
       7
       5
       2
       5
       4
      12
       1
       6
       4
      12
       6
       3
       8
       7
       8
       9
       7
      11
      10
       6
      13
       5
       7
       7
       5
       5
       7
       6
       9
       9
       7
       9
      12
       8
       8
       9
      13
       7
      12
       4
       5
       6
       9
       6
       6
       8
       8
      11
      11
       2
       6
       5
       9
       4
       5
       7
       3
       7
       9
       5
      11
      15
       1
       6
      10
       7
      11
       7
      13
       4
      13
       9
       6
       7
       8
       3
       4
       6
       7
       8
      10
       5
       6
       8
       4
       9
       8
       6
       8
       5
       9
      10
      11
      10
       8
       3
      11
       9
       6
       6
       6
       7
       7
      10
      11
       9
      11
       6
       7
       9
      14
       7
       7
       7
       3
       6
      11
       5
       7
       8
       4
      10
       9
       6
       8
      11
       3
       7
       4
       5
      10
      15
       5
       7
       5
       6
       8
       8
      11
       5
       6
      11
       6
       7
       8
       9
       8
       8
      13
       5
       8
       5
       6
       9
       4
       9
       4
       7
       3
       8
       6
       9
       8
       4
       5
       4
       7
       8
       8
       8
      12
      11
       8
      12
       8
       5
       9
       8
       7
       8
       5
       9
      11
      10
       6
       3
       8
       4
      13
       7
       8
       7
      13
       6
       6
       3
       6
       6
       9
      12
       8
      10
       7
       9
      12
      10
      15
       7
       3
       6
       9
       6
      14
      13
       4
       6
       8
      13
       6
       8
       5
       6
       8
       9
       5
       5
       7
       3
       7
       9
       6
       6
      12
      13
       7
       8
      11
      10
       6
       9
       7
      10
       5
      10
       8
       8
       7
       4
       6
       8
       7
       5
       5
       6
       5
       4
       9
       6
       7
       4
       9
       6
       5
      10
      11
       4
       8
       5
      11
       2
       8
       7
       6
      10
      11
       6
       8
      12
       8
       6
       4
       9
       8
      10
       5
       9
       9
       6
       9
      10
       7
       9
       6
      10
       7
      11
       6
       5
       3
       4
      10
       4
       8
       7
       3
       6
       5
       6
      10
       9
       6
      11
       4
       7
       8
      10
      11
       7
       4
       7
       7
       4
      10
       3
      11
       6
       7
       8
       6
       3
       6
      11
       5
       7
       5
       5
       5
      10
       7
       6
       8
       6
       8
      11
       8
       7
       5
       8
       9
       6
       8
       9
       7
       5
       9
       6
       6
       7
      13
       8
       8
       7
       9
       4
      12
       6
      10
       6
       8
      13
       5
      10
       2
      10
       6
       6
       9
      10
      10
      10
       4
       7
       9
       7
       8
       9
       7
       7
       7
       6
       9
      12
      10
       3
      10
       5
       4
       2
       5
       7
       6
       8
      11
      11
      11
       7
       6
       8
      11
      11
      10
      11
       6
      10
       7
      10
       9
      11
      10
       6
       7
       9
      11
       8
      10
      11
      10
       7
      10
      11
       9
       4
       7
       8
       9
       8
      10
      11
       6
       4
       4
       7
       9
       6
       8
      11
       6
       5
       5
       9
       6
      11
       6
       4
       8
       5
       5
       5
       4
       4
      11
       5
      11
      10
      10
       7
       6
       6
       4
       8
      10
       7
       6
       7
       6
       9
       3
       6
       7
      10
       8
       4
       9
       7
      10
       3
       4
       6
       7
      11
       6
       7
      10
       4
       7
       6
       9
      11
       7
       6
       9
       8
       6
       6
       9
      12
       7
      12
       6
       9
       6
       6
       8
       4
       9
      10
       5
       6
       6
      10
      10
       7
       8
      10
       6
       3
       6
       9
       3
       3
      11
       8
       4
       4
       3
      10
       8
       1
       7
      11
       3
       7
      10
      10
      15
       8
       9
       9
      11
       4
       7
       6
       8
       8
      11
       9
       6
       5
      11
      10
       7
       4
       6
       4
       5
      12
       6
       7
       9
       6
      12
      11
      13
      10
       5
       5
      14
      13
       6
       9
       9
      13
       1
       6
       7
       6
      10
       6
       7
       7
       6
       6
       8
      10
       5
      11
       6
       7
       6
       9
       7
       3
       6
       5
       7
      11
       7
       5
      10
       7
      10
       6
      13
       7
       7
       8
      13
       6
       1
       4
       7
       7
       5
       8
       8
       7
      10
       6
      13
       5
       8
       5
       5
       7
       8
      11
       7
      11
       5
       8
       9
       7
       5
       7
       7
       5
      11
      10
       7
       6
      11
       6
       5
       9
       9
       7
       9
       7
      14
       7
       6
       8
       7
       2
       6
       3
       2
       7
       7
       5
       5
       9
      10
       7
       7
       6
       5
      13
       6
       5
       9
      10
       7
       6
       6
      10
       6
       5
       7
       5
       5
       3
       4
       5
       2
       4
       6
       6
       5
      11
       6
       7
       6
       7
       9
       9
      12
       6
       9
       9
       7
       9
       5
       8
      11
       8
       8
       7
      10
       6
       9
       3
       9
       5
      11
       8
       7
       5
       9
       8
       2
      10
       8
       8
      12
       9
       9
      10
       5
       3
       3
      10
       3
       5
       5
       4
       8
      10
       6
       9
       8
      10
       7
       4
       8
       7
       7
       7
       4
      11
       7
      10
       9
       6
       9
       4
      11
       1
       5
       5
       9
       6
       4
       8
       7
      11
       9
       5
       8
       8
       7
       4
       8
       5
      11
      11
      11
       6
       5
       5
       5
       7
       6
       7
       6
       8
       9
      14
      10
       7
       6
       8
       5
       1
       8
       7
       1
       8
       9
       5
       7
       8
       9
       9
       6
      15
       3
       3
       6
      13
       8
      10
       8
       7
       6
       7
       5
       7
       5
       5
      11
       5
       4
       8
       9
       6
      14
       8
       8
       4
       5
      13
       5
       7
       5
       6
       4
      11
      11
      15
       8
       8
       7
       7
       6
       8
       4
       8
       3
      10
       5
       5
       3
       6
       3
       9
       9
       7
       7
       9
       6
      13
       7
       6
       4
       3
      10
      10
       9
       6
      12
       3
      14
       9
       7
       3
       5
      13
      10
       5
       5
       6
       6
       6
       7
       8
       5
       6
      11
       7
       7
       8
      10
       8
       6
      14
       4
       9
       5
       6
       6
       7
       4
       4
       9
       8
       2
      12
       9
      15
       8
       5
       7
      11
       8
       6
      14
      10
       8
       1
       7
       7
       5
       8
       5
       5
       6
       7
       7
       4
       2
       3
       8
       8
       6
      14
      11
       8
      14
       7
       9
       8
       6
       6
      11
       9
       5
      13
       8
       2
       6
       5
       7
       2
       5
       7
      14
       7
       8
      13
       8
       6
       7
      13
       6
      10
       7
      11
      11
       7
       7
       8
       7
       8
      11
      14
       5
       5
      10
       5
       7
       7
       7
      13
       5
       8
       4
       8
       5
      10
       7
       7
       8
       6
       7
       5
       9
       8
       5
       6
       6
       9
       3
       9
       9
       9
       6
       6
       7
       9
       6
       3
       1
       6
       7
      15
       7
       5
       9
       9
       4
       6
       6
      11
       7
      12
       6
       4
       7
       6
       2
       6
       6
       4
       3
       7
       6
      13
       6
       4
       8
       1
       6
       6
      13
       9
       3
       5
       5
       7
       7
       6
      13
       3
       8
       6
       9
       8
      10
       8
       8
      15
      10
       6
       8
       7
      16
       6
       8
       1
       7
       6
       7
       5
       8
       6
       9
       7
      10
       5
      15
       9
       4
      13
      13
      11
       9
       9
       4
      10
       4
       6
       7
       8
       2
       9
      10
      10
       5
       7
      11
       8
       9
      11
      11
       4
       6
       6
       4
       2
      10
       6
      12
      12
       6
       8
       4
       4
       5
       8
       7
      11
       7
       7
       8
       6
       6
      11
      10
       6
       5
       6
       8
       4
       4
      12
       9
       6
       8
      10
       4
       6
       7
       9
       7
       6
      13
       9
      10
       2
       6
      12
       3
       4
      12
       5
      11
      12
      12
       3
       8
      11
       6
       5
       5
      12
       6
       4
      10
       9
       8
       7
      12
      10
       9
       3
       3
       8
       9
       6
       5
       8
       5
      12
       8
      12
       5
      14
       4
       8
       5
       8
       6
       8
      13
      13
      14
       7
       8
       8
       7
      10
       4
       4
       3
       7
       6
       6
       8
       5
       5
       9
       5
      13
       7
       9
       7
       6
       6
       9
       8
      12
      10
       4
       9
      13
       9
       9
       7
       9
       5
       7
       8
      10
      14
       9
      12
       4
      12
      14
       4
       8
       8
      11
       7
       7
       8
       4
      10
       7
       7
      10
       9
       9
      10
       6
      10
      12
       9
       7
       2
       7
       4
       7
      10
       4
       3
       6
       4
       9
       8
       7
       4
       9
       6
       8
       8
      10
       7
       6
       5
      11
       8
       8
       3
       4
       9
       5
      10
       9
       3
       9
      11
       8
       9
       8
       9
       3
       5
       6
      12
       7
       7
       5
       8
       8
       6
       8
       5
       9
      10
      13
      12
      13
       3
       6
       7
       8
       6
       7
      14
       7
       7
      10
       6
       1
       7
       5
       5
      10
       9
       5
       2
       6
       5
       8
      10
       3
      12
      12
       9
      10
       8
       7
       7
       9
      11
       8
       5
       4
       9
      12
       5
      10
       5
       4
       8
       7
       6
       8
       9
       6
       5
       7
      11
       9
       7
       8
       7
       5
       8
       9
      11
       6
      10
       7
       4
       7
       9
      10
       8
       8
       9
       8
       7
      11
       6
      13
       7
       6
       7
       9
       8
       6
       8
       6
      10
       8
       8
       4
      13
       9
       6
       8
      12
       5
       5
       8
       7
       5
       5
      12
       7
       7
      11
      13
       6
       8
      10
       7
      11
       7
       6
       6
      11
      13
       6
       9
       9
       4
       6
       7
      11
       6
       6
       5
       6
       6
       8
       6
       8
       7
       5
       9
       9
       8
      12
       8
      14
       8
      13
       8
      12
       8
       6
       9
       4
       7
       6
       7
       9
       8
       7
       8
       8
       9
      11
       9
      14
       7
       8
       4
       7
       8
       9
      15
      11
       8
      13
       3
       4
       9
       8
      15
      12
       8
      11
       5
       8
       6
      10
      11
       8
       5
      11
       9
       9
      10
       7
       7
       0
       7
      11
       7
       7
      10
      15
       7
       5
       5
       4
       9
       9
      11
       7
       9
      10
       9
       6
       4
      11
      11
      13
       6
      12
       5
       7
       9
       6
      11
       3
      13
       3
       6
      14
      13
       7
       4
      10
       8
       8
       8
       8
       2
       8
       7
       9
       9
       6
       8
       8
      10
       9
      10
       3
      10
       6
      10
       9
       9
      13
      10
       6
      15
       5
       4
       6
       6
      10
       4
       7
      11
       4
      11
       8
      10
       9
       6
      11
       6
      15
       4
       7
       9
       7
       9
       5
       4
       7
      10
       5
      10
       7
       9
       8
      12
       8
       7
      16
       9
      12
       5
       5
       6
       7
       9
       9
       6
      13
       5
      12
       6
       8
       7
       7
       6
       4
      11
       8
      10
       6
       5
      10
      14
       8
       9
       9
       8
      10
       9
      10
       3
       8
       8
      11
      13
       6
       8
       9
      10
      13
      11
      10
       5
       7
       6
      10
       6
      11
      12
       7
       3
       8
      11
       8
       7
      13
       5
       7
       9
       7
       5
       8
       4
       7
       9
       8
       7
      12
       6
      10
      10
       8
       6
       9
      11
       7
       7
      11
       9
       2
       7
       7
       7
       7
       1
       6
       7
      14
       4
      10
       7
       4
       8
      10
       4
       5
       7
       7
      10
       9
      11
       6
      11
      11
      11
       7
       6
       4
       7
       6
      13
       6
       8
      13
       8
      14
       6
       6
      10
      12
       8
       4
       4
       9
      11
      10
       8
      13
      12
       7
      15
       7
       8
      12
       8
       7
      11
       3
       6
       8
       8
       7
       5
       8
       8
      13
       7
       9
       8
       8
       7
       6
      10
      12
       9
       5
       5
       9
       5
       9
      10
      13
       8
      14
       8
       9
       9
       8
       9
       5
       5
      10
       8
      10
       9
      16
       9
       9
       8
      10
      11
       6
       3
       4
      10
      13
       2
       9
       4
       8
       7
       5
       7
      11
       8
       8
       5
       7
       7
      10
       6
       8
      10
       7
       5
       6
      11
       6
       7
       7
       6
      10
       6
       7
       9
      12
      12
      11
       6
       9
      12
       6
      10
       8
       4
       7
     115
     244
     256
     274
     259
     240
     251
     214
     240
     258
     243
     256
     234
     240
     246
     236
     231
     222
     239
     246
     225
     251
     256
     245
     242
     240
     237
     196
     260
     263
     233
     241
     213
     240
     219
     229
     239
     233
     242
     203
     218
     241
     241
     230
     250
     240
     228
     230
     236
     290
     254
     258
     260
     254
     234
     260
     223
     239
     219
     260
     246
     278
     253
     251
     214
     237
     220
     230
     255
     226
     212
     207
     244
     216
     239
     235
     211
     247
     234
     251
     247
     223
     231
     216
     204
     204
     240
     223
     232
     215
     238
     221
     225
     282
     233
     227
     236
     233
     267
     265
     245
     230
     240
     222
     243
     210
     231
     232
     219
     258
     225
     258
     215
     248
     245
     198
     220
     250
     223
     245
     249
     219
     224
     216
     250
     221
     226
     217
     209
     219
     194
     204
     221
     240
     204
     221
     229
     222
     222
     202
     234
     215
     235
     231
     230
     232
     214
     237
     239
     214
     238
     195
     254
     227
     208
     229
     213
     232
     226
     225
     219
     251
     246
     214
     234
     240
     234
     235
     231
     236
     223
     229
     234
     240
     234
     217
     217
     246
     204
     230
     230
     235
     211
     233
     126
$ROI:
5
349 399
960 988
992 1050
1491 1501
5157 5169
$PRESETS:
None
0
0
$ENER_FIT:
0.000000 0.107033
$MCA_CAL:
3
0.000000E+000 1.070331E-001 0.000000E+000 keV
$SHAPE_CAL:
3
0.000000E+000 0.000000E+000 0.000000E+000
