$SPEC_ID:
23cm counts
$SPEC_REM:
DET# 1
DETDESC# DLAB-PHY-L3-49 926 Right
AP# Maestro Version 7.01
$DATE_MEA:
10/25/2024 15:16:40
$MEAS_TIM:
662 851
$DATA:
0 8191
       0
       0
       0
       0
       0
       0
       0
       0
       0
       1
       0
       0
       0
       0
       0
       0
       0
       0
       0
       0
       0
       0
       3
       1
      17
      15
      38
      44
      63
      89
     102
     103
     114
     197
     651
    2660
    6624
   12051
   16234
   18946
   19861
   19282
   17687
   14982
   12662
   10900
    9000
    7713
    6584
    5466
    4664
    3823
    3411
    2733
    2428
    2004
    1722
    1424
    1276
    1052
     957
     724
     719
     581
     488
     448
     358
     324
     260
     227
     239
     213
     179
     136
     133
     106
     126
     110
      93
      95
      86
      94
      80
      80
      77
      84
      56
      67
      74
      76
      61
      65
      76
      60
      66
      60
      66
      61
      67
      50
      56
      67
      57
      53
      54
      53
      55
      57
      50
      54
      44
      56
      48
      38
      61
      49
      46
      56
      58
      66
      48
      54
      56
      58
      51
      54
      51
      33
      44
      54
      53
      43
      58
      41
      52
      44
      62
      41
      44
      55
      58
      44
      43
      36
      44
      39
      55
      56
      40
      33
      47
      46
      44
      46
      55
      51
      50
      34
      38
      47
      41
      47
      49
      45
      42
      39
      43
      54
      44
      41
      35
      55
      37
      50
      50
      46
      35
      42
      46
      50
      46
      35
      44
      37
      55
      49
      59
      34
      48
      45
      58
      43
      32
      37
      48
      36
      45
      49
      38
      45
      32
      41
      35
      45
      42
      34
      35
      49
      44
      48
      32
      42
      37
      37
      42
      47
      50
      44
      54
      49
      42
      36
      35
      38
      44
      47
      36
      29
      47
      37
      44
      46
      44
      42
      44
      28
      35
      37
      41
      36
      38
      49
      36
      39
      40
      48
      39
      32
      37
      32
      41
      48
      51
      38
      51
      29
      46
      43
      41
      39
      29
      42
      41
      41
      32
      40
      34
      38
      35
      50
      31
      31
      31
      41
      21
      37
      35
      47
      48
      42
      39
      28
      37
      41
      41
      38
      35
      41
      39
      42
      45
      45
      37
      45
      43
      33
      38
      39
      48
      44
      36
      48
      40
      38
      34
      44
      41
      29
      39
      35
      40
      39
      33
      33
      43
      41
      41
      34
      44
      39
      43
      40
      33
      43
      35
      30
      50
      46
      36
      31
      49
      37
      32
      40
      36
      46
      34
      39
      43
      40
      28
      54
      39
      36
      33
      39
      38
      43
      34
      32
      31
      42
      35
      44
      33
      43
      34
      42
      34
      39
      27
      47
      37
      42
      35
      38
      24
      36
      37
      33
      42
      33
      47
      37
      44
      36
      39
      47
      47
      47
      36
      37
      47
      32
      42
      48
      44
      38
      43
      46
      31
      26
      37
      37
      31
      20
      41
      42
      40
      46
      31
      45
      50
      44
      29
      44
      37
      40
      32
      32
      33
      46
      38
      33
      24
      41
      23
      33
      44
      41
      30
      43
      31
      39
      33
      30
      35
      41
      36
      34
      34
      37
      38
      43
      33
      40
      24
      28
      45
      38
      31
      23
      41
      43
      33
      39
      45
      37
      42
      35
      33
      35
      27
      40
      35
      49
      50
      39
      39
      24
      49
      49
      44
      39
      38
      39
      45
      38
      38
      41
      41
      43
      37
      33
      41
      51
      32
      50
      34
      32
      31
      38
      32
      37
      36
      44
      26
      37
      41
      39
      40
      34
      27
      51
      33
      41
      38
      39
      35
      43
      36
      36
      42
      53
      29
      30
      36
      31
      34
      39
      36
      26
      36
      46
      47
      39
      33
      51
      38
      39
      42
      37
      37
      39
      40
      34
      32
      38
      46
      28
      35
      36
      31
      46
      35
      36
      40
      42
      37
      37
      31
      45
      39
      38
      37
      50
      37
      50
      38
      47
      35
      36
      33
      37
      44
      39
      40
      38
      44
      24
      41
      32
      35
      32
      38
      49
      40
      46
      41
      34
      46
      41
      44
      42
      41
      43
      31
      36
      36
      33
      33
      28
      48
      38
      49
      32
      51
      31
      31
      28
      44
      39
      38
      42
      44
      38
      50
      46
      44
      35
      35
      38
      42
      42
      60
      43
      44
      32
      45
      34
      55
      41
      46
      43
      49
      41
      42
      33
      45
      26
      54
      39
      35
      43
      44
      41
      40
      53
      49
      38
      55
      51
      43
      46
      42
      53
      55
      48
      55
      49
      47
      48
      49
      52
      50
      60
      58
      65
      62
      48
      60
      63
      61
      61
      59
      62
      49
      59
      65
      50
      57
      57
      43
      67
      59
      43
      51
      66
      60
      55
      41
      44
      54
      56
      48
      49
      62
      45
      48
      40
      50
      42
      34
      44
      50
      44
      53
      49
      42
      45
      37
      47
      45
      35
      48
      54
      41
      44
      39
      43
      28
      47
      36
      38
      45
      37
      42
      29
      29
      31
      46
      46
      30
      46
      46
      37
      50
      44
      37
      38
      37
      31
      39
      43
      41
      21
      35
      32
      38
      32
      36
      39
      40
      33
      51
      40
      54
      46
      51
      46
      49
      41
      39
      45
      50
      43
      42
      39
      47
      45
      49
      51
      48
      46
      58
      33
      49
      60
      34
      57
      48
      42
      48
      53
      39
      44
      40
      40
      50
      61
      50
      35
      41
      43
      47
      40
      45
      43
      35
      49
      44
      43
      49
      37
      44
      43
      43
      38
      34
      39
      31
      33
      44
      27
      31
      33
      32
      34
      38
      47
      28
      33
      38
      33
      37
      33
      30
      43
      32
      26
      36
      35
      23
      39
      36
      41
      43
      32
      46
      38
      39
      38
      34
      35
      38
      32
      36
      31
      39
      51
      33
      28
      43
      29
      36
      37
      36
      36
      25
      33
      30
      39
      42
      45
      27
      38
      40
      36
      54
      35
      28
      51
      31
      36
      23
      40
      34
      36
      30
      33
      42
      32
      25
      34
      36
      35
      26
      33
      37
      34
      39
      38
      35
      35
      33
      40
      43
      34
      36
      40
      26
      30
      35
      28
      37
      35
      29
      33
      37
      33
      31
      40
      38
      42
      39
      30
      39
      35
      34
      44
      31
      24
      31
      31
      30
      39
      40
      25
      25
      30
      48
      37
      30
      44
      33
      36
      31
      28
      42
      41
      45
      37
      38
      41
      28
      30
      27
      39
      37
      24
      23
      36
      27
      62
      36
      30
      39
      37
      40
      35
      43
      38
      30
      31
      24
      36
      34
      37
      31
      29
      32
      29
      39
      49
      39
      36
      33
      45
      40
      32
      39
      25
      44
      43
      33
      43
      38
      39
      32
      29
      34
      34
      34
      38
      25
      27
      35
      39
      37
      32
      30
      42
      40
      37
      33
      48
      35
      34
      39
      42
      31
      41
      26
      38
      37
      33
      35
      47
      37
      37
      36
      23
      40
      25
      26
      24
      33
      37
      31
      35
      29
      37
      37
      32
      48
      33
      35
      35
      29
      33
      22
      28
      42
      33
      37
      32
      36
      26
      29
      32
      27
      34
      31
      32
      21
      28
      28
      37
      21
      40
      37
      36
      42
      28
      25
      39
      36
      35
      38
      38
      29
      36
      31
      31
      31
      28
      34
      28
      36
      29
      32
      34
      30
      31
      36
      32
      33
      40
      37
      38
      33
      54
      23
      33
      30
      37
      31
      26
      39
      26
      35
      24
      27
      33
      35
      46
      29
      32
      31
      28
      32
      23
      30
      34
      36
      34
      37
      28
      46
      38
      30
      36
      32
      27
      29
      31
      30
      25
      21
      43
      39
      22
      33
      38
      39
      19
      31
      41
      35
      35
      41
      43
      30
      30
      32
      29
      35
      32
      32
      27
      37
      33
      34
      36
      35
      28
      39
      49
      45
      34
      28
      31
      26
      38
      31
      40
      33
      33
      29
      37
      30
      22
      33
      23
      40
      29
      32
      40
      36
      29
      29
      31
      32
      27
      26
      28
      27
      29
      25
      23
      38
      37
      37
      34
      38
      38
      38
      40
      30
      28
      43
      40
      35
      28
      38
      34
      29
      35
      30
      21
      32
      38
      33
      30
      34
      30
      39
      27
      33
      39
      34
      29
      39
      33
      35
      24
      25
      34
      30
      47
      39
      26
      26
      31
      31
      32
      31
      35
      39
      29
      29
      26
      41
      32
      36
      39
      34
      29
      33
      38
      23
      34
      37
      31
      22
      32
      38
      30
      35
      29
      32
      32
      23
      32
      36
      33
      38
      30
      25
      29
      28
      33
      31
      27
      31
      32
      32
      26
      28
      30
      30
      30
      31
      33
      21
      38
      29
      31
      37
      32
      27
      40
      41
      25
      38
      42
      31
      28
      26
      28
      41
      33
      32
      31
      28
      23
      21
      30
      34
      28
      42
      30
      25
      36
      35
      30
      32
      46
      26
      39
      31
      38
      46
      25
      33
      28
      33
      38
      32
      33
      29
      40
      28
      41
      35
      20
      30
      35
      21
      34
      38
      36
      21
      23
      36
      24
      28
      26
      30
      27
      29
      24
      28
      37
      29
      26
      38
      36
      45
      31
      34
      25
      38
      24
      38
      35
      33
      33
      26
      31
      36
      43
      36
      32
      34
      35
      26
      34
      24
      28
      27
      19
      41
      33
      42
      31
      38
      26
      35
      30
      36
      37
      37
      29
      34
      35
      30
      27
      33
      31
      30
      35
      38
      32
      34
      28
      25
      36
      32
      31
      39
      42
      48
      28
      35
      32
      37
      21
      40
      32
      27
      28
      24
      25
      35
      43
      36
      35
      32
      27
      41
      30
      35
      22
      32
      26
      25
      25
      29
      33
      40
      31
      34
      19
      31
      38
      32
      31
      38
      34
      41
      30
      35
      32
      22
      39
      31
      25
      31
      19
      38
      33
      38
      24
      32
      41
      32
      32
      32
      33
      25
      38
      33
      19
      37
      37
      29
      24
      34
      24
      39
      35
      18
      38
      37
      28
      29
      28
      37
      33
      27
      30
      28
      31
      39
      31
      33
      32
      36
      29
      29
      29
      37
      31
      36
      38
      33
      30
      27
      22
      41
      15
      37
      40
      31
      23
      29
      32
      22
      34
      32
      33
      36
      28
      41
      39
      43
      28
      42
      32
      23
      25
      31
      38
      45
      36
      34
      26
      29
      36
      27
      32
      43
      31
      28
      41
      40
      37
      40
      28
      28
      33
      36
      41
      40
      36
      34
      31
      36
      34
      31
      47
      34
      33
      41
      38
      32
      30
      36
      40
      38
      34
      38
      29
      34
      33
      31
      35
      46
      28
      38
      34
      39
      36
      36
      34
      45
      34
      35
      30
      39
      28
      37
      32
      42
      32
      47
      35
      33
      37
      31
      42
      26
      33
      33
      35
      25
      34
      43
      38
      37
      42
      38
      38
      29
      40
      38
      39
      40
      27
      37
      37
      29
      35
      37
      29
      28
      40
      43
      34
      37
      45
      40
      42
      38
      52
      27
      31
      40
      30
      32
      43
      30
      32
      39
      41
      43
      32
      29
      28
      40
      35
      30
      38
      35
      31
      35
      31
      47
      31
      31
      37
      32
      40
      39
      33
      49
      42
      37
      33
      30
      19
      43
      30
      32
      39
      37
      32
      43
      35
      34
      38
      43
      42
      32
      42
      36
      28
      35
      38
      46
      41
      34
      37
      41
      37
      32
      35
      27
      33
      31
      30
      33
      39
      34
      36
      35
      41
      35
      26
      29
      29
      35
      38
      39
      35
      38
      45
      42
      31
      32
      35
      38
      38
      18
      36
      31
      35
      42
      35
      25
      32
      43
      32
      38
      37
      28
      27
      27
      35
      34
      42
      39
      31
      30
      42
      35
      39
      30
      41
      37
      36
      28
      29
      39
      55
      33
      31
      42
      32
      40
      22
      40
      27
      30
      37
      21
      34
      25
      31
      34
      39
      33
      26
      36
      52
      35
      26
      42
      38
      36
      39
      39
      40
      23
      28
      38
      32
      33
      40
      45
      41
      47
      30
      42
      44
      34
      24
      30
      34
      31
      39
      35
      27
      38
      35
      39
      23
      30
      44
      33
      27
      40
      37
      33
      38
      30
      33
      36
      33
      30
      33
      28
      28
      37
      39
      30
      38
      31
      35
      31
      36
      49
      26
      33
      30
      33
      42
      38
      39
      34
      29
      45
      38
      26
      32
      38
      36
      36
      29
      35
      26
      42
      25
      28
      40
      36
      27
      37
      28
      25
      40
      29
      31
      33
      40
      31
      28
      26
      34
      29
      31
      25
      38
      36
      35
      35
      30
      41
      38
      32
      30
      35
      34
      29
      40
      27
      34
      22
      32
      30
      43
      35
      23
      29
      34
      34
      35
      41
      33
      40
      23
      37
      35
      28
      34
      29
      39
      29
      25
      26
      42
      43
      22
      24
      27
      34
      32
      39
      41
      36
      42
      42
      32
      36
      32
      37
      34
      31
      29
      37
      37
      35
      31
      29
      33
      39
      29
      31
      25
      33
      36
      26
      26
      26
      38
      43
      36
      27
      32
      26
      26
      33
      33
      38
      23
      37
      22
      34
      25
      32
      24
      36
      37
      35
      29
      37
      30
      38
      33
      29
      36
      39
      41
      38
      34
      35
      30
      38
      36
      35
      35
      34
      39
      42
      44
      34
      38
      45
      27
      26
      34
      37
      28
      36
      37
      30
      32
      40
      31
      31
      27
      29
      39
      28
      32
      41
      31
      30
      27
      31
      27
      30
      32
      33
      26
      31
      38
      35
      40
      37
      35
      37
      30
      41
      30
      43
      34
      39
      38
      27
      30
      26
      21
      40
      32
      37
      41
      29
      36
      30
      24
      34
      30
      34
      30
      28
      35
      36
      40
      22
      32
      32
      41
      39
      48
      34
      32
      33
      30
      28
      31
      28
      27
      45
      30
      43
      31
      36
      34
      31
      37
      37
      29
      34
      28
      33
      31
      42
      35
      31
      28
      22
      29
      36
      32
      31
      30
      33
      22
      32
      43
      27
      28
      36
      42
      30
      34
      23
      32
      38
      30
      41
      25
      37
      45
      44
      33
      21
      44
      38
      26
      53
      22
      31
      37
      34
      26
      31
      21
      32
      32
      22
      29
      27
      35
      30
      40
      33
      33
      39
      27
      25
      34
      44
      30
      45
      33
      43
      25
      31
      34
      25
      33
      31
      26
      40
      46
      22
      32
      25
      30
      35
      36
      48
      34
      21
      30
      40
      36
      38
      35
      27
      26
      32
      31
      21
      40
      37
      33
      34
      45
      29
      34
      23
      26
      35
      32
      48
      24
      31
      24
      28
      16
      47
      29
      33
      33
      33
      38
      37
      34
      33
      33
      26
      26
      24
      32
      34
      29
      29
      40
      27
      39
      23
      34
      20
      38
      36
      40
      34
      27
      34
      29
      28
      36
      27
      30
      30
      42
      29
      24
      41
      39
      37
      20
      40
      37
      34
      23
      36
      27
      29
      21
      26
      27
      27
      26
      43
      26
      38
      33
      46
      35
      39
      40
      34
      39
      26
      37
      34
      27
      37
      29
      25
      37
      34
      24
      35
      27
      34
      27
      34
      32
      38
      33
      33
      26
      31
      30
      28
      27
      23
      30
      36
      40
      36
      29
      26
      35
      31
      38
      20
      33
      42
      22
      37
      30
      32
      29
      29
      26
      30
      39
      38
      28
      30
      35
      38
      26
      26
      31
      36
      31
      26
      33
      29
      25
      33
      34
      33
      37
      26
      29
      37
      39
      37
      30
      35
      36
      42
      27
      32
      23
      30
      41
      33
      28
      35
      30
      25
      27
      22
      34
      30
      35
      22
      33
      33
      34
      40
      39
      43
      27
      24
      36
      27
      36
      38
      39
      29
      40
      31
      40
      40
      32
      37
      32
      20
      39
      24
      30
      36
      33
      35
      30
      35
      33
      30
      38
      25
      31
      35
      33
      40
      37
      22
      32
      26
      37
      35
      32
      24
      44
      34
      35
      29
      37
      33
      48
      34
      37
      39
      36
      33
      39
      40
      38
      35
      35
      39
      32
      38
      28
      36
      21
      44
      38
      34
      33
      30
      36
      27
      26
      32
      21
      44
      27
      33
      34
      22
      28
      27
      31
      31
      32
      32
      31
      32
      32
      33
      29
      32
      30
      35
      30
      33
      38
      37
      30
      24
      32
      41
      20
      43
      37
      37
      27
      33
      35
      31
      26
      27
      25
      24
      33
      36
      29
      39
      38
      40
      25
      35
      28
      26
      31
      32
      30
      32
      27
      28
      33
      30
      35
      23
      35
      28
      25
      22
      38
      33
      35
      36
      27
      18
      32
      30
      37
      25
      26
      40
      30
      38
      25
      40
      32
      27
      30
      40
      36
      25
      28
      29
      35
      38
      23
      29
      29
      35
      33
      33
      41
      23
      33
      30
      26
      28
      38
      38
      37
      37
      27
      36
      23
      36
      40
      29
      37
      28
      32
      27
      25
      29
      42
      34
      39
      31
      28
      30
      32
      38
      24
      40
      35
      31
      42
      29
      45
      37
      35
      36
      29
      36
      21
      37
      31
      28
      31
      31
      30
      36
      35
      49
      32
      33
      33
      24
      30
      38
      38
      35
      26
      35
      36
      32
      30
      26
      30
      35
      34
      21
      35
      38
      39
      42
      30
      39
      26
      37
      29
      29
      34
      36
      31
      25
      36
      35
      24
      24
      33
      31
      41
      46
      27
      27
      32
      30
      33
      40
      33
      26
      29
      33
      25
      31
      30
      34
      33
      25
      21
      26
      37
      39
      24
      42
      27
      39
      29
      31
      31
      34
      34
      26
      30
      18
      47
      35
      38
      30
      28
      30
      41
      40
      38
      34
      33
      34
      46
      30
      28
      25
      36
      25
      38
      27
      34
      28
      31
      41
      27
      23
      41
      26
      36
      35
      32
      45
      29
      30
      22
      36
      32
      37
      29
      33
      42
      36
      38
      37
      29
      36
      24
      33
      28
      39
      38
      33
      28
      44
      27
      35
      27
      38
      41
      38
      33
      26
      28
      37
      39
      37
      40
      34
      39
      34
      29
      39
      30
      28
      37
      42
      29
      37
      29
      36
      39
      46
      26
      32
      34
      37
      41
      26
      35
      32
      34
      32
      36
      37
      33
      29
      32
      34
      37
      29
      25
      28
      38
      34
      37
      41
      35
      30
      32
      43
      40
      30
      35
      37
      34
      41
      29
      35
      33
      37
      26
      41
      47
      37
      24
      39
      44
      41
      40
      23
      46
      40
      35
      36
      37
      34
      22
      35
      43
      41
      30
      38
      33
      40
      45
      36
      36
      28
      45
      41
      31
      44
      43
      38
      36
      23
      36
      41
      31
      41
      33
      39
      33
      33
      35
      31
      41
      34
      38
      40
      27
      29
      35
      43
      33
      41
      49
      32
      30
      41
      41
      30
      35
      41
      30
      32
      31
      37
      35
      34
      35
      27
      47
      39
      40
      35
      35
      42
      37
      23
      30
      38
      41
      43
      40
      41
      39
      46
      25
      44
      28
      29
      46
      39
      34
      28
      26
      46
      52
      28
      35
      50
      33
      37
      33
      39
      34
      32
      40
      39
      36
      39
      42
      27
      41
      35
      38
      37
      39
      29
      39
      56
      44
      48
      35
      41
      38
      32
      41
      33
      38
      41
      43
      47
      39
      35
      29
      28
      35
      49
      38
      38
      43
      37
      41
      31
      28
      42
      38
      30
      42
      31
      52
      43
      47
      40
      40
      36
      44
      35
      42
      34
      47
      27
      34
      50
      42
      35
      42
      47
      34
      38
      39
      36
      34
      43
      47
      38
      40
      31
      32
      44
      43
      35
      48
      38
      36
      44
      31
      53
      30
      20
      42
      35
      36
      34
      33
      32
      27
      41
      28
      28
      34
      38
      40
      33
      32
      47
      40
      38
      44
      31
      40
      34
      42
      42
      37
      37
      34
      31
      32
      26
      33
      38
      37
      39
      46
      45
      33
      33
      43
      44
      38
      41
      35
      38
      44
      40
      48
      41
      41
      44
      41
      42
      45
      39
      24
      41
      46
      44
      41
      36
      44
      49
      43
      36
      37
      45
      40
      37
      35
      44
      36
      31
      28
      43
      42
      37
      45
      44
      42
      31
      60
      43
      44
      48
      36
      37
      34
      48
      40
      47
      41
      34
      36
      41
      40
      36
      43
      25
      33
      33
      40
      42
      31
      49
      55
      49
      32
      40
      35
      43
      44
      33
      40
      42
      36
      38
      46
      40
      37
      37
      40
      30
      36
      35
      40
      42
      31
      48
      45
      39
      32
      40
      39
      32
      35
      38
      38
      51
      42
      26
      42
      45
      45
      43
      42
      39
      39
      36
      35
      43
      33
      42
      56
      38
      29
      40
      33
      45
      45
      36
      39
      44
      42
      52
      51
      41
      32
      37
      37
      37
      41
      31
      39
      34
      43
      33
      52
      46
      36
      34
      37
      34
      30
      39
      40
      38
      41
      36
      43
      36
      43
      38
      29
      34
      35
      52
      42
      34
      47
      35
      46
      38
      43
      39
      34
      29
      36
      45
      28
      38
      27
      48
      42
      30
      36
      27
      36
      36
      44
      36
      30
      36
      44
      33
      37
      35
      34
      35
      30
      39
      27
      35
      36
      31
      27
      20
      36
      32
      33
      17
      40
      41
      41
      25
      28
      30
      25
      21
      28
      31
      31
      29
      29
      28
      33
      36
      19
      21
      30
      26
      32
      30
      24
      34
      29
      31
      14
      21
      27
      26
      34
      21
      31
      31
      26
      22
      20
      31
      28
      28
      23
      27
      26
      30
      23
      17
      30
      19
      26
      27
      20
      26
      21
      23
      25
      23
      30
      22
      25
      28
      24
      28
      24
      26
      21
      32
      24
      25
      25
      27
      13
      29
      24
      29
      24
      31
      29
      18
      31
      23
      25
      30
      23
      27
      24
      29
      20
      24
      17
      23
      27
      22
      29
      29
      27
      21
      21
      28
      23
      27
      33
      21
      25
      29
      22
      21
      25
      27
      22
      29
      19
      17
      27
      25
      26
      27
      20
      23
      28
      23
      16
      16
      23
      24
      19
      20
      16
      21
      29
      16
      30
      31
      18
      19
      21
      29
      29
      18
      16
      30
      28
      13
      21
      20
      20
      15
      26
      24
      16
      21
      16
      15
      23
      19
      25
      20
      20
      29
      23
      22
      16
      19
      24
      20
      24
      20
      18
      15
      12
      20
      13
      21
      19
      11
      29
      22
      29
      22
      24
      22
      24
      18
      25
      16
      18
      16
      24
      21
      19
      20
      21
      19
      16
      21
      12
      21
      21
      18
      21
      25
      18
      15
      15
      21
      14
      18
      16
      14
      16
      21
      19
      24
      17
      18
      26
      21
      20
      15
      22
      13
      28
      15
      15
      14
      14
      22
      16
      18
      22
      19
      12
      17
      19
      21
      13
      19
      21
      19
      16
      16
      16
      18
      14
      24
      24
      18
      25
      18
      18
      18
      15
      17
      10
      16
      20
      18
      25
      25
      20
      21
      21
      13
      10
      17
      15
      17
      19
      15
      15
      16
      23
      14
      16
      21
      18
      22
      17
      13
      22
      16
      21
      11
      16
      20
      20
      22
      22
      12
      16
      20
      17
      13
      20
      22
      16
      21
      13
      22
      15
      12
      27
      18
      24
      15
      15
      14
      20
      20
      16
      19
      19
      14
      15
      16
      25
       9
      15
      13
      21
      19
      14
      14
      13
      21
      26
      17
      20
      21
      20
      16
      18
      12
      14
      19
      17
      20
      23
      14
      12
      11
      23
      25
      22
       8
      15
      16
      21
      15
      20
      22
      15
      13
      16
      13
      11
      16
      17
      14
      13
      17
      10
      17
       9
      13
      12
      12
      13
      15
      17
      14
      15
      13
      18
       8
      16
      17
      10
       5
      14
       7
      14
      16
      16
      17
      15
      23
      21
      14
      14
      23
      16
      20
      16
      10
      20
      17
      19
      14
      20
      21
      20
      18
      22
      17
      21
      11
      14
      20
      14
      14
      25
      16
      15
      16
      16
      11
      19
      23
      18
      19
      15
      15
      18
      15
      13
      16
       8
      12
       8
      14
      14
      12
      19
      16
      10
      12
      18
      14
      11
      17
      12
      13
      21
      17
      18
      16
       8
      12
      16
       9
       8
      11
      10
      18
      14
      19
      13
      18
      20
      16
      14
      13
      14
      13
      16
      13
      19
      14
      18
      14
      18
      16
      13
      16
      14
      15
      17
      11
      12
      17
       9
      11
      12
      16
      12
      14
      10
      14
      17
      13
      11
      15
      18
      16
      15
      20
      13
      14
      10
      13
      14
      18
      19
      11
      13
      15
      14
      13
      13
      25
      15
      14
      17
      17
      12
       8
      12
      17
      15
      12
      11
      20
       8
      18
      14
       9
      12
      12
      13
      10
      14
       7
       9
      15
      15
       9
      12
      11
      14
      11
      11
      13
      12
      14
      11
      16
      11
      15
      11
      16
      20
      15
      11
      11
       8
      10
      13
      16
      11
      11
      11
       9
      13
      18
      11
      11
      13
       9
      11
      11
      10
      10
       7
      11
       6
      11
      16
      17
      14
      12
      12
      11
      15
       8
      12
      12
      10
      10
       9
       6
      11
      16
       9
      14
      11
      11
      12
      15
      14
      10
       9
      10
       9
      11
      10
      12
      16
       7
       5
      16
       6
      13
      10
      15
      17
      11
       8
       7
      14
      11
      13
      11
      10
      14
      12
      13
       9
      11
      12
      13
      12
      11
      12
       9
       9
      15
      18
      17
      10
       7
      11
      13
      12
      15
       2
      13
      12
       7
      14
      15
      12
      11
      12
      10
      14
      10
      15
      18
      11
      11
      12
      13
      16
       8
       9
      14
      11
       6
      16
       7
      15
      12
      11
      15
       4
      11
      13
      10
      12
      14
       7
      13
       7
      12
       7
      15
       9
      12
       8
       8
      11
       6
      13
      13
       7
       8
       8
      12
       8
      11
      12
      13
      10
      15
      10
       7
       9
      13
      11
      16
      14
       5
       8
       6
      10
       8
      13
      14
      14
       7
      17
      10
      17
      13
       9
      11
      14
      13
      11
      14
       7
      10
       4
      13
      10
      16
      13
      11
      14
      18
      10
      15
       7
      13
      11
      13
       5
      11
      12
      16
       8
      11
      13
      15
       8
       9
      14
      12
      18
       7
       6
      15
      11
      10
      11
       7
       5
      13
      11
      13
      10
      14
       7
      11
       9
       7
       6
       3
      11
      10
       9
       9
       6
       7
      14
       7
      11
      11
      10
       5
       7
       8
       7
      10
       5
       8
       9
       4
       6
      15
      13
      14
      11
      13
       7
       8
       8
      11
       8
       4
      17
      10
      10
       9
       8
       9
       8
      17
      19
       9
      14
      14
      14
       8
      11
      13
      10
       7
      10
       9
       6
      12
      12
      15
       8
       7
      13
       9
       9
      14
      12
      11
      11
      11
       8
       8
       7
      10
       7
       8
      12
      12
      11
      12
      11
      10
       9
       7
      14
      11
      11
      11
       9
       9
       7
       7
      13
       9
      11
      13
      12
      11
       8
       5
       5
      21
       9
       5
       8
      11
      10
       4
       9
       9
      10
      11
       8
       6
      10
       8
       9
       8
       6
      10
      11
       4
       9
      12
      10
       5
       7
       9
       8
       8
      11
      13
       3
      10
       6
      16
      10
      11
      17
      14
      12
      14
       8
       5
      13
      10
      15
       8
       5
       8
      15
       6
       8
       9
      10
      19
      16
      15
       7
      11
      10
       5
       9
       8
       6
      13
       8
      15
       9
       8
       4
      10
      11
      10
      14
       8
      11
       7
       5
      12
      10
       7
      15
      10
      10
       9
       8
       6
       7
       7
      13
      13
       9
       9
      10
      11
      11
       5
       9
       9
      12
      13
      12
      10
      12
       5
      16
      14
      12
      11
      14
      11
      14
      11
      14
      10
      11
      12
      13
       8
       9
      16
       9
       9
       8
       5
       8
      11
       6
       5
       7
       8
      10
       7
      14
       7
      13
      17
      10
       4
      11
       8
       9
      11
      12
      13
       8
      10
      11
      10
      11
      12
      12
      14
      10
      12
      10
      10
      10
       9
       8
      10
      14
      17
      18
       6
      10
       9
      15
      10
      13
       9
      20
      11
       7
      10
      10
      16
       6
      10
       6
      14
      12
       8
       9
      13
      10
      16
       8
       6
       7
       6
      11
       7
       6
       8
      10
      11
      12
       9
      12
      11
       9
      11
      10
       7
       8
       6
       9
       9
      10
       6
       7
      14
      10
       7
       9
       8
       9
      12
       9
       8
      14
       9
      10
      10
       7
      10
       7
       4
       6
      10
      13
      12
       5
       7
      11
      16
      10
       6
       9
       8
      10
      10
      11
      14
      11
      12
       8
      11
       6
       6
      12
      10
       6
      11
       9
       9
       3
      12
      10
       9
       9
       8
       7
      10
       6
       9
      13
      16
      11
       3
      10
       6
       9
       8
       5
      10
       8
      12
      16
       8
      10
       7
       8
      10
      13
       3
      14
       9
       8
       6
       7
       7
      11
      17
       7
      17
       9
       5
       6
       8
       4
       8
      14
      13
      12
       9
       7
       6
      10
      10
      15
       5
       5
      10
       6
      12
       5
       8
       9
       7
      11
      11
      10
      10
       8
      12
      12
      11
      10
       9
      14
       7
       8
      11
       9
       8
      10
      11
       8
       6
       7
       6
       8
       7
      11
      10
       7
      10
      15
       9
      12
       4
       5
       7
      11
       9
       8
       8
       6
       9
       5
       9
       9
      12
       5
       8
      12
       8
      14
       8
       8
       3
      14
       9
      15
       7
       8
       7
      11
       9
       6
      10
      12
       8
       7
       9
      13
      12
       4
      12
      15
      11
      12
      11
      12
       8
       9
      13
      12
      12
       7
      10
       7
      12
      14
       8
       7
       8
       9
      15
       6
       2
      10
       8
       9
       9
       5
       8
      11
       9
       7
      10
      11
      17
       5
       9
      12
       8
       8
      16
      11
      10
       5
      12
       7
       9
      11
      10
      14
      12
      13
      13
      10
       8
      11
       4
       9
      12
       4
      10
       8
      11
      11
       8
       7
       4
      10
       6
       9
       7
       7
       6
       5
       9
       6
       6
       3
      11
       4
       6
       7
       8
       9
       8
      10
       2
      15
      11
       6
      11
       6
       9
      10
       7
       5
      11
       9
       7
       3
      14
       7
       9
      13
       8
       9
       7
       7
       5
      12
      13
       7
       9
       4
       7
      10
       6
       6
      10
      11
       9
       6
       5
      10
       8
       5
       6
      12
       8
       5
       7
       6
      13
      17
       9
       6
       6
       7
      11
      11
       7
       9
       9
       3
       7
       5
      11
       5
       8
      14
      11
       8
       7
      11
       6
       7
      17
      10
       7
      13
       9
      11
       4
      15
      11
      11
       7
       7
      13
      12
       9
      10
       7
       9
       5
      10
       6
       7
       9
       8
       9
      10
      10
       9
       6
      14
       6
       9
       7
      11
       7
       7
       5
       8
      10
       6
       8
      11
       6
       6
       6
       9
       6
       9
       4
      15
      10
       8
      10
      13
      13
       6
       7
      10
       5
       8
       8
      10
      13
       8
       9
      12
      14
       8
       7
       4
       3
       9
      12
       5
      16
       9
       9
       6
       5
      14
       6
      13
      17
       8
      16
      17
      11
      16
       5
      14
      15
      13
      20
      24
      13
      17
      23
      18
      15
      22
      23
      24
      30
      36
      40
      31
      27
      25
      38
      35
      42
      56
      55
      52
      57
      34
      43
      50
      42
      52
      73
      66
      72
      81
      70
      86
      73
      86
      96
      88
      85
     131
     129
     112
     145
     147
     163
     181
     192
     175
     183
     200
     210
     233
     244
     255
     253
     317
     311
     351
     341
     352
     402
     369
     399
     473
     451
     458
     497
     491
     475
     470
     555
     540
     534
     565
     531
     593
     556
     585
     559
     593
     607
     561
     571
     568
     525
     581
     584
     545
     519
     470
     485
     491
     490
     431
     431
     420
     389
     383
     383
     348
     344
     330
     321
     322
     271
     265
     265
     266
     224
     213
     205
     181
     162
     221
     153
     140
     130
     121
     128
     118
      95
      93
      87
      76
      82
      75
      66
      61
      52
      46
      48
      47
      40
      38
      40
      31
      33
      34
      25
      24
      22
      28
      19
      19
      19
      21
      15
      16
      15
      15
      12
      11
       9
       8
       4
       2
       7
       6
      10
       5
       9
      10
       8
       3
       8
       5
       7
       5
       7
       7
       4
       7
       5
       5
       2
       8
       7
       5
       7
       3
       9
       5
       3
       7
       3
       6
       2
       4
       6
       8
       7
       4
       4
       3
       7
       7
       6
       5
       4
       2
       5
       7
       3
       2
       2
       3
       4
       4
       5
       3
       0
       4
       3
       6
       0
       4
       3
       6
       3
       6
       4
       7
       3
       3
       4
       4
       7
       3
       5
       3
       6
       5
       3
       5
       4
       6
       6
       4
       2
       7
       9
       4
       9
       3
       2
       5
       4
       1
      10
       2
       4
       2
       5
       5
       4
       3
       4
       5
       2
       4
       2
       3
       4
       3
       3
       6
       4
       2
       5
       3
       1
       6
       5
       4
       4
       5
       5
       4
       6
       4
       3
       5
       2
       6
       4
       4
       3
       6
       4
       5
       5
       7
       7
       3
       3
       6
       6
       4
       6
       5
       1
       9
       2
       8
       4
       3
       4
       3
       2
       4
       4
       6
       7
       4
       0
       5
       5
       6
       4
       8
       4
       4
       3
      11
       6
       4
       3
       3
       7
       6
       3
       7
       7
       4
       6
       5
       5
       2
       6
       1
       3
       3
       1
       4
       2
       2
       9
       6
       3
       5
       5
       6
       3
       5
       6
       3
       5
       4
       6
       4
       6
       5
      10
       5
       5
       5
       3
       8
       3
       8
       2
       3
       3
       7
       7
       5
       2
       5
       5
       1
       7
       3
       1
       5
       3
       2
       4
       3
       8
       3
       8
       1
       1
       8
       5
       4
       3
       3
       5
       4
       1
       4
       3
       2
       7
       4
       4
       6
       6
       7
      10
       5
       2
       5
       3
       6
       2
       5
       6
       6
       7
       4
       5
       4
       3
       3
       8
       6
       4
       1
       6
       1
       4
       6
       8
       2
       9
       3
       5
       3
       2
       0
       5
       8
       4
       2
       4
       3
       4
       4
       8
       7
       5
       6
       3
       6
       6
       3
       5
       1
       4
       7
       5
       6
       2
       4
       3
       4
       5
       6
       1
       2
       5
       6
       7
       1
       6
       1
       4
       4
       4
       2
       6
       6
       3
       2
       4
       7
       5
       4
       4
       3
       4
       7
       4
       3
       6
       2
       2
       4
       3
       8
       5
       4
       3
       2
       3
       1
       4
       1
       3
       3
       3
       5
       1
       7
       6
       5
       5
       3
       6
       5
       2
       8
       4
       4
       4
       6
       4
       6
       3
       1
       3
       4
       9
       3
       6
       6
       7
       4
       8
       7
       4
       3
       4
       4
       4
       3
       4
       2
       2
       5
       5
       5
       3
       4
       5
       3
       8
       3
       3
       6
       4
       6
       6
       3
       4
       5
       4
       4
       3
       5
       5
       4
       4
       5
       5
       3
       5
       6
       6
       4
       8
       3
       3
       1
       6
       3
       4
       3
       5
       2
       3
       5
       5
       4
       5
       5
       9
       4
       1
       4
       1
       3
       4
       3
       3
       3
       5
       3
       3
       8
       2
       5
       1
       3
       4
       0
       1
       0
       3
       4
       4
       4
       4
       5
       2
       4
       6
       8
       6
       6
       4
       6
       2
       2
       6
       4
       4
       4
       7
       2
       5
       5
       2
       5
       5
       6
       3
       6
       9
       4
       3
       5
       2
       4
       2
       8
       6
       3
       6
       5
       7
       7
       7
       6
       4
       3
       7
       3
       6
       5
       5
       7
       2
       6
       4
       3
       3
       4
       6
       3
       9
       6
       1
       6
       3
       2
       5
       3
       8
       3
       8
       5
       3
       8
       4
       4
       4
       9
       5
       6
       2
       5
       6
       5
       6
       4
       1
       5
       8
       2
       5
       4
       5
       6
       4
       2
       2
       3
       5
       5
       3
       4
       1
       4
       4
       2
       6
       6
       3
       2
       3
       3
       3
       2
       4
       3
       6
       6
       1
       8
       8
       8
       0
       4
       1
       3
       5
       0
       0
       4
       4
       9
       3
       7
       4
       6
       1
       3
       4
       2
       2
       3
       6
       2
       6
       7
      10
       5
       6
       7
       4
       2
       5
       1
       7
       3
       5
       7
       5
       4
       2
       7
       3
       4
      10
       6
       5
       6
       7
       4
       3
       6
       6
       2
      10
       3
       2
       9
       5
       2
       5
       5
       4
       6
       6
       5
       6
       1
       4
       4
       5
       2
       5
       4
       2
       3
       4
       4
       6
       3
       4
       6
       2
       5
       2
       4
       1
       5
       1
       8
       5
       3
       5
       6
       7
       6
       5
       2
       6
       5
       6
       4
       7
      10
       7
       2
      11
       3
       1
       4
       2
       1
       1
       8
       2
       2
       5
       3
       5
       3
       5
       4
       4
       8
       2
       2
       2
       4
       3
       7
       6
       5
       5
       4
       8
       5
       4
       3
       3
       4
       3
       3
       3
       4
       7
       7
       4
       1
       4
       5
       4
       7
       6
       9
       9
       4
       3
       2
       5
       0
       3
       5
      11
       6
       2
       6
       2
       6
       4
       3
       7
       2
       4
       5
       6
       4
       4
       3
       2
       2
       1
       4
       7
       4
       2
       2
       2
       5
       7
       8
       7
       4
       4
       6
       1
       3
       5
       4
       1
       2
       2
       3
       1
       6
       3
       3
       4
       4
       4
       7
       5
       5
       3
       6
       5
       4
       6
       5
       1
       4
       3
       5
       1
       4
       6
       9
       3
       1
       2
       6
       4
       6
       4
       5
       3
       2
       3
       2
       6
       3
       4
       4
       4
       2
       5
       9
       3
       5
       0
       3
       2
       3
       4
       0
       1
       5
       9
       3
       6
       8
       8
       4
       7
       6
       3
       2
       4
       5
       3
       5
       3
       4
       5
       6
       5
       6
       5
       6
       5
       6
       1
       6
       5
       4
       7
       6
       2
       4
       3
       5
       7
       3
       3
       8
       3
       5
       4
       4
       3
       1
       4
       4
       4
       2
       3
       3
       6
       3
       2
       2
       5
       2
       3
       5
       2
       3
       2
       2
       5
       2
       2
       1
       4
       5
       3
       8
       4
       2
       2
       4
       7
       5
       1
       4
       3
       4
       1
       1
       6
       5
       4
       3
       5
       1
       2
       4
       2
       7
       2
       4
       6
       5
       4
       3
       5
       5
       2
       3
       2
       2
       6
       3
       2
       5
       7
       4
       5
       5
       1
       2
       8
       8
       6
       2
       6
       3
       4
       0
       4
       6
       1
       2
       3
       4
       1
       4
       2
      10
       3
       4
       4
       6
       3
       9
       5
       5
       7
       2
       5
       4
       5
       4
       3
       3
       3
       5
       5
       4
       7
       3
       7
       6
       5
       7
       5
       3
       5
       4
       3
       5
       4
       6
       4
       5
       3
       4
       3
       5
       7
       2
       7
       2
       2
       4
       5
       4
       4
       6
       2
       2
       3
       3
       4
       3
       2
       6
       3
       3
       5
       4
       8
       4
       6
       7
       5
       6
       1
       2
       2
       8
       8
       6
       6
       3
       5
       5
       2
       7
       5
       5
       2
       7
       2
       4
       4
       3
       1
       4
       3
       4
       6
       5
       7
       7
       3
       4
       4
       6
       8
       6
       9
       4
       5
       4
       7
       3
       5
       5
       3
       4
       5
       3
       4
       4
       6
       7
       6
       4
       3
       2
       2
       4
       2
       3
       6
       3
       4
       2
       3
       1
       7
       1
       4
       3
       8
       5
       4
       3
       4
       4
       6
       6
       1
       3
       5
       4
       3
       2
       2
       0
       3
       1
       4
       2
       4
       5
       2
       5
       3
       6
       3
       8
       9
       4
       5
       6
       3
       3
       4
       4
       4
      10
       3
       7
       5
       2
       1
       2
       2
       5
       4
       4
       7
       4
       3
       7
       1
       5
       5
       3
       2
       1
       5
       5
       3
       3
       9
       7
       4
       3
       3
       3
       3
       5
       5
       5
       4
       4
      10
       4
       3
       6
       5
       2
       5
       3
       3
       6
       5
       7
       6
       6
       5
       1
       4
       3
       4
       5
       5
       6
       5
       8
       3
       5
       4
       1
       4
       3
       5
       3
       3
       8
       6
       2
       6
       1
       7
       2
       4
       6
       4
       2
       4
       3
       1
       9
       3
       8
       6
       4
       4
       9
       1
       3
       4
       4
       5
       2
       4
       4
       5
       5
       2
       4
       6
       2
       5
       3
       3
       4
       3
       6
       4
      10
       4
       5
       3
       8
       4
       4
       5
       3
       3
       1
       2
       4
       6
       3
       2
       4
       4
       6
       2
       5
       3
       9
       7
       2
       2
       2
       5
       5
       7
       5
       3
       7
       5
       3
       6
       2
       2
       4
       4
       7
       6
       3
       4
       2
       5
       4
       2
       3
       4
       5
       4
       5
       3
       6
       7
       3
       5
       8
       6
       5
       6
       6
       5
       7
       9
       4
       5
       5
       3
       5
       9
       1
       6
       5
       4
       2
       6
       3
       5
       2
       6
       3
       3
       2
       5
       4
       2
       4
       5
       2
       4
       4
       2
       5
       3
       5
       6
       7
       6
       5
       5
       4
       6
       3
       4
       0
       7
       3
       6
       2
       3
       1
       2
       3
       4
       4
       3
       8
       3
       5
       7
       2
       3
       6
       8
       7
       5
       6
       4
       6
       5
       5
       4
       3
       3
       8
       5
       5
       3
       4
       6
       4
       2
       3
       3
       3
      11
       7
       8
       4
       4
       4
       2
       5
       5
       4
       5
       6
       4
       4
       6
       4
       2
       3
       6
       5
       4
       3
       4
       6
       4
       3
       5
       6
       4
       3
       5
       2
       7
       5
       2
       2
       4
       5
       5
       5
       1
       2
       5
       6
       4
       5
       1
       4
       2
       4
       3
       7
       1
       6
       1
       1
       3
       6
       4
       7
       3
       2
       4
       3
       2
       4
       5
       4
       1
       4
       3
       2
       5
       4
       5
       5
       4
       3
       2
       1
       6
       2
       1
       3
       3
       6
       4
       4
       6
       3
       4
       3
       3
       2
       4
       5
       6
       7
       7
       7
       1
       3
       4
       6
       4
       4
       3
       6
       4
       0
       4
       8
       8
       1
       5
       6
       3
       2
       8
       2
       2
       5
       2
       6
       3
       0
       3
       3
       8
       4
       4
       6
       4
       1
       5
       6
       5
       4
       6
       2
       2
       5
       5
      10
       5
       2
       1
       3
       7
       3
       4
       9
       2
       0
       3
       2
       2
       5
       6
       1
       5
       8
       8
       6
       5
       5
       7
       5
       7
       6
       4
       4
       7
       8
       4
       8
       0
       2
       7
       3
       2
       1
       5
       6
       4
       1
       4
       4
       6
       3
       3
       3
       2
       0
       2
       1
       3
       3
       3
       6
       1
       4
       4
       0
       6
       1
       4
       4
       7
       5
       6
       4
       6
       6
       4
       2
       8
       2
       3
       4
      10
       4
       6
       7
       3
       3
       1
       8
       3
       6
       4
       2
       5
       2
       5
       1
       6
       4
       7
       3
       6
       4
       2
       2
       2
       3
       2
       8
       2
       1
       2
       7
       4
       6
       6
       2
       5
       6
       3
       4
       4
       4
      10
       5
       3
       5
       3
       7
       1
       2
       1
       6
       0
       1
       5
       6
       2
       3
       4
       5
       8
       3
       5
       8
       3
       1
       4
       3
       3
       7
       3
       7
       5
       2
       3
       4
       6
       0
       4
       6
       3
       2
       7
       2
       2
       3
       2
       5
       4
       5
       3
       2
       4
       7
       4
       5
       1
       9
       6
       4
       6
       3
       3
       1
       7
       2
       6
       7
       7
       3
       4
       1
       8
       8
       3
       3
       7
       3
       5
       6
       5
       4
       4
       1
       5
       3
       4
       5
       5
       4
       3
       3
       0
       5
       5
       6
       7
       6
       2
       3
       5
       3
       6
      10
       5
       3
       5
       7
       4
       5
       5
       3
       5
       4
       3
       7
       7
       5
       7
       2
       2
       2
       7
       2
       2
       2
       5
       7
       3
       4
       8
       3
       6
       3
       7
       3
       4
       4
      10
       7
       2
       4
       4
       3
       3
       7
       8
       3
       6
       1
       3
       1
       5
       3
       6
       3
       3
       0
       4
       3
       2
       6
       3
      10
       5
       2
       3
       8
       3
       4
       5
       6
       3
       2
      11
       3
       4
       3
       3
       6
       8
       5
       2
       2
       2
       5
       5
       5
       3
       4
       3
       3
       3
      10
       3
       4
       5
       9
       1
       5
       4
       4
       2
       3
       5
       3
       3
       8
       1
       4
       1
       6
       0
       1
       4
       5
       5
       1
       5
       2
       2
       6
       2
       4
       7
       3
       2
       4
       2
       5
       5
       5
       5
       1
       3
       3
       5
       1
       5
       4
       2
       0
       4
       8
       6
       4
       0
       3
       2
       2
       4
       2
       6
       5
       3
       8
       5
       0
       3
       5
       5
       2
       7
       1
       2
       4
       9
       2
       4
       3
       1
       4
       6
       5
       0
       8
       4
       6
       5
       3
       3
       5
       4
       4
       5
       8
       1
       4
       5
       4
       3
       6
       9
       4
       6
       5
       0
       2
       4
       9
       3
      11
       6
       6
       5
       3
       6
       6
       3
       3
       5
       2
       2
       0
       8
       7
       1
       3
       3
       4
       3
       6
       6
       4
       4
       3
       4
       2
       6
       1
       1
       3
       4
       2
       6
       2
       5
       5
       3
       2
       5
       4
       8
       6
       4
       1
       5
       6
       3
       4
       3
       3
       6
       5
       2
       3
       5
       2
       6
       7
       7
       2
       4
       3
       6
       7
       3
       1
       6
       1
       3
       8
       4
       4
       3
       3
       4
       5
       1
       3
       6
       7
       1
       8
       2
       1
       3
       2
       5
       4
       7
       5
       1
       9
       1
       3
       6
       6
       3
       5
       0
       3
       3
       1
       6
       5
       5
       5
       3
       2
       4
       6
       2
       5
       6
       5
       4
       2
       0
       2
       2
       7
       4
       8
       5
       3
       6
       4
       1
       2
       5
       3
       6
       3
       3
       1
       3
       4
       3
       4
       5
       4
       4
       6
       5
       5
       6
       4
       5
       4
       5
       6
       7
       0
       2
       6
       2
       7
       6
       3
       2
       4
       3
       8
       7
       4
       7
       3
       4
       8
       5
       2
       3
       4
       3
       3
       6
       2
       2
       3
       3
       4
       3
       3
       4
       4
       6
       7
       2
       6
       1
       4
       1
       5
       1
       5
       5
       3
       4
       3
       3
       2
       5
       5
       5
       4
       1
       6
       2
       4
       4
       4
       9
       5
       1
       1
       2
       6
       4
       3
       3
       4
       1
       3
       4
       6
       3
       3
       4
       5
       4
       1
       7
       5
       1
       4
       2
       5
       2
       2
       8
       3
       5
       7
       3
       8
       3
       3
       4
       4
       4
       4
       6
       2
       1
       7
       6
       4
       5
       5
       3
       5
       1
       1
       3
       6
       4
       7
       1
       6
       8
       6
       1
       6
       3
       2
       1
       5
       5
       4
       5
       3
       1
       4
       2
       6
       7
       8
       3
       5
       4
       3
       4
       5
       5
       6
       5
       6
       4
       8
       2
       7
       4
       5
       6
       2
       6
       0
       2
       5
       9
       2
       4
       3
       4
       8
       3
       3
       4
       7
       2
       8
       7
       7
       7
       4
       7
       3
       5
       6
       6
       2
       2
       4
       7
       2
       7
      10
       4
       4
       6
       8
       1
       6
       6
       5
      12
       5
       3
       8
       7
       3
       7
       3
       2
       5
       1
       5
       5
       7
       0
      10
       6
       5
       4
       2
       6
       7
       8
       1
       2
       3
       6
       2
       1
       4
       3
       5
       6
       4
       0
       4
       4
       7
       5
       3
       5
       5
       3
       5
       4
       5
       5
       3
       3
       4
       9
       3
       3
       9
       8
       5
       6
       2
       8
       9
       5
       8
       1
       6
       2
       6
       5
       5
       7
       2
       2
       5
       3
       5
       1
       3
       3
       5
       1
       5
       3
       5
       5
       4
       2
       4
       5
       7
       4
       6
       2
       6
       3
       4
       2
       5
       4
       2
       5
       4
       2
       2
       6
       5
       6
       5
       3
       7
       6
       7
       6
       4
       4
       7
       4
       7
       3
       8
       3
       4
      10
       4
       1
       5
       1
       1
       6
       5
       6
       2
       2
       5
       5
       4
       1
       7
       5
       2
       4
       2
       2
       0
       8
       5
       6
       1
       2
       7
       6
       3
       6
       5
       4
       3
       1
       2
       4
       2
       5
       6
       8
       4
       1
       7
       4
       5
       4
       5
       8
       4
       1
       4
       5
       4
       4
       3
       5
       6
       3
       6
       9
       2
       2
       4
       6
       7
       5
       4
       5
       3
       7
       1
       5
       5
       5
       1
       1
       4
       6
       7
       2
       5
       4
       6
       7
       3
       3
       5
       7
       5
       3
       9
       6
       3
       4
       3
       9
       9
       4
       5
       7
       6
       4
       4
       4
       8
       3
       2
       3
       7
       4
       6
       8
       2
       5
       3
       4
       1
       4
       5
       8
       2
       8
       4
       3
       7
       2
       0
       2
       7
       4
       6
      10
       6
       3
       8
       4
      10
       4
       3
       4
       5
       5
       3
       4
       3
       4
       5
       6
       5
       5
       6
       6
       9
       4
       1
       6
       5
       5
       6
       4
       6
       4
       5
       4
       6
       3
       7
       8
       4
       3
       8
       5
       2
       5
       7
       3
       3
       8
       5
       4
       8
       4
       4
       3
       5
       4
       2
       3
       6
       4
       5
       5
       5
       4
       6
       1
       2
       1
       3
       5
       2
       6
       3
       7
      10
       0
      10
       7
       4
       2
       3
       3
       1
       6
       1
       7
       7
       6
       3
       5
       5
       4
       3
       5
       7
       5
       4
       5
       9
       3
       7
       2
       4
       5
       5
       5
       7
       2
       4
       6
       3
       5
       2
       4
       7
       3
       3
       6
       0
       2
       3
       3
       1
       4
       8
       7
       8
       3
       3
       2
       3
       6
       3
       2
       3
       2
       7
       1
       5
       9
       5
       2
       7
       1
       4
       5
       3
       4
       5
       3
       2
       4
       1
       3
       5
       4
       3
       3
       4
       3
       4
      10
       5
       2
       3
       5
       3
       3
       2
       5
       6
       6
       6
       0
       4
       6
       2
       2
       4
       7
       1
       4
       7
       4
       6
       2
       4
       6
       1
       7
       5
       6
       4
       6
       4
       7
       1
       3
       7
       2
       3
       3
       4
       4
       5
       3
       7
       1
       2
       3
       4
       4
       4
       5
       5
       3
       1
       2
       5
       4
       4
       3
       2
       2
       5
      11
       6
       3
       3
       3
       4
       5
       4
       4
       2
       5
       2
       4
       4
       2
       5
       8
       5
       9
       3
       4
       6
       1
       3
       8
       4
       3
       5
       7
       3
       2
       4
       6
       7
       4
       4
       4
       6
       3
       5
       2
       3
       4
       6
       5
       4
       2
       5
       4
       1
       5
       1
       8
       5
       4
       4
       6
       1
       2
       7
       5
       4
       4
       8
       6
       3
       8
       8
       3
       0
       0
       4
       7
       4
       4
       1
       5
       6
       3
       3
       1
       4
       4
       7
       6
       4
       5
       1
       3
       2
       4
       9
       4
       6
       3
       2
       7
       4
       3
       5
       5
       9
       1
       8
       8
       3
       2
       3
       6
       2
       6
       5
       3
       7
       2
       5
       5
       5
       6
       4
       5
       4
       5
       7
       4
       2
       5
       6
       1
       3
       4
       1
       7
       5
       4
       9
       4
       3
       4
       7
       7
       4
       5
       6
       6
       5
       6
       5
       5
       3
       4
       3
       4
       2
       4
       5
       2
       8
       7
       3
       3
       8
       1
       5
       2
       6
       3
       5
       2
       4
       8
       4
       6
       4
       9
       3
       3
       3
       3
       3
       5
       4
       6
       6
       3
       3
       4
       4
       5
       5
       3
       2
       6
       5
       5
       2
       4
       5
       2
       3
       5
       3
       5
       3
       4
       6
       8
       7
       3
       2
       7
       3
       4
       5
       3
       2
       3
       5
       4
       5
       0
       3
       7
       2
       1
       3
       4
       6
       4
       5
       5
       5
       2
       5
       1
       6
       4
       5
       5
       7
       6
       7
       6
       3
       6
       5
       2
       7
       4
       8
       4
       3
       3
       1
       2
       6
       7
       5
       2
       3
       4
       4
       7
       6
       9
       5
       8
       5
       4
       1
       2
       3
       4
       2
       5
       1
       8
       3
       7
       5
       4
       4
       6
       4
       4
       4
       5
       4
       2
       7
       3
       6
       1
       6
       5
       4
       4
       1
       5
      11
       4
       8
       6
       1
       3
       6
       4
       3
      10
       4
       4
       2
       3
       2
       5
       4
       4
       1
       5
       5
       4
       7
       4
       2
       5
       6
       6
       4
       3
       5
       5
       3
       2
       1
       7
       8
       3
       3
       8
       3
       5
       6
       5
       3
       3
       2
       6
       5
       4
       0
       1
       5
       8
       3
       6
       4
       7
       5
       8
       4
       3
       2
       3
       4
       4
       3
       4
       6
       7
       6
       8
       7
       6
       4
       3
       1
       5
       5
       5
       6
       2
       6
       3
      68
     134
     132
     143
     124
     122
     126
     130
     142
     143
     150
     129
     115
     128
     143
     156
     131
     114
     137
     141
     129
     143
     111
     123
     116
     121
     123
     121
     132
     131
     131
     119
     132
     115
     129
     128
     115
     140
     128
     115
     131
     110
     124
     135
     128
     129
     139
     137
     141
     130
     135
     127
     155
     134
     118
     144
     138
     122
     123
     138
     142
     140
     143
     151
     129
     123
     131
     143
     125
     121
     132
     129
     140
     135
     137
     129
     131
     137
     116
     126
     119
     135
     135
     122
     124
     119
     125
     107
     115
     120
     151
     119
     125
     145
     132
     130
     123
     110
     113
     138
     117
     135
     135
     126
     141
     119
     156
     115
     127
     121
     120
     158
     133
     155
     131
     124
     117
     124
     114
     108
     110
     114
     132
     135
     115
     143
     139
     117
     134
     130
     129
     139
     121
     123
     130
     127
     138
     104
     120
     143
     129
     125
     116
     144
     137
     121
     110
     146
     128
     121
     114
     123
     123
     121
     127
     113
     123
     128
     111
     142
     131
     118
     114
     137
     117
     122
     115
     134
     119
     113
     109
     134
     121
     138
     146
     133
     135
     124
     124
     146
     148
     113
     144
     123
      54
$ROI:
5
349 399
960 988
992 1050
1491 1501
5157 5169
$PRESETS:
None
0
0
$ENER_FIT:
0.000000 0.107033
$MCA_CAL:
3
0.000000E+000 1.070331E-001 0.000000E+000 keV
$SHAPE_CAL:
3
0.000000E+000 0.000000E+000 0.000000E+000
