$SPEC_ID:
23cm counts
$SPEC_REM:
DET# 1
DETDESC# DLAB-PHY-L3-49 926 Right
AP# Maestro Version 7.01
$DATE_MEA:
10/25/2024 16:37:06
$MEAS_TIM:
476 625
$DATA:
0 8191
       0
       0
       0
       0
       0
       0
       0
       0
       0
       0
       0
       0
       0
       0
       0
       0
       0
       0
       0
       0
       0
       0
       2
       1
       3
      11
      15
      28
      57
      53
      85
      79
      96
     169
     547
    2129
    5055
    8936
   12277
   14319
   15314
   14836
   13661
   11735
   10018
    8760
    7338
    6093
    5215
    4541
    3744
    3164
    2827
    2454
    2020
    1767
    1554
    1303
    1152
     979
     870
     727
     675
     597
     514
     414
     371
     345
     298
     298
     214
     215
     206
     203
     166
     172
     161
     141
     127
     130
     103
     129
     119
     115
      98
      93
     110
      87
      94
      78
      79
     104
      62
      91
      77
      73
      76
      75
      91
      79
      84
      60
      95
      64
      67
      74
      63
      63
      60
      69
      93
      81
      67
      72
      51
      69
      80
      76
      64
      46
      57
      60
      80
      64
      64
      79
      55
      67
      67
      70
      53
      72
      49
      84
      72
      70
      66
      56
      73
      66
      59
      56
      71
      62
      63
      68
      57
      58
      52
      66
      59
      58
      70
      55
      66
      60
      61
      62
      62
      64
      52
      71
      57
      59
      73
      49
      58
      63
      47
      52
      59
      74
      61
      77
      61
      57
      59
      63
      55
      67
      67
      64
      71
      54
      64
      52
      61
      47
      67
      65
      52
      51
      55
      43
      57
      52
      55
      54
      61
      52
      51
      49
      48
      49
      39
      63
      62
      52
      39
      47
      55
      46
      55
      66
      61
      48
      63
      59
      53
      65
      70
      43
      61
      53
      47
      52
      64
      46
      50
      54
      54
      54
      67
      68
      62
      54
      59
      57
      45
      59
      66
      56
      56
      56
      60
      64
      60
      49
      41
      53
      60
      63
      59
      58
      55
      37
      51
      47
      41
      61
      47
      62
      52
      38
      48
      49
      37
      49
      46
      55
      47
      50
      56
      57
      63
      39
      56
      52
      60
      51
      54
      47
      46
      46
      48
      59
      45
      53
      52
      48
      59
      41
      47
      57
      56
      52
      46
      47
      51
      57
      47
      45
      61
      47
      51
      41
      39
      48
      54
      62
      56
      45
      49
      43
      44
      51
      58
      44
      48
      69
      55
      45
      46
      57
      66
      60
      54
      46
      53
      40
      53
      48
      38
      41
      53
      50
      43
      49
      43
      52
      50
      42
      47
      50
      56
      56
      57
      44
      47
      56
      47
      45
      35
      58
      52
      50
      53
      45
      61
      59
      46
      38
      34
      54
      52
      57
      45
      58
      52
      50
      42
      58
      48
      48
      67
      46
      44
      45
      61
      49
      62
      45
      44
      53
      45
      59
      54
      43
      34
      60
      39
      51
      53
      42
      51
      60
      55
      42
      50
      53
      44
      53
      43
      53
      58
      51
      41
      48
      38
      46
      56
      46
      38
      37
      50
      43
      47
      45
      44
      38
      44
      41
      45
      40
      51
      56
      40
      42
      45
      43
      44
      51
      61
      46
      53
      53
      56
      54
      42
      40
      53
      51
      42
      48
      52
      46
      54
      50
      57
      54
      49
      46
      45
      60
      53
      47
      43
      56
      48
      36
      45
      57
      47
      49
      46
      42
      51
      54
      42
      58
      50
      36
      43
      33
      61
      50
      42
      51
      46
      49
      42
      39
      49
      47
      59
      48
      48
      54
      49
      52
      57
      43
      53
      44
      43
      54
      48
      62
      52
      54
      37
      56
      55
      43
      52
      44
      51
      48
      41
      46
      40
      38
      36
      40
      39
      42
      40
      39
      50
      52
      41
      47
      61
      51
      47
      57
      57
      46
      55
      47
      49
      52
      42
      49
      40
      39
      48
      58
      57
      48
      56
      50
      48
      57
      53
      56
      50
      43
      42
      52
      37
      62
      53
      56
      46
      53
      40
      57
      48
      41
      46
      51
      32
      54
      41
      58
      51
      53
      43
      53
      43
      41
      36
      45
      43
      42
      51
      52
      50
      50
      45
      48
      58
      59
      53
      53
      54
      47
      39
      36
      57
      50
      50
      38
      56
      51
      46
      51
      56
      54
      46
      46
      43
      47
      53
      54
      46
      54
      51
      55
      60
      54
      57
      43
      55
      52
      47
      57
      46
      53
      55
      48
      51
      70
      55
      71
      49
      60
      52
      56
      64
      56
      75
      45
      56
      62
      65
      62
      53
      59
      53
      66
      57
      70
      74
      77
      69
      62
      65
      55
      62
      53
      75
      74
      71
      64
      68
      68
      60
      70
      68
      64
      66
      67
      60
      64
      73
      67
      59
      61
      47
      74
      70
      65
      63
      46
      51
      65
      53
      56
      58
      59
      60
      50
      51
      59
      53
      39
      48
      42
      52
      59
      44
      48
      55
      48
      56
      60
      50
      36
      58
      54
      48
      58
      55
      48
      47
      53
      53
      50
      48
      37
      46
      44
      50
      57
      38
      46
      44
      42
      53
      39
      47
      38
      48
      58
      53
      48
      48
      68
      55
      42
      54
      37
      73
      57
      58
      56
      61
      46
      57
      56
      50
      54
      52
      58
      56
      54
      60
      42
      65
      59
      56
      65
      50
      80
      55
      49
      43
      55
      59
      47
      57
      42
      59
      61
      63
      55
      48
      59
      62
      62
      54
      57
      52
      52
      50
      51
      55
      47
      52
      48
      51
      48
      51
      42
      52
      64
      63
      46
      51
      53
      48
      46
      49
      41
      51
      48
      38
      50
      50
      44
      38
      49
      36
      67
      54
      46
      35
      46
      40
      43
      52
      49
      42
      41
      40
      45
      37
      56
      48
      43
      43
      42
      39
      41
      44
      43
      39
      50
      48
      49
      39
      44
      43
      40
      52
      40
      33
      47
      45
      36
      48
      59
      37
      42
      57
      36
      43
      40
      45
      46
      48
      48
      47
      42
      42
      39
      41
      35
      51
      38
      56
      43
      40
      49
      58
      28
      40
      58
      36
      48
      37
      54
      52
      48
      51
      31
      43
      43
      52
      44
      38
      41
      51
      35
      40
      43
      48
      46
      37
      46
      36
      34
      35
      40
      57
      31
      41
      44
      39
      38
      46
      34
      51
      42
      41
      41
      58
      47
      43
      37
      50
      43
      39
      43
      40
      53
      49
      42
      39
      48
      53
      48
      34
      41
      39
      44
      39
      41
      42
      48
      46
      53
      38
      47
      49
      44
      46
      43
      40
      43
      50
      37
      43
      51
      42
      45
      42
      43
      33
      36
      51
      54
      39
      38
      43
      51
      57
      39
      35
      38
      40
      54
      50
      38
      46
      42
      40
      48
      32
      38
      44
      47
      39
      42
      46
      54
      58
      47
      43
      39
      41
      43
      43
      33
      49
      53
      37
      47
      46
      57
      35
      43
      55
      46
      49
      30
      46
      41
      31
      50
      38
      45
      56
      35
      59
      37
      32
      32
      49
      56
      41
      45
      37
      39
      42
      53
      36
      44
      35
      35
      44
      54
      48
      59
      43
      27
      39
      42
      48
      37
      47
      43
      41
      32
      44
      45
      34
      31
      45
      41
      47
      41
      36
      40
      47
      45
      33
      39
      39
      60
      48
      34
      47
      54
      40
      41
      59
      58
      46
      37
      42
      37
      49
      41
      53
      47
      42
      37
      39
      51
      41
      38
      39
      43
      35
      42
      41
      41
      43
      50
      38
      33
      40
      49
      49
      41
      43
      43
      40
      44
      45
      37
      41
      49
      44
      41
      39
      47
      55
      50
      49
      39
      32
      46
      40
      44
      43
      44
      47
      45
      52
      57
      43
      42
      39
      41
      45
      36
      34
      37
      37
      30
      41
      47
      36
      46
      28
      47
      43
      30
      55
      47
      43
      44
      45
      43
      52
      51
      53
      49
      44
      49
      44
      33
      44
      46
      51
      38
      48
      41
      51
      51
      35
      33
      39
      36
      42
      38
      40
      43
      45
      40
      37
      45
      48
      50
      32
      36
      38
      26
      45
      45
      48
      36
      47
      41
      44
      39
      32
      34
      32
      50
      58
      44
      37
      39
      54
      43
      41
      49
      45
      51
      44
      40
      35
      46
      39
      43
      37
      52
      42
      42
      57
      50
      29
      40
      41
      32
      45
      37
      37
      55
      46
      50
      40
      50
      34
      37
      44
      45
      30
      39
      52
      34
      39
      43
      41
      48
      42
      52
      36
      37
      35
      37
      40
      43
      54
      38
      44
      40
      41
      45
      41
      42
      37
      46
      35
      36
      37
      38
      55
      44
      34
      35
      45
      32
      50
      32
      37
      48
      43
      37
      32
      47
      41
      39
      43
      51
      38
      34
      49
      33
      51
      40
      48
      44
      43
      45
      50
      42
      41
      46
      41
      44
      46
      39
      37
      31
      38
      39
      48
      42
      48
      42
      47
      41
      49
      47
      42
      48
      46
      47
      37
      42
      42
      55
      50
      45
      37
      47
      44
      37
      49
      48
      44
      35
      44
      44
      47
      42
      30
      29
      48
      36
      37
      37
      41
      50
      56
      40
      41
      45
      34
      52
      45
      38
      45
      46
      43
      39
      37
      55
      48
      43
      44
      36
      43
      51
      47
      41
      41
      26
      44
      42
      55
      43
      54
      35
      43
      40
      31
      29
      48
      35
      42
      38
      47
      47
      43
      32
      45
      39
      38
      41
      37
      38
      43
      45
      41
      38
      34
      30
      42
      51
      36
      40
      44
      48
      42
      35
      47
      40
      40
      51
      41
      33
      32
      44
      40
      41
      35
      49
      41
      36
      44
      36
      35
      34
      45
      38
      35
      43
      38
      46
      45
      54
      40
      40
      44
      41
      43
      44
      41
      32
      49
      37
      57
      41
      32
      34
      50
      53
      37
      51
      39
      37
      50
      28
      34
      39
      31
      51
      37
      33
      46
      46
      53
      35
      46
      49
      50
      39
      43
      38
      34
      44
      45
      32
      47
      29
      38
      39
      41
      51
      43
      44
      43
      49
      39
      41
      35
      59
      42
      45
      45
      46
      38
      39
      44
      41
      36
      45
      34
      43
      46
      38
      44
      32
      40
      45
      44
      40
      45
      49
      34
      48
      43
      47
      46
      39
      42
      47
      34
      52
      31
      48
      41
      48
      25
      42
      34
      48
      39
      47
      46
      41
      38
      31
      47
      52
      45
      41
      40
      52
      52
      37
      49
      28
      38
      41
      47
      55
      48
      43
      47
      40
      37
      39
      36
      52
      53
      42
      35
      53
      40
      47
      62
      45
      45
      50
      53
      42
      47
      44
      38
      37
      45
      42
      43
      45
      38
      40
      41
      37
      52
      63
      49
      45
      44
      26
      52
      47
      48
      48
      49
      41
      43
      38
      54
      41
      45
      47
      38
      41
      46
      45
      36
      56
      49
      44
      44
      47
      43
      41
      40
      45
      44
      40
      58
      51
      52
      42
      34
      44
      38
      41
      39
      53
      47
      46
      51
      41
      42
      53
      43
      39
      50
      29
      47
      48
      45
      37
      35
      45
      53
      42
      41
      51
      53
      39
      49
      40
      45
      49
      50
      57
      48
      63
      43
      49
      60
      56
      52
      51
      35
      40
      35
      54
      47
      49
      43
      39
      55
      37
      44
      39
      59
      58
      48
      46
      33
      52
      45
      36
      35
      59
      53
      49
      43
      44
      51
      47
      46
      31
      43
      42
      59
      45
      41
      43
      45
      53
      62
      37
      54
      49
      45
      54
      40
      45
      50
      28
      39
      47
      53
      52
      47
      46
      39
      55
      49
      41
      59
      37
      44
      51
      52
      45
      48
      39
      39
      39
      46
      51
      52
      43
      43
      48
      36
      47
      55
      49
      38
      39
      52
      55
      50
      34
      52
      48
      39
      42
      42
      43
      46
      41
      46
      44
      44
      41
      46
      51
      38
      46
      44
      32
      38
      46
      51
      45
      43
      43
      31
      43
      34
      52
      53
      38
      48
      43
      42
      35
      41
      45
      48
      60
      52
      46
      42
      60
      33
      35
      50
      42
      46
      34
      34
      43
      36
      47
      48
      53
      40
      41
      46
      47
      44
      33
      46
      45
      46
      49
      45
      48
      41
      50
      42
      44
      53
      44
      43
      37
      51
      40
      45
      48
      52
      60
      50
      42
      37
      43
      35
      40
      47
      34
      45
      36
      44
      56
      44
      46
      34
      48
      48
      46
      59
      49
      41
      44
      40
      43
      46
      31
      59
      50
      37
      59
      38
      50
      51
      38
      50
      44
      42
      41
      37
      41
      61
      35
      43
      55
      37
      54
      46
      50
      58
      46
      38
      35
      39
      41
      49
      48
      45
      53
      51
      39
      40
      52
      51
      38
      42
      39
      48
      31
      41
      46
      45
      50
      46
      47
      43
      56
      42
      39
      45
      44
      59
      52
      45
      53
      39
      35
      38
      51
      50
      45
      41
      42
      33
      43
      51
      36
      41
      46
      53
      34
      44
      39
      47
      48
      49
      42
      44
      57
      45
      34
      41
      40
      48
      57
      39
      41
      53
      43
      46
      45
      45
      46
      41
      40
      45
      46
      42
      36
      40
      34
      40
      32
      56
      41
      56
      42
      42
      40
      44
      53
      45
      49
      59
      51
      40
      52
      38
      38
      51
      32
      53
      46
      43
      49
      39
      33
      40
      47
      46
      41
      42
      45
      39
      39
      48
      41
      36
      43
      45
      44
      38
      50
      45
      50
      29
      41
      47
      49
      51
      51
      51
      40
      59
      38
      51
      53
      38
      48
      49
      40
      47
      43
      50
      43
      56
      47
      36
      47
      46
      44
      58
      45
      44
      44
      53
      48
      47
      40
      43
      53
      39
      40
      48
      40
      38
      37
      45
      23
      44
      41
      41
      35
      52
      40
      51
      42
      29
      41
      51
      48
      42
      48
      46
      43
      37
      53
      50
      53
      39
      45
      46
      45
      48
      34
      40
      37
      40
      48
      39
      55
      51
      46
      42
      42
      34
      37
      46
      40
      45
      46
      43
      36
      40
      41
      44
      49
      57
      50
      52
      53
      36
      36
      37
      39
      39
      44
      40
      52
      34
      50
      49
      46
      34
      45
      38
      29
      42
      31
      40
      56
      36
      36
      44
      41
      50
      51
      44
      40
      44
      39
      45
      38
      48
      47
      33
      52
      50
      44
      48
      35
      47
      52
      38
      44
      44
      28
      33
      46
      28
      37
      35
      39
      51
      45
      42
      39
      54
      50
      46
      53
      47
      35
      40
      42
      46
      45
      35
      46
      30
      54
      50
      38
      45
      41
      42
      36
      45
      33
      39
      64
      33
      57
      47
      47
      52
      59
      37
      39
      48
      44
      51
      50
      30
      40
      40
      51
      44
      45
      34
      30
      49
      51
      41
      34
      49
      39
      40
      45
      38
      46
      53
      31
      41
      41
      32
      43
      40
      36
      36
      35
      38
      42
      31
      45
      52
      43
      35
      40
      40
      49
      48
      36
      31
      48
      47
      42
      46
      41
      51
      40
      51
      42
      48
      41
      53
      40
      35
      50
      33
      50
      28
      42
      50
      40
      40
      51
      37
      39
      37
      53
      45
      51
      38
      47
      40
      49
      52
      51
      43
      41
      37
      50
      52
      39
      47
      50
      41
      43
      37
      38
      38
      42
      49
      47
      37
      38
      45
      47
      41
      41
      46
      54
      52
      44
      41
      32
      34
      48
      43
      57
      45
      24
      56
      29
      43
      45
      34
      43
      53
      50
      53
      49
      40
      45
      37
      47
      40
      33
      31
      60
      44
      38
      38
      48
      33
      40
      50
      30
      42
      28
      48
      46
      39
      45
      49
      43
      41
      39
      45
      42
      43
      38
      36
      43
      61
      41
      52
      51
      50
      32
      55
      38
      45
      54
      49
      47
      46
      33
      42
      37
      44
      47
      40
      36
      40
      63
      42
      35
      46
      41
      50
      46
      36
      44
      44
      42
      47
      44
      44
      45
      41
      37
      45
      40
      40
      54
      40
      44
      43
      28
      56
      42
      45
      30
      38
      37
      48
      43
      51
      43
      47
      38
      40
      36
      38
      40
      47
      50
      44
      32
      44
      55
      43
      55
      31
      47
      45
      42
      39
      49
      47
      56
      57
      58
      42
      45
      53
      48
      40
      44
      42
      45
      43
      34
      43
      46
      37
      49
      47
      46
      33
      42
      54
      32
      30
      47
      36
      49
      51
      50
      38
      51
      42
      34
      41
      43
      42
      55
      39
      53
      35
      57
      32
      41
      50
      40
      36
      46
      35
      40
      56
      49
      49
      38
      55
      34
      43
      36
      40
      51
      47
      41
      55
      41
      53
      46
      59
      38
      62
      52
      42
      40
      34
      38
      41
      37
      39
      52
      39
      39
      43
      42
      45
      38
      54
      50
      47
      36
      42
      44
      50
      39
      39
      47
      37
      41
      41
      34
      47
      31
      41
      57
      50
      40
      52
      52
      38
      39
      44
      48
      43
      46
      38
      46
      42
      47
      49
      49
      35
      52
      45
      41
      42
      53
      40
      41
      41
      40
      49
      51
      60
      42
      43
      46
      42
      36
      60
      35
      36
      38
      33
      52
      47
      42
      52
      44
      37
      36
      42
      34
      39
      50
      37
      29
      40
      42
      40
      43
      44
      44
      42
      46
      45
      45
      40
      48
      41
      33
      51
      43
      55
      48
      53
      46
      35
      52
      40
      44
      50
      50
      34
      43
      44
      37
      47
      41
      38
      43
      50
      43
      41
      49
      46
      45
      45
      32
      46
      49
      44
      39
      40
      43
      44
      53
      49
      49
      54
      47
      47
      41
      35
      47
      41
      37
      50
      48
      45
      43
      48
      53
      45
      46
      51
      40
      34
      42
      42
      41
      38
      42
      53
      45
      41
      52
      53
      47
      39
      38
      48
      47
      42
      41
      34
      35
      36
      52
      57
      34
      38
      48
      49
      52
      52
      43
      64
      51
      51
      37
      49
      55
      42
      37
      38
      49
      41
      44
      55
      50
      44
      54
      60
      52
      39
      45
      51
      49
      56
      49
      49
      59
      51
      47
      51
      49
      44
      32
      47
      52
      50
      58
      44
      43
      53
      47
      49
      40
      42
      52
      47
      45
      46
      49
      37
      48
      59
      48
      37
      56
      48
      47
      45
      50
      46
      51
      42
      50
      51
      49
      47
      58
      41
      47
      40
      46
      54
      44
      40
      56
      59
      39
      50
      43
      48
      59
      42
      44
      61
      47
      46
      39
      47
      58
      60
      36
      42
      43
      48
      57
      47
      47
      44
      65
      49
      59
      56
      66
      46
      49
      36
      38
      34
      53
      56
      33
      64
      49
      38
      47
      45
      48
      41
      58
      52
      45
      66
      54
      53
      38
      51
      53
      52
      45
      40
      46
      45
      35
      33
      49
      55
      41
      48
      40
      47
      54
      30
      52
      48
      52
      67
      49
      37
      50
      52
      40
      42
      58
      46
      51
      63
      44
      46
      55
      49
      43
      50
      51
      45
      50
      44
      52
      62
      53
      54
      63
      39
      48
      47
      46
      40
      43
      52
      63
      49
      54
      48
      41
      52
      47
      62
      49
      54
      50
      50
      48
      41
      40
      58
      44
      35
      56
      52
      44
      43
      53
      59
      52
      59
      45
      47
      39
      52
      65
      65
      47
      69
      52
      55
      45
      51
      56
      57
      44
      39
      46
      45
      38
      41
      61
      60
      58
      53
      51
      48
      53
      51
      41
      47
      56
      57
      47
      41
      55
      49
      48
      44
      56
      53
      62
      51
      58
      34
      42
      54
      53
      52
      58
      58
      55
      65
      52
      52
      35
      67
      60
      46
      62
      45
      46
      55
      52
      60
      52
      55
      52
      51
      51
      46
      47
      48
      35
      50
      53
      64
      56
      50
      55
      56
      43
      59
      51
      60
      69
      55
      57
      56
      54
      67
      59
      60
      50
      49
      50
      50
      58
      65
      43
      60
      45
      60
      56
      55
      41
      63
      55
      55
      49
      54
      50
      51
      45
      53
      47
      44
      47
      64
      46
      43
      43
      57
      49
      56
      47
      48
      62
      57
      66
      63
      46
      62
      66
      51
      50
      71
      43
      49
      70
      55
      60
      47
      52
      63
      68
      59
      51
      55
      60
      52
      56
      58
      48
      54
      47
      50
      49
      51
      56
      64
      50
      66
      59
      64
      52
      69
      63
      46
      66
      40
      46
      66
      71
      40
      54
      67
      63
      52
      63
      51
      49
      64
      59
      53
      59
      54
      56
      51
      59
      52
      60
      52
      64
      65
      62
      48
      55
      47
      46
      60
      63
      45
      56
      53
      56
      60
      54
      50
      54
      52
      50
      56
      42
      53
      51
      52
      49
      55
      60
      67
      49
      48
      65
      46
      61
      55
      57
      55
      61
      53
      47
      58
      51
      56
      48
      54
      58
      47
      45
      42
      62
      33
      43
      51
      68
      48
      64
      46
      54
      60
      72
      54
      58
      41
      62
      64
      54
      57
      43
      57
      62
      47
      48
      57
      48
      58
      43
      63
      51
      51
      56
      57
      60
      64
      61
      48
      56
      56
      51
      59
      51
      43
      58
      56
      44
      45
      60
      43
      49
      45
      48
      44
      48
      44
      49
      49
      46
      44
      36
      52
      41
      39
      28
      39
      45
      48
      43
      47
      28
      40
      51
      40
      31
      43
      42
      42
      37
      49
      41
      36
      42
      45
      48
      39
      45
      33
      48
      38
      37
      46
      40
      31
      38
      39
      35
      33
      33
      35
      27
      38
      36
      36
      35
      37
      33
      35
      35
      37
      39
      41
      41
      36
      32
      24
      22
      34
      34
      40
      28
      32
      28
      41
      30
      47
      31
      31
      36
      26
      38
      44
      37
      37
      34
      32
      28
      39
      30
      54
      37
      27
      32
      30
      32
      35
      25
      26
      28
      33
      41
      35
      35
      31
      25
      36
      27
      31
      52
      36
      25
      31
      26
      28
      33
      39
      30
      33
      34
      31
      34
      19
      34
      27
      33
      39
      25
      37
      33
      42
      26
      30
      24
      39
      22
      39
      34
      28
      35
      27
      29
      30
      34
      28
      35
      30
      26
      35
      31
      33
      31
      36
      20
      25
      29
      34
      35
      28
      38
      31
      24
      28
      26
      36
      28
      22
      47
      24
      41
      23
      19
      38
      42
      35
      22
      39
      35
      28
      25
      31
      22
      24
      40
      26
      24
      31
      24
      28
      36
      24
      24
      38
      27
      35
      34
      29
      31
      20
      28
      17
      27
      30
      33
      23
      20
      28
      22
      20
      24
      28
      33
      26
      27
      30
      33
      25
      24
      28
      31
      18
      24
      32
      29
      35
      25
      31
      21
      39
      32
      34
      24
      19
      23
      26
      25
      20
      24
      24
      27
      30
      19
      25
      39
      30
      28
      13
      31
      27
      29
      22
      24
      31
      18
      27
      23
      27
      36
      23
      23
      25
      28
      29
      30
      23
      35
      39
      31
      20
      36
      28
      27
      31
      25
      35
      25
      34
      24
      23
      38
      33
      19
      34
      18
      18
      24
      21
      24
      32
      19
      21
      25
      25
      28
      19
      34
      29
      35
      23
      17
      20
      25
      28
      23
      25
      25
      21
      23
      19
      35
      21
      22
      27
      23
      22
      24
      29
      15
      20
      22
      16
      21
      23
      25
      20
      28
      22
      18
      23
      25
      21
      24
      34
      19
      19
      25
      31
      21
      17
      22
      22
      24
      23
      20
      28
      26
      19
      25
      17
      18
      27
      17
      19
      26
      25
      21
      23
      20
      26
      25
      12
      33
      23
      24
      20
      11
      26
      23
      24
      21
      14
      25
      17
      27
      24
      22
      19
      26
      16
      25
      26
      20
      23
      18
      29
      21
      20
      25
      27
      24
      27
      25
      21
      27
      29
      25
      16
      16
      20
      19
      18
      18
      30
      18
      18
      20
      21
      21
      22
      22
      16
      18
      18
      20
      19
      26
      23
      17
      22
      20
      16
      22
      20
      29
      19
      22
      21
      28
      28
      20
      17
      15
      19
      18
      30
      17
      12
      23
      25
      25
      20
      18
      12
      23
      21
      18
      22
      27
      23
      20
      15
      23
      24
      12
      20
      23
      17
      20
      22
      24
      20
      20
      17
      19
      21
      17
      19
      27
      31
      24
      18
      17
      18
      15
      15
      24
      23
      23
      22
      23
      23
      15
      23
      21
      17
      13
      16
      25
      12
      19
      12
      19
      17
      18
      16
      20
      17
      27
      27
      22
      21
      19
      30
      20
      19
      14
      16
      12
      18
      20
      21
      13
      20
      19
      18
      20
      18
      13
      27
      22
      14
      25
      16
      25
      20
      15
      15
      20
      26
      11
      18
      23
      16
      21
      16
      20
      27
      17
      23
      19
      13
      17
      19
      15
       9
      13
      20
      14
      23
      26
      19
      12
      10
      13
      13
      14
       9
      15
      23
      15
      15
      17
      18
      19
      14
      16
      11
      27
      16
      15
      18
      18
      14
      14
      18
      14
      25
      16
      25
      14
      15
      21
      16
      20
      15
      17
      21
      18
      13
      14
      20
      18
      12
      17
      15
      20
      16
      20
      19
       6
      16
      19
      13
      22
      11
      19
      15
      16
      19
      17
      12
      23
      15
       8
      18
      14
      16
      10
      19
      13
      18
      15
      16
      17
      18
      10
      20
       9
      12
      20
      20
       5
      23
      14
      17
      19
      16
      17
      14
      14
      18
      14
      11
      11
      21
      10
      25
      13
      15
      13
      20
      19
      15
      17
      21
      14
      14
      16
      19
      13
      17
      17
      14
      16
      11
      10
      19
      11
      15
      16
      12
      15
      20
       7
      18
      12
      12
      16
      16
      13
      10
      13
      16
      18
      15
      14
      15
      10
      10
      12
      12
      18
      14
      13
      13
      14
      16
      19
      14
      15
      15
       8
       8
      13
      15
      12
      11
      21
      15
      16
      10
      17
      10
      11
      16
      15
      17
       9
       9
      17
      10
      18
      12
      14
      13
      18
      14
       8
      12
      20
      13
       7
      16
      11
      15
      15
       8
      19
      18
      11
       7
       8
      15
       9
      14
      11
      16
      14
      11
      17
      12
       9
      13
      16
      15
      11
      12
      15
      12
      10
      11
      14
      17
      17
      12
      17
       9
      15
      12
      14
      13
      17
      15
      10
      12
      12
      13
      10
      16
      23
      21
      17
       7
      21
      14
      17
      16
      22
      15
      12
      10
      16
      12
      17
      15
      16
       5
      13
      16
      16
      10
      16
      13
      16
      10
      14
      17
       9
      16
       8
      14
      12
      13
      17
      10
      17
      16
      13
      13
      14
      10
       5
      12
       8
      20
      13
      15
      19
      19
      10
       9
      20
       6
      10
      17
      16
      16
      18
      15
      19
      18
      14
      10
      11
      12
      25
      16
       9
       8
      15
      12
      13
      17
      12
      12
      22
      16
      18
      11
      14
       9
      21
      15
      12
      11
      13
      12
       9
      14
      15
      10
      16
      10
      11
      19
       9
      24
      19
      16
      14
      11
      13
      13
      14
      11
      10
      15
      17
      21
      14
      11
      10
       6
       8
      20
      18
      12
      14
      14
      10
      10
      15
      12
       8
      10
      13
      11
      11
      15
      16
      16
      14
      13
      12
       7
      11
      11
      18
       8
      14
      20
      11
       9
      10
       9
      12
      14
      15
      19
      16
      18
      15
      17
      12
      10
      10
      16
      13
       9
      15
      10
      10
      17
      14
      11
       6
      18
      11
       8
      18
      14
       9
      18
      11
      12
      14
      10
      10
      11
      11
      11
      11
      12
       9
      18
      16
      12
      16
      12
      12
      15
      15
       9
      13
      11
      11
      11
      15
      14
      19
      19
       9
      11
      15
      11
      12
      15
      11
      13
      11
      13
      14
      13
      10
      12
      19
      11
       9
      17
      12
      14
      10
      12
      16
       9
      15
      11
      25
      10
      15
       9
      20
      10
      12
      15
      18
      13
      17
       7
      16
       9
      14
      18
      20
       7
       8
      14
       8
      10
      16
      16
      18
      20
      12
      11
      12
       8
      17
      11
      12
       8
      26
       8
      12
      11
      16
      10
      22
      18
       8
      12
      16
       8
      13
      11
      14
      18
      10
      11
       8
       8
      21
      13
       4
       9
       9
      14
      12
      14
      10
      13
      14
      13
      15
      15
      23
      10
      18
       9
      17
      14
      12
      16
      17
      13
       8
       9
      10
      15
      17
      16
       9
      13
      13
      16
      19
      14
      20
      14
      12
      11
       8
       8
       9
      15
      10
      14
      15
       9
      11
      15
      16
      11
      18
      13
       9
      18
      16
       8
       7
       7
      18
      12
      13
      10
      12
       4
      13
      14
       9
      13
      13
      18
      12
      19
       8
      10
      13
      10
       9
      10
      12
      18
       9
      12
      14
      18
      16
      12
      14
      21
      10
       7
      16
      13
      10
      11
      12
      10
      10
      15
      15
      11
       5
      12
      13
      15
       7
      12
       8
      10
       9
      14
      10
      12
      15
      12
      11
      15
      11
      11
      10
      17
      12
      15
       6
       8
      16
      14
       6
       6
       9
      13
      10
      10
      14
      10
      12
      13
      12
      13
      11
      11
      13
       8
      11
      12
      12
      10
      13
      11
      11
      17
       8
      14
       9
      11
      19
      13
      15
      10
      10
      11
       9
      16
      14
      12
      10
       5
      15
      14
      10
       8
      19
       9
      13
      17
      16
      13
      13
      10
      15
       9
       8
       9
      14
      10
       9
      15
       9
      15
      11
      13
      18
      16
       9
      16
      15
      12
      10
       9
      10
      11
       8
      13
       8
      13
      12
       8
      16
       7
      15
       7
       8
      12
      12
      13
       7
       7
      14
      12
      11
      12
      15
      16
      11
      13
      11
      20
       9
      11
      17
      15
      10
      11
      11
      15
      14
       9
      18
      10
       9
      16
      10
      12
      16
      13
      15
       9
      15
       8
      10
      12
       9
      10
      10
       7
       8
      12
      11
      12
      13
      10
      11
      14
       9
      10
      14
      16
       6
       8
       4
       7
      15
      10
       9
      13
      14
      12
      11
       7
      10
      19
      10
       8
       9
      12
       8
      14
       8
      14
      11
      11
       5
      11
      13
       7
      12
      11
       9
      15
       7
      14
      20
       8
       8
      13
      14
      13
      11
       8
       6
      18
      14
      10
      10
       7
       6
      11
       9
      10
      13
      12
       9
       9
       6
       8
       9
      18
      13
       7
      11
      17
       6
      11
      15
      17
      15
      14
      17
      12
      12
      15
      14
       9
       9
      11
       7
      10
       4
      11
      17
       7
       8
      12
      10
      13
      12
      13
      11
      12
      10
      10
      11
      13
       6
       8
      14
      11
      11
      14
      12
      17
      10
      10
       8
      13
       7
       9
       9
      10
       7
      14
      14
       8
       6
      16
      10
       9
       3
      10
      10
       8
      11
       8
       9
       8
       6
       7
      14
       9
      14
       5
      16
       8
      15
      11
      15
      11
      14
      12
       7
      12
      12
      16
      14
      11
       9
       7
       8
      13
      20
      11
      17
      15
      13
      10
      13
      10
      12
      15
      14
      11
      12
      14
      15
      10
      14
      12
       9
      12
      10
      11
      11
      11
      12
      12
      18
      10
      16
      13
       8
      13
       9
      15
      12
      18
      17
       9
      10
       8
      14
      16
      13
      21
      12
       7
      13
      19
      17
      23
      18
      23
      23
      30
      18
      26
      29
      22
      28
      24
      26
      28
      25
      41
      50
      33
      46
      29
      41
      37
      50
      52
      49
      56
      57
      57
      56
      54
      72
      61
      80
      63
      73
      82
      83
      93
      73
      91
      72
     114
     102
     131
     119
     123
     133
     170
     135
     175
     168
     196
     205
     229
     244
     261
     255
     314
     329
     333
     331
     362
     413
     424
     466
     483
     467
     528
     536
     588
     579
     614
     665
     684
     656
     691
     706
     717
     788
     790
     798
     764
     802
     787
     802
     814
     839
     881
     858
     790
     793
     785
     767
     769
     758
     729
     744
     675
     679
     707
     620
     623
     628
     548
     583
     531
     525
     443
     490
     443
     410
     395
     403
     371
     354
     290
     293
     301
     249
     249
     247
     212
     230
     204
     174
     168
     151
     121
     140
     139
     108
     109
     116
      97
      77
      85
      71
      82
      70
      62
      46
      60
      44
      59
      50
      47
      56
      33
      40
      24
      20
      15
      26
      18
      19
      17
      16
      21
      21
       9
      24
      16
      15
      16
       6
      12
      14
       7
      10
      10
      10
       9
       9
      10
      10
       5
       6
       9
      13
       8
       4
       4
       3
       9
      14
       4
       5
       5
      10
       5
       7
       5
       7
      11
       8
       7
       7
      10
       6
       6
       7
       3
       8
       7
       6
       5
       8
       6
       7
       6
       4
      10
       4
       2
       7
       3
       7
       9
       7
       2
       9
       3
       6
       8
       6
       5
       5
       7
       9
       5
       6
       5
       8
      11
       9
       1
       3
       7
       8
       3
       7
       5
       3
       5
      12
       4
       4
       6
       8
       3
       6
       5
       7
       2
      12
       8
       9
       6
      12
       2
       5
       2
       5
       8
       5
       8
       7
       1
       5
       1
       6
       5
       7
       5
       2
       8
       4
       7
      12
       5
       8
       7
       8
       6
       6
      10
       3
       6
       8
       5
       6
       6
      10
       5
       9
       5
       2
       3
      11
       3
       2
       6
       7
       7
       3
       6
       3
       5
       9
       8
       3
      13
       4
       9
       3
       3
       8
      10
       5
       7
       2
       4
       3
       7
       5
       8
       3
       7
       8
       9
       3
       3
       2
       9
       8
       7
       5
       5
       7
       9
       1
       4
      13
       7
      10
      10
       5
       6
      11
       7
       7
       5
       7
       5
       5
       4
       7
       3
       4
       6
       7
       2
       4
       7
       7
       3
       8
       6
       2
       7
       4
       5
       5
       2
       9
       9
      10
       6
       9
       2
       8
       5
       4
       4
       3
       6
       2
       9
       7
       5
       6
      10
       3
       0
       2
       9
      10
       4
       6
       4
       6
       6
       5
       5
       5
       5
       8
       9
       4
       5
       6
       6
       5
       4
       8
       4
       6
       2
       9
       7
       7
       3
       4
       3
       4
       8
       5
       6
      10
       8
       7
       5
       8
       5
       4
       3
       8
       7
       4
       8
       3
       5
       5
       7
       8
       9
       6
       6
       6
       9
       4
       5
      10
       9
       5
       6
       5
       6
       8
       8
       7
       7
       9
       7
       9
       7
       4
      11
       5
       7
       4
       4
       6
       7
       7
       7
       4
      10
       4
       2
       1
       7
       4
       4
       1
       4
       7
       4
       6
       6
       4
       8
       7
       7
       6
       6
       6
       8
       3
       6
       2
       5
       5
       4
       4
       7
       3
       7
       2
       6
       6
       5
       6
       6
       2
      11
      10
       4
       7
       5
       5
       5
       7
       3
       3
       5
       5
       6
       7
       4
       5
       5
       5
       9
       6
       4
       0
       9
      11
       6
       6
      10
       5
       5
       5
       5
       5
       9
       5
       7
       4
       4
       7
       5
       5
       7
       5
       7
       3
      10
       4
       7
       6
       3
       2
       9
       6
       6
       4
       7
       3
       5
       5
       8
       5
       3
       4
       5
       4
       7
       6
      11
       4
       3
       7
      12
       4
       0
       9
       1
       4
       2
       4
       8
       6
       5
       4
       2
       5
       4
       6
       6
       5
       3
       3
       8
       4
       2
       9
       6
       8
       4
       8
       3
       4
       6
       6
       6
       6
       5
       4
       6
       4
       7
       6
       7
       5
       6
       3
       9
       3
       6
       4
       6
       5
       5
       6
       9
       4
       6
       5
       3
       7
       9
      11
       4
       7
       9
       4
       4
       2
       6
       6
       6
       5
       6
      10
      10
       5
       3
       4
       4
      11
       1
       3
       5
       8
       4
       5
       5
      11
       3
       5
       3
      12
       6
       2
       3
       5
       9
       5
       5
      10
       3
       5
       9
       5
       4
       6
      13
       5
       5
       8
       8
       6
       5
       5
       2
       6
       5
       9
       6
       8
       3
       6
       6
       4
       3
       4
       6
       2
       6
       6
       8
       2
      11
       4
       6
      13
      10
       6
       7
      12
       8
       6
       5
       6
       9
       5
       5
       4
      10
       4
       4
       9
       5
       9
       6
       6
       9
       5
       4
       3
       9
       5
       4
      10
       5
       6
       5
       8
       4
       2
       4
       3
       8
       8
       7
       6
       3
       5
       4
       7
       9
       3
       9
      10
       8
       1
       6
       6
       3
       6
       3
       8
       2
       8
       9
       6
       8
       7
       1
       5
       7
       5
       5
       5
       3
       6
       2
       3
       4
       5
       6
       4
       6
       5
       7
       6
       4
       2
       6
       6
       5
       3
       5
       5
       6
       2
       9
       7
       7
       9
       5
       4
      10
      11
       7
       3
       5
       7
       4
       8
       7
       4
       2
       6
       4
       5
       6
       5
       1
       9
       5
       4
      10
      10
       7
       5
       7
       9
       7
       2
       9
       6
      10
       1
       2
       6
       3
       5
       4
       2
       2
       3
       4
      12
       5
       3
       6
       5
       6
       3
       6
       8
       7
       6
       4
       7
       5
       8
       6
      11
      10
       4
       8
       3
       3
       7
       1
       6
       8
       6
       5
       5
       4
       4
       5
       7
       6
       7
       4
       5
       6
      11
       5
       6
       8
       7
       8
       7
       7
       9
       7
       3
       4
       3
       4
       5
       1
       1
       6
       9
       5
       6
       3
      11
       5
       3
       7
       9
       4
       7
       5
       4
       6
       8
       9
       5
       9
       8
       3
       4
      11
       7
       9
       5
       3
       5
       9
       6
       6
       8
       9
       5
       1
       7
       3
       2
      11
       6
       0
       3
      10
       6
       7
       6
       4
       5
       6
       7
      10
       2
       7
       4
       8
       4
       5
       5
       7
       5
       8
       4
       4
       6
       8
       5
      11
       5
       6
       3
       8
       8
       4
       7
      10
       8
       7
       4
       8
       8
       5
       8
       3
       6
       6
       9
       5
       3
       2
      10
       6
       5
       1
      12
       5
       5
      10
       9
       7
       7
       6
      11
       5
      12
       6
       2
       3
       3
       7
       2
      10
       5
       4
       9
       4
       6
       7
       6
       3
       6
       4
       5
      12
       8
       5
       5
       8
       8
       2
       5
       4
       4
       9
       5
       5
       6
       5
       9
       5
       8
       3
       3
      10
       8
       8
       6
      11
       3
       3
       8
       8
       6
       9
       3
       4
       6
      11
       6
       7
       7
       5
       9
       6
       7
       6
       7
      14
       7
       3
       2
       5
       3
       8
       4
       6
       5
       4
       7
       5
       7
       5
       6
      10
       8
       5
       6
       4
       3
       5
       2
       8
       9
       5
       5
       9
       0
       4
       6
       5
       7
       4
       7
       4
       5
       7
       3
       5
       7
       6
       6
       4
       8
       5
       7
       5
       4
       5
       2
       8
       3
       3
       3
       4
       7
       6
       5
       3
       3
       4
       4
       7
       8
       5
       6
       8
       3
       4
       8
       4
       1
       7
       6
       8
       6
       9
       9
       4
       6
      10
       4
       3
       8
       7
       8
       5
       7
       3
       5
       3
       6
       6
      15
       5
       2
       5
      11
       8
       8
       7
       4
       5
       5
       8
       9
       3
       9
       8
       7
       5
       4
       8
      10
       6
       6
       6
       7
       5
       3
       3
       3
       6
       5
       9
       4
       9
       8
       9
       6
       4
      12
       3
      11
       6
       4
       8
       2
       6
       7
       6
       4
       7
       4
       7
       7
       3
       6
       8
       6
       5
       3
       7
       3
       3
       5
       8
       6
       7
       8
       3
       6
       6
       1
      10
       4
       4
      10
       5
       7
      10
       6
       5
       6
       4
       4
       5
       4
       5
       4
       6
       5
       7
       7
      14
       9
       3
       6
       5
       9
       1
       5
       3
       6
       6
       4
       4
       2
       5
       2
      10
       5
       7
      12
       0
       5
       7
       1
       5
       9
       6
       3
       6
       9
       4
       4
       7
       3
       7
       4
       5
       8
       7
       6
       4
       2
       7
       4
      13
       5
       5
       4
       3
      11
       4
       7
       8
       7
       9
       1
       9
       4
       5
       7
       8
       4
       4
       3
       5
       6
      13
       7
       9
       8
       3
       8
       2
       8
       6
       3
       2
       6
       2
       4
       3
       4
       4
       6
       5
       8
       7
       8
       5
      11
       4
       8
       8
       7
       2
       6
       8
       3
       3
      12
       5
       7
       4
       5
       3
       5
       7
       7
       6
       8
      11
       2
       8
       9
      10
       6
       6
       6
       5
       2
       3
      10
       1
       9
       5
       7
       4
       7
       1
       9
       5
       5
       7
       7
       2
       5
       1
       2
       9
       6
       7
       7
       7
       8
       6
       4
       7
       3
       4
       6
       9
       2
       8
       8
       7
       4
       4
       8
       6
       9
       2
       8
       7
       7
       1
       4
       6
       5
       7
       7
       8
      10
       7
       4
       6
       2
       5
       4
       3
       8
       6
       7
       8
      10
       4
       8
       3
       5
       3
       3
       5
       4
       3
       9
       5
       5
       3
      11
       2
       7
       5
       8
       6
       6
       8
       6
      11
       6
       7
       4
       7
       3
       5
       4
       4
       7
       3
       7
       5
      10
       6
       2
       5
       9
       4
       9
       7
      14
      10
       7
      11
       4
       3
       5
       7
       6
       7
       3
       5
       4
       6
       5
       4
       5
       6
       5
       3
       8
      11
       4
       6
       2
       5
       5
       9
       6
       7
       5
       4
       9
       6
       4
       9
       7
       3
       9
       6
       4
       3
       6
       4
       7
       5
       7
       5
       5
       6
       0
       5
       3
      13
       1
       6
       7
      10
      10
       7
       3
       4
       6
      10
       7
       5
       9
       9
       5
       5
       3
       3
       7
       5
       7
       3
       8
       6
       5
       6
       6
      12
       2
       6
       5
       3
       7
       6
       7
       5
       7
       3
       4
       3
       6
       4
       5
       5
       8
       4
       6
       6
       5
       3
       6
       7
       3
       7
       2
       5
       6
       2
       7
       5
       4
       7
       5
       5
       5
       4
       3
       9
       7
       2
       4
       3
       5
       8
       7
       7
       9
       8
       9
       4
       6
       4
       9
       2
       3
       2
       6
       6
       9
       6
       6
       2
       4
       4
       7
      10
       8
       4
       6
       6
       4
       8
      10
       9
       8
       7
       9
       6
       6
       7
       7
       4
       6
       7
       2
       7
       4
       9
       8
       5
      10
       2
       4
       4
       7
       6
       4
       3
       7
       3
       9
       1
       2
       9
      10
       6
       3
       6
       4
       4
       9
       6
       8
       5
       5
       3
       5
       7
       6
       7
       4
       5
       4
       7
       4
       7
       4
       6
       3
       6
       8
       5
       6
       3
      13
       6
       4
       7
       3
       7
      11
       8
       3
       6
       5
       5
       6
       2
       7
       4
       4
       3
       7
       6
       5
       7
       7
       3
       7
       5
       5
       6
       6
       3
       5
       2
       5
       5
       9
       5
       2
       5
       5
       7
       4
       2
       2
      11
       3
      10
       5
       4
       3
       3
       6
       5
       6
       7
       3
       6
       6
       5
       2
       1
       9
       9
       5
       7
      10
       7
       5
       4
       7
       7
       1
       8
       6
       6
       0
       9
       6
       4
       7
       4
       7
       5
       4
      12
       7
       7
       2
       2
       7
       3
       7
       4
       2
       3
       4
       2
       5
       9
       4
       9
       4
       4
       6
       4
       4
       3
       6
       8
       5
       8
       3
       3
       7
       9
       7
       7
       5
       5
       8
       7
      10
       5
       8
       8
       9
       3
       4
       6
       5
       4
       8
       7
       5
       8
       6
       3
       4
       3
       7
       3
       6
       9
       4
       5
       6
       7
       5
       3
       2
       4
      10
       2
       4
       1
       5
       9
       3
       1
      10
       5
       7
       4
       5
       4
       5
       2
       6
       7
       4
       6
       8
      10
       6
       4
       5
       3
       4
       6
       7
       7
       3
       4
       7
       6
       9
       9
       2
       7
       5
       6
       3
       5
      10
       9
       5
      10
       9
       4
       5
       5
       5
       3
       6
      16
       7
       8
       9
       6
       4
       3
       3
       8
       5
       2
       2
       5
       4
       4
       8
       6
       5
       2
       3
       3
       7
       5
       9
       5
       4
       6
       6
       4
       6
       5
       8
       6
       8
       4
       5
       0
       8
       5
       3
       6
       3
       3
       4
       6
       4
       5
       4
       3
       6
       5
       7
       9
      11
       4
       3
       7
       4
       9
       9
       8
       5
       8
       7
       7
       5
       5
       6
       3
       7
       4
       7
       3
       6
       7
       2
       6
       2
       9
       5
       7
      11
       6
       4
       9
       8
       6
       2
      11
       5
       6
       3
       5
       5
       2
       4
       4
       4
       6
       2
       5
       3
       6
       6
       3
       7
       6
       8
       3
       2
       4
       5
       4
       7
       5
       5
       6
       5
       6
       5
       4
       6
       4
       4
       7
       9
       4
       4
       7
       7
      11
       5
       1
       5
       7
       7
       5
       3
       7
       6
       5
       6
       1
       2
       7
       8
       8
      10
       7
       6
       3
       4
       7
       6
       1
       3
       7
       3
       6
      11
       7
      12
      11
       8
       1
       9
       5
       8
      10
       5
       4
       6
       8
       4
       4
       3
       4
       5
       6
       9
       8
       5
       5
       3
       6
       5
       4
       4
       6
       6
       9
       8
       9
       7
       6
       7
       7
       3
       2
      11
       4
       7
       5
       6
       8
       9
       4
       5
       7
       2
       5
       8
       4
       8
       4
       2
       7
       5
       4
       6
       5
       8
       7
       3
      11
       7
       6
       8
       6
       5
       6
       5
       5
       2
       3
       4
       5
       2
       8
       6
      10
       6
       7
       6
       5
       8
       3
      10
       6
       3
       6
       6
       3
       6
       6
       5
       4
       7
       6
       4
       4
       7
      11
       3
       6
       5
       4
       5
       7
       2
       5
       3
       6
       8
       5
       4
      10
       3
       7
       4
       3
       6
       4
       5
       2
      13
       4
      10
       3
       4
       6
       9
       4
       6
       6
       5
       5
       8
       7
       9
       8
       7
       3
       5
      10
       8
       8
       5
       3
       3
       5
       3
       3
       7
       3
       7
       4
       7
       4
       3
       4
       9
       4
       4
       4
       8
       3
       5
       6
       6
       5
       5
       6
       3
       9
       5
       6
       9
       6
       4
       8
       8
       7
       6
      10
       7
       5
       3
       3
       6
       7
       6
       8
       4
       8
       5
       4
       6
       6
       6
      10
       4
       6
       4
       6
       5
       2
       8
       8
       6
       6
      10
       8
       7
      11
       4
       7
       7
       4
       8
       8
       2
       2
       5
       5
       9
       6
       2
       6
       8
       2
       4
       1
       6
       8
       1
       3
       3
       8
       5
       1
       9
       6
       6
       5
       4
       3
       6
       9
       7
       5
      10
       4
       5
       6
       3
       3
       1
       3
       4
       3
       6
       5
       7
       9
       4
       5
       6
       4
       4
      10
       4
       3
       7
       9
       3
       7
       0
       3
       4
       6
       3
       8
       6
       7
       3
       3
       6
       4
       2
       6
       5
       9
       3
       6
       6
       7
       7
       5
       3
       8
       4
       6
       6
       9
       2
       6
       7
       9
       9
       5
       3
       8
       6
       3
       3
       4
       4
       3
       3
       6
       3
       5
       3
       4
       9
       8
       2
       3
       3
       7
       2
       1
       8
       2
       5
       8
       2
       5
       1
       8
      10
       7
       7
       5
       6
       8
       5
       7
      12
       8
       4
       3
       5
       3
       4
       1
       5
       9
       6
       5
       6
       2
       5
       6
       6
       4
       5
       6
       7
       5
       4
       4
       3
       3
       7
       9
      10
       7
       7
       7
       7
       7
       3
       5
       7
       8
       3
       8
       9
       3
       2
       8
       5
       3
       5
      10
       4
       8
       4
       6
       5
       6
       9
       7
       4
       5
       8
       6
       3
       6
       4
       9
       3
       7
       8
       3
       8
      10
       4
       3
      10
       7
       7
       6
       7
      10
       6
       7
       7
       5
       3
       4
       3
       3
       5
       9
       9
       7
       8
       2
       9
       9
       7
       5
       5
       5
       5
       6
       5
      11
       8
       7
      15
       6
       2
       4
       6
       4
       4
       6
       7
       6
       4
       7
       6
       3
      10
       8
       5
       5
       8
       4
       8
       6
       7
      10
       3
      10
       5
       9
       4
       4
       8
       5
       3
      10
       0
       5
       8
       3
       4
       5
       6
       7
       5
      10
       7
       6
       4
       2
       2
       0
       5
       6
       3
       3
       6
       3
       2
       4
      11
       6
       7
       7
       7
       6
       7
       7
       7
       5
       5
       7
       3
       6
       7
       5
       4
      11
       7
       7
       3
       6
       4
       7
      14
       5
       8
       8
       3
       5
       3
       5
       4
       7
       6
       6
       6
       4
       7
       9
       5
       3
       8
      10
       3
       7
       7
       5
       5
       6
       4
       6
      13
       5
       6
       5
       4
       8
       5
       6
       7
       6
       6
       9
       8
       4
      11
       4
       8
       4
       7
       3
       5
       4
       5
      11
       6
       7
       6
       4
       4
       8
       6
       7
       9
       2
       3
       5
      10
       9
       6
       7
       7
      13
      13
       2
       5
       5
       8
      12
       6
       8
       2
       2
       1
       9
       6
       7
       9
      10
       4
       2
       4
       8
       7
       5
       7
       2
       7
       9
       3
       8
       6
       8
       3
       0
      11
       5
       2
       7
       5
       6
       7
       3
       8
       5
      11
       3
       5
       4
       8
       5
       6
       6
       7
       4
       9
       8
       5
      10
       6
       5
       5
       3
       9
       3
       1
       3
       4
       4
       7
       9
       6
       3
       4
       8
       7
       6
       4
      10
       6
       6
       6
      13
       5
       1
      10
       6
       4
       2
       9
      10
       7
       7
       4
       6
       2
       7
       5
       3
       2
       7
      10
       5
       4
       7
       3
       7
       7
       4
       6
       9
       4
       5
       5
      10
       4
       5
       5
       7
       4
       7
       3
       5
       8
       5
       5
       6
       7
       7
       4
       5
       3
       7
       4
       4
       1
       8
       3
       4
       6
       7
       3
       3
       6
       9
       4
      14
       3
       6
       3
       6
       5
       7
       3
       7
       4
       2
       5
       7
      10
       5
       6
       6
       6
       5
       3
       4
       3
       8
       2
       4
       4
       6
       8
       3
      13
      11
       8
       2
       7
       7
       1
      10
       8
       9
       5
       8
       2
       5
       4
       5
       3
       0
       6
       6
       5
       4
       9
       8
       4
       5
       6
       8
       3
       6
       4
       3
       7
       8
       4
       8
       4
       7
       6
       6
       7
       7
       7
       6
      10
       6
       5
      11
       5
       5
      10
       9
       6
       2
       9
       6
       6
       1
       6
       0
       8
       7
       2
       9
       5
       8
       3
       5
       3
       6
       5
       5
       6
       6
       6
       6
       9
       1
       4
       5
       2
       6
       5
       3
       8
      10
       8
       2
       1
       8
       4
       4
       5
       7
       5
       8
       5
       3
       7
       2
       3
       5
       5
       2
       7
       4
       3
       7
       8
      11
       5
       6
       5
       5
       0
       4
       5
       2
       7
       5
       8
      10
       4
       5
       6
       6
      11
       3
       2
       6
       2
       3
       5
       6
       6
       5
       5
       9
       6
       7
       5
       8
       6
       2
       9
      11
      12
       8
       2
       2
       5
       8
       4
       6
       4
       0
       5
      13
       2
       4
       7
       6
      14
       3
       2
       4
       5
       3
       2
       2
       5
       5
       6
       8
       4
       9
       8
       3
       5
       6
       3
       6
       4
      14
       4
       7
       7
       6
       7
       4
       6
       8
       4
       8
       6
       7
       5
       2
       5
       6
       4
       9
       5
      10
      13
       4
      10
       3
       4
       4
       4
       8
       7
       5
       6
       8
       7
       9
       8
       8
       7
       7
       4
       6
      11
       2
       4
       9
      12
       8
       5
       5
       7
       4
       6
       6
       3
       8
       6
       3
       9
       8
       6
      11
       5
       6
       4
       5
       3
      14
       4
       6
       0
       4
       8
       8
       6
       7
       4
       9
       8
       7
       6
      19
       3
       6
       3
       7
       6
      10
       7
       2
       6
       9
       5
       6
       5
       6
      11
       6
       8
       6
       7
       5
       5
       8
       4
       8
       1
       6
       8
       7
       6
       5
      11
      11
       8
       5
       3
       7
       5
       7
       3
       8
       7
       7
       8
       7
      10
       3
       5
       5
       8
       9
       7
       8
       8
       4
       8
       3
       5
       3
       4
       7
       8
       5
      10
       5
       1
       4
      10
       8
       6
       6
       7
       8
       6
       6
       7
       6
       9
       4
       4
       9
       5
       8
      10
       6
       8
      11
       7
       8
       3
       5
       6
       7
      11
       4
       6
       7
       4
       6
       9
       8
       4
      11
       8
       3
       4
       3
       5
       7
       6
      12
      12
       3
       7
       7
       4
       6
       5
       6
       5
       3
       7
       4
       5
      10
       5
       8
       7
       5
       6
       5
       6
       8
       4
       3
       7
       4
       6
       5
       7
       8
       4
       4
      10
       3
       4
       7
       2
       6
       3
       5
       9
       8
       8
       4
       7
       4
       5
       5
       5
      12
       6
       7
       8
       7
       4
       4
       5
      10
       2
       7
       5
      10
       9
       3
       7
       9
       4
       1
      13
       6
       3
       4
       8
       7
       6
       3
       4
       6
      10
       7
       6
       9
       5
       3
       5
       5
       9
       6
       5
       9
       8
       7
       5
      10
       4
      11
       7
       5
       9
       9
       8
       6
       4
       2
       4
       2
       5
       7
       6
       8
       3
       6
      77
     191
     189
     180
     187
     191
     199
     179
     211
     197
     159
     164
     182
     165
     190
     197
     208
     173
     190
     198
     191
     156
     166
     184
     178
     182
     183
     170
     179
     194
     178
     166
     183
     176
     191
     188
     183
     182
     168
     171
     172
     189
     185
     165
     190
     179
     182
     203
     183
     165
     164
     142
     172
     182
     156
     175
     186
     192
     190
     178
     188
     187
     183
     150
     184
     188
     179
     189
     186
     166
     180
     170
     157
     172
     199
     171
     193
     161
     186
     173
     176
     173
     204
     182
     182
     160
     174
     181
     181
     187
     186
     204
     161
     166
     185
     187
     159
     160
     171
     177
     195
     173
     171
     167
     181
     191
     183
     187
     183
     183
     171
     160
     150
     165
     181
     171
     158
     156
     173
     188
     177
     148
     181
     161
     185
     161
     152
     183
     173
     175
     193
     154
     154
     194
     192
     152
     164
     193
     178
     177
     198
     184
     174
     196
     166
     185
     180
     173
     164
     186
     192
     167
     159
     180
     157
     185
     160
     190
     160
     175
     180
     177
     187
     192
     174
     172
     177
     191
     185
     183
     187
     176
     140
     177
     173
     183
     161
     149
     186
     175
     163
     165
     184
     174
      81
$ROI:
5
349 399
960 988
992 1050
1491 1501
5157 5169
$PRESETS:
None
0
0
$ENER_FIT:
0.000000 0.107033
$MCA_CAL:
3
0.000000E+000 1.070331E-001 0.000000E+000 keV
$SHAPE_CAL:
3
0.000000E+000 0.000000E+000 0.000000E+000
