$SPEC_ID:
23cm counts
$SPEC_REM:
DET# 1
DETDESC# DLAB-PHY-L3-49 926 Right
AP# Maestro Version 7.01
$DATE_MEA:
10/25/2024 16:19:31
$MEAS_TIM:
719 920
$DATA:
0 8191
       0
       0
       0
       0
       0
       0
       0
       0
       0
       0
       0
       0
       0
       0
       0
       0
       0
       0
       0
       0
       0
       2
       1
       4
      13
      16
      19
      48
      75
      76
      88
     106
     121
     212
     735
    3063
    7325
   12770
   17606
   20123
   20882
   20675
   18730
   16297
   13732
   11655
    9948
    8389
    6952
    6061
    5133
    4356
    3674
    3202
    2711
    2303
    1997
    1741
    1491
    1262
    1072
     941
     844
     743
     600
     613
     507
     433
     399
     338
     315
     289
     268
     217
     257
     212
     205
     190
     162
     157
     147
     159
     133
     144
     110
     133
     117
     120
     119
     117
     104
     113
     104
     116
     108
      91
      95
      97
      96
     119
      96
     103
      93
      89
      88
      86
      95
      84
      93
      82
      85
      89
      79
      98
      83
      89
      82
      81
     103
      84
      73
      76
      77
      68
      83
      98
      81
      92
      90
      87
      89
      86
      98
      87
      91
      79
      85
      65
      79
      90
      94
      82
      82
      94
      88
      82
      81
      82
      80
      85
      83
      79
      82
      69
      69
      65
      68
      64
      84
      76
      68
      77
      75
      97
      83
      70
      82
      83
      87
      79
      93
      75
      84
      92
      56
      81
      77
      85
      88
      87
      66
      73
      72
      67
      64
      61
      70
      79
      80
      70
      81
      59
      62
      72
      66
      85
      66
      74
      68
      83
      77
      68
      67
      68
      86
      69
      83
      85
      68
      73
      77
      61
      78
      84
      76
      71
      69
      77
      70
      76
      58
      66
      67
      61
      75
      52
      87
      68
      78
      60
      81
      76
      76
      66
      58
      85
      81
      73
      62
      77
      64
      78
      73
      70
      80
      75
      60
      65
      79
      67
      67
      66
      63
      55
      79
      68
      68
      49
      60
      68
      71
      60
      73
      69
      76
      68
      74
      62
      62
      65
      68
      58
      69
      67
      67
      71
      62
      61
      66
      79
      69
      75
      54
      70
      71
      56
      56
      61
      71
      69
      66
      69
      57
      54
      70
      68
      61
      65
      69
      74
      54
      76
      55
      75
      67
      70
      66
      60
      48
      62
      63
      63
      75
      54
      57
      71
      76
      57
      62
      60
      71
      57
      58
      75
      75
      51
      62
      69
      79
      66
      53
      60
      68
      67
      67
      76
      68
      51
      57
      54
      72
      74
      64
      51
      56
      70
      62
      46
      68
      61
      59
      64
      48
      54
      76
      63
      63
      51
      55
      76
      75
      73
      70
      75
      59
      65
      73
      70
      56
      57
      63
      71
      63
      59
      68
      77
      52
      66
      54
      64
      61
      72
      58
      69
      53
      53
      67
      54
      49
      57
      76
      77
      52
      42
      63
      72
      67
      67
      68
      60
      58
      70
      44
      81
      49
      63
      73
      58
      63
      66
      61
      68
      51
      60
      56
      60
      64
      75
      77
      65
      66
      58
      67
      53
      70
      62
      53
      58
      55
      58
      58
      54
      61
      71
      66
      70
      63
      48
      55
      59
      60
      67
      60
      64
      55
      55
      68
      65
      66
      65
      53
      60
      64
      75
      64
      62
      71
      58
      70
      63
      64
      69
      50
      61
      49
      66
      58
      65
      59
      57
      59
      59
      62
      64
      66
      52
      48
      71
      49
      70
      52
      65
      53
      59
      52
      57
      63
      58
      42
      57
      48
      56
      78
      57
      67
      66
      53
      77
      67
      48
      75
      47
      61
      73
      45
      61
      72
      73
      73
      72
      45
      58
      59
      64
      70
      61
      72
      53
      65
      53
      55
      56
      58
      68
      67
      67
      64
      65
      67
      61
      54
      69
      74
      53
      62
      63
      68
      53
      68
      64
      62
      57
      53
      59
      62
      56
      65
      75
      62
      59
      68
      50
      64
      61
      62
      47
      59
      70
      60
      57
      59
      78
      53
      73
      64
      59
      67
      61
      67
      60
      59
      52
      70
      51
      52
      80
      72
      74
      62
      65
      60
      51
      52
      54
      53
      68
      72
      73
      64
      62
      71
      75
      56
      64
      69
      76
      66
      57
      78
      58
      63
      57
      60
      61
      53
      78
      71
      67
      57
      81
      63
      63
      87
      61
      84
      70
      67
      52
      59
      71
      72
      77
      69
      77
      55
      71
      71
      72
      65
      69
      73
      72
      88
      61
      77
      60
      77
      66
      75
      74
      84
      80
      69
      64
      78
      91
      97
      84
      83
      94
      71
      86
      82
      87
      97
      95
      88
      86
      97
     104
      87
     109
      90
      99
      85
      75
      62
      86
      90
     101
      72
      80
      64
      80
      95
      74
      91
      69
      74
      73
      67
      78
      76
      79
      65
      66
      64
      53
      58
      71
      68
      85
      55
      51
      68
      87
      56
      76
      64
      77
      59
      64
      69
      68
      61
      45
      63
      43
      54
      50
      54
      63
      55
      83
      80
      56
      58
      61
      67
      62
      51
      52
      57
      54
      54
      58
      57
      57
      61
      63
      65
      74
      59
      65
      58
      61
      61
      66
      61
      62
      62
      64
      59
      72
      71
      61
      62
      66
      80
      78
      72
      64
      79
      71
      78
      72
      68
      77
      86
      61
      84
      73
      92
      75
      66
      65
      76
      63
      66
      66
      70
      59
      70
      63
      65
      68
      66
      65
      69
      73
      67
      62
      71
      51
      65
      59
      80
      68
      73
      73
      62
      64
      71
      48
      61
      58
      61
      71
      58
      62
      56
      64
      61
      70
      45
      51
      61
      66
      67
      58
      48
      65
      48
      62
      67
      53
      46
      61
      46
      62
      71
      61
      55
      63
      65
      60
      63
      54
      58
      58
      63
      77
      42
      53
      64
      65
      53
      57
      67
      73
      65
      51
      62
      56
      56
      56
      53
      62
      54
      58
      61
      49
      69
      54
      61
      56
      45
      70
      51
      51
      41
      72
      55
      60
      62
      70
      49
      62
      53
      57
      55
      54
      50
      63
      41
      58
      51
      68
      67
      50
      59
      53
      52
      48
      64
      59
      64
      66
      73
      69
      52
      56
      64
      71
      73
      71
      48
      66
      49
      53
      39
      59
      62
      53
      64
      67
      45
      62
      58
      57
      56
      53
      54
      41
      65
      57
      57
      53
      57
      65
      55
      57
      53
      51
      54
      49
      58
      48
      63
      56
      57
      47
      66
      48
      53
      55
      44
      46
      54
      61
      50
      68
      59
      58
      64
      65
      55
      52
      47
      48
      64
      62
      59
      44
      58
      55
      58
      55
      68
      45
      57
      61
      66
      76
      43
      57
      62
      63
      48
      72
      65
      48
      35
      54
      60
      65
      52
      61
      52
      51
      66
      54
      51
      63
      62
      50
      49
      53
      48
      46
      70
      66
      60
      57
      51
      52
      49
      52
      63
      70
      68
      61
      59
      70
      56
      50
      55
      53
      49
      50
      64
      53
      41
      51
      64
      46
      66
      63
      68
      53
      51
      55
      55
      62
      48
      55
      62
      62
      56
      65
      54
      61
      48
      50
      60
      57
      51
      56
      63
      52
      56
      54
      53
      43
      56
      63
      62
      67
      61
      64
      61
      55
      53
      52
      63
      59
      52
      58
      47
      68
      52
      51
      63
      63
      55
      50
      56
      68
      77
      67
      56
      49
      53
      42
      58
      57
      65
      48
      66
      49
      50
      65
      62
      65
      56
      65
      58
      40
      65
      58
      53
      63
      49
      54
      57
      57
      48
      46
      45
      49
      68
      56
      43
      59
      53
      45
      58
      51
      58
      60
      56
      45
      48
      68
      54
      33
      52
      57
      64
      57
      49
      50
      45
      48
      65
      54
      45
      53
      65
      61
      54
      54
      58
      45
      41
      54
      50
      55
      53
      62
      55
      64
      56
      56
      59
      52
      52
      58
      57
      69
      46
      44
      47
      50
      46
      47
      52
      48
      46
      62
      71
      61
      62
      62
      52
      46
      53
      72
      55
      47
      54
      72
      57
      54
      51
      54
      51
      55
      56
      56
      41
      49
      55
      65
      56
      48
      34
      54
      68
      65
      75
      42
      60
      45
      63
      62
      56
      61
      47
      50
      61
      63
      54
      58
      60
      53
      57
      50
      51
      53
      58
      59
      48
      57
      60
      53
      51
      62
      56
      45
      39
      50
      53
      59
      51
      52
      61
      55
      59
      58
      67
      65
      64
      58
      47
      56
      42
      52
      66
      68
      45
      50
      54
      47
      60
      60
      57
      50
      66
      52
      57
      59
      60
      64
      53
      53
      51
      52
      62
      48
      61
      55
      52
      47
      41
      59
      49
      60
      48
      62
      57
      56
      38
      57
      48
      62
      48
      59
      54
      48
      64
      58
      49
      55
      45
      60
      67
      51
      55
      48
      57
      45
      60
      52
      54
      44
      62
      55
      67
      55
      54
      62
      55
      53
      54
      46
      55
      52
      62
      60
      48
      52
      58
      47
      52
      55
      56
      57
      43
      64
      46
      46
      62
      51
      64
      46
      43
      43
      45
      58
      54
      52
      55
      44
      53
      50
      56
      44
      64
      58
      69
      61
      59
      47
      50
      45
      58
      57
      53
      65
      59
      63
      56
      61
      41
      49
      66
      52
      35
      49
      64
      56
      59
      64
      50
      59
      56
      57
      49
      45
      60
      45
      44
      62
      63
      47
      54
      37
      50
      47
      51
      62
      50
      52
      47
      46
      50
      49
      54
      58
      43
      64
      45
      50
      57
      53
      57
      66
      46
      48
      57
      64
      54
      50
      51
      60
      50
      58
      43
      58
      55
      52
      46
      57
      46
      46
      58
      51
      51
      45
      61
      57
      52
      50
      61
      52
      60
      49
      48
      67
      36
      40
      55
      48
      51
      46
      43
      45
      60
      49
      57
      50
      57
      53
      39
      46
      47
      48
      57
      44
      48
      46
      59
      48
      56
      48
      60
      40
      48
      59
      55
      47
      60
      50
      53
      52
      55
      61
      53
      50
      47
      52
      63
      48
      44
      52
      53
      50
      43
      56
      59
      52
      49
      51
      59
      46
      51
      37
      58
      51
      46
      66
      59
      52
      62
      61
      57
      49
      58
      45
      43
      56
      47
      64
      53
      78
      46
      54
      45
      46
      55
      52
      65
      52
      60
      57
      64
      62
      53
      43
      61
      39
      64
      53
      58
      46
      53
      46
      55
      58
      41
      49
      59
      60
      40
      57
      55
      59
      45
      59
      63
      66
      51
      56
      60
      67
      46
      73
      48
      50
      54
      55
      63
      59
      62
      61
      52
      61
      75
      54
      62
      71
      50
      49
      69
      66
      64
      53
      65
      46
      60
      61
      52
      56
      52
      68
      61
      68
      56
      60
      57
      64
      52
      55
      59
      59
      53
      50
      71
      60
      51
      61
      67
      67
      73
      59
      63
      74
      50
      71
      51
      44
      66
      63
      45
      69
      72
      68
      67
      55
      65
      66
      54
      41
      68
      69
      49
      76
      66
      59
      62
      70
      58
      57
      63
      76
      61
      65
      46
      50
      62
      64
      55
      52
      64
      64
      64
      52
      57
      46
      74
      62
      54
      64
      82
      60
      72
      64
      65
      72
      60
      60
      62
      69
      50
      53
      63
      58
      42
      61
      63
      66
      64
      51
      51
      53
      66
      59
      53
      62
      50
      71
      53
      58
      54
      54
      51
      63
      67
      62
      60
      59
      60
      70
      54
      56
      54
      52
      47
      61
      71
      62
      64
      64
      51
      66
      70
      68
      52
      65
      57
      70
      56
      65
      61
      58
      72
      61
      66
      63
      55
      62
      43
      64
      64
      55
      54
      54
      48
      71
      57
      65
      54
      60
      57
      54
      64
      56
      60
      57
      56
      50
      59
      59
      53
      51
      54
      54
      54
      61
      71
      53
      64
      55
      68
      47
      52
      76
      48
      60
      58
      53
      41
      64
      52
      64
      62
      54
      75
      54
      50
      58
      47
      54
      50
      50
      49
      55
      57
      68
      65
      48
      64
      50
      61
      59
      67
      62
      58
      48
      58
      48
      50
      63
      46
      49
      70
      60
      59
      56
      65
      58
      56
      66
      66
      62
      54
      45
      45
      52
      58
      53
      66
      52
      61
      59
      65
      55
      40
      57
      54
      46
      58
      54
      57
      53
      45
      63
      60
      45
      51
      50
      56
      62
      59
      67
      51
      64
      64
      53
      57
      55
      57
      47
      54
      67
      59
      63
      49
      65
      67
      53
      57
      54
      43
      59
      67
      53
      49
      49
      52
      64
      54
      52
      38
      54
      44
      71
      42
      67
      52
      57
      56
      59
      55
      61
      54
      50
      50
      59
      61
      55
      43
      47
      53
      63
      53
      60
      56
      51
      50
      51
      77
      56
      58
      51
      55
      56
      57
      48
      52
      61
      48
      68
      48
      62
      49
      61
      60
      57
      58
      55
      58
      64
      46
      47
      49
      50
      45
      46
      49
      50
      56
      55
      58
      39
      78
      55
      58
      59
      54
      48
      56
      49
      48
      52
      47
      54
      43
      44
      53
      52
      57
      60
      60
      44
      63
      50
      59
      50
      56
      59
      46
      51
      48
      64
      59
      42
      55
      58
      73
      59
      64
      55
      46
      54
      66
      46
      70
      61
      49
      61
      60
      60
      59
      62
      65
      49
      53
      63
      65
      60
      61
      50
      47
      58
      46
      50
      50
      65
      44
      62
      53
      51
      41
      63
      51
      65
      56
      58
      47
      67
      57
      69
      51
      48
      56
      48
      40
      64
      56
      60
      39
      49
      52
      62
      51
      51
      73
      58
      57
      62
      61
      51
      66
      68
      62
      57
      44
      57
      59
      49
      57
      51
      45
      57
      56
      57
      55
      47
      66
      53
      62
      62
      58
      53
      62
      58
      68
      53
      55
      52
      51
      58
      60
      53
      58
      46
      50
      59
      57
      57
      59
      57
      55
      45
      47
      54
      70
      58
      60
      52
      69
      60
      51
      57
      45
      53
      55
      48
      55
      65
      62
      57
      53
      46
      53
      58
      67
      67
      52
      67
      72
      52
      63
      66
      54
      53
      62
      57
      56
      42
      40
      50
      65
      67
      51
      48
      43
      59
      60
      54
      62
      65
      53
      67
      47
      50
      54
      60
      50
      45
      45
      56
      50
      61
      50
      50
      57
      66
      56
      54
      57
      66
      61
      53
      49
      65
      46
      58
      58
      60
      45
      58
      67
      64
      61
      69
      57
      59
      49
      52
      61
      56
      47
      66
      57
      64
      48
      59
      48
      52
      53
      60
      51
      58
      46
      50
      68
      58
      52
      59
      45
      53
      60
      61
      51
      52
      59
      49
      58
      52
      47
      47
      58
      55
      57
      53
      64
      55
      64
      70
      65
      64
      64
      59
      63
      64
      65
      62
      59
      59
      44
      57
      59
      57
      50
      60
      54
      52
      61
      56
      62
      61
      59
      63
      61
      57
      45
      50
      54
      56
      61
      52
      49
      52
      53
      65
      67
      41
      49
      68
      53
      48
      56
      48
      56
      58
      60
      60
      42
      51
      61
      60
      55
      57
      63
      49
      55
      59
      49
      50
      59
      44
      52
      50
      48
      50
      67
      54
      51
      57
      53
      52
      66
      63
      55
      49
      60
      57
      59
      68
      51
      54
      51
      52
      58
      54
      47
      49
      41
      47
      49
      55
      55
      60
      49
      51
      51
      65
      62
      63
      48
      54
      57
      63
      42
      51
      59
      59
      54
      58
      50
      54
      59
      58
      52
      59
      51
      64
      47
      48
      56
      49
      65
      57
      68
      51
      70
      58
      53
      58
      55
      44
      50
      60
      57
      60
      53
      52
      61
      56
      56
      66
      54
      57
      65
      53
      64
      64
      65
      59
      57
      57
      45
      56
      55
      59
      58
      53
      43
      69
      59
      57
      72
      56
      67
      47
      54
      65
      65
      53
      55
      61
      60
      51
      49
      47
      46
      59
      49
      62
      65
      51
      51
      54
      54
      59
      47
      62
      49
      53
      66
      47
      55
      51
      61
      53
      44
      49
      44
      62
      57
      70
      52
      57
      58
      62
      66
      56
      49
      46
      53
      56
      53
      49
      61
      62
      53
      47
      51
      64
      65
      49
      51
      53
      46
      64
      70
      60
      67
      57
      63
      47
      50
      49
      63
      53
      49
      57
      53
      50
      58
      61
      50
      48
      57
      49
      55
      62
      49
      79
      57
      54
      51
      65
      56
      62
      65
      62
      44
      45
      54
      67
      43
      56
      52
      58
      58
      45
      54
      65
      54
      57
      55
      52
      63
      57
      65
      51
      46
      65
      56
      51
      50
      36
      60
      68
      43
      64
      63
      52
      55
      60
      52
      51
      52
      44
      61
      60
      49
      52
      47
      50
      54
      60
      54
      37
      55
      51
      48
      58
      58
      50
      56
      42
      52
      50
      59
      66
      48
      57
      50
      63
      51
      64
      48
      52
      59
      66
      64
      46
      51
      57
      62
      64
      58
      58
      50
      66
      51
      53
      40
      57
      61
      48
      47
      63
      48
      57
      55
      68
      60
      49
      44
      57
      55
      61
      53
      65
      60
      50
      53
      63
      61
      40
      56
      60
      69
      53
      53
      59
      64
      49
      58
      67
      58
      54
      45
      46
      53
      52
      66
      59
      51
      62
      48
      53
      48
      59
      50
      47
      66
      54
      60
      63
      55
      67
      60
      59
      55
      63
      60
      61
      54
      62
      58
      46
      60
      53
      54
      60
      58
      46
      56
      70
      60
      67
      66
      40
      62
      58
      65
      55
      62
      58
      60
      52
      81
      58
      58
      70
      57
      60
      61
      68
      74
      48
      56
      43
      50
      60
      72
      58
      59
      52
      53
      55
      63
      54
      50
      56
      49
      60
      61
      62
      58
      57
      56
      55
      58
      43
      69
      62
      72
      62
      68
      61
      50
      56
      64
      62
      64
      60
      65
      45
      54
      50
      57
      60
      71
      59
      55
      60
      62
      50
      53
      46
      61
      60
      58
      58
      64
      53
      62
      70
      61
      55
      51
      69
      58
      57
      56
      64
      53
      49
      55
      55
      70
      48
      64
      54
      64
      54
      48
      47
      62
      58
      64
      60
      62
      60
      74
      64
      45
      63
      66
      60
      59
      47
      63
      54
      57
      68
      68
      64
      50
      67
      54
      72
      59
      66
      69
      52
      67
      79
      47
      53
      55
      75
      66
      61
      61
      53
      60
      51
      51
      53
      62
      68
      61
      54
      56
      82
      64
      59
      68
      64
      60
      64
      53
      54
      60
      62
      53
      70
      49
      63
      61
      54
      58
      57
      50
      58
      70
      57
      52
      76
      55
      59
      59
      58
      52
      58
      70
      62
      60
      60
      65
      76
      50
      56
      51
      69
      64
      55
      60
      64
      57
      58
      54
      67
      59
      66
      48
      69
      65
      55
      44
      58
      69
      48
      65
      63
      64
      79
      68
      57
      70
      49
      60
      61
      66
      77
      57
      64
      57
      47
      68
      64
      70
      57
      70
      49
      70
      63
      50
      73
      52
      38
      57
      54
      64
      62
      60
      50
      65
      69
      67
      56
      65
      66
      62
      50
      55
      67
      77
      60
      74
      61
      75
      60
      51
      76
      59
      63
      66
      51
      53
      66
      48
      71
      64
      53
      53
      74
      64
      82
      67
      57
      57
      60
      73
      71
      67
      60
      66
      73
      72
      69
      89
      60
      77
      58
      70
      59
      75
      72
      58
      44
      61
      62
      68
      75
      59
      56
      56
      79
      74
      62
      66
      72
      64
      76
      77
      58
      79
      69
      70
      74
      90
      51
      68
      67
      63
      78
      61
      75
      61
      69
      58
      70
      85
      72
      67
      53
      64
      62
      65
      76
      71
      66
      74
      56
      81
      52
      62
      59
      56
      76
      67
      58
      67
      55
      69
      79
      68
      81
      63
      79
      56
      71
      67
      69
      54
      61
      78
      55
      68
      63
      77
      68
      70
      65
      58
      75
      76
      60
      59
      63
      52
      65
      56
      74
      70
      67
      74
      70
      73
      80
      73
      76
      68
      60
      81
      80
      64
      74
      81
      78
      71
      61
      57
      67
      77
      76
      61
      67
      70
      71
      54
      72
      68
      80
      65
      74
      69
      48
      66
      70
      85
      70
      68
      70
      72
      57
      74
      79
      69
      67
      79
      67
      75
      85
      67
      68
      64
      69
      59
      57
      64
      59
      63
      68
      78
      86
      73
      67
      80
      56
      65
      56
      63
      80
      68
      70
      77
      67
      60
      68
      77
      72
      66
      65
      72
      67
      68
      81
      60
      67
      63
      64
      65
      76
      71
      64
      59
      77
      68
      72
      73
      62
      57
      66
      69
      67
      89
      81
      84
      81
      54
      64
      67
      71
      65
      79
      77
      75
      82
      75
      69
      76
      67
      63
      67
      60
      60
      66
      86
      67
      90
      67
      88
      63
      48
      65
      68
      60
      74
      69
      63
      64
      74
      59
      70
      56
      79
      69
      81
      69
      88
      60
      75
      63
      73
      82
      58
      65
      69
      67
      65
      75
      53
      65
      77
      60
      53
      62
      64
      64
      54
      77
      69
      69
      65
      69
      51
      55
      68
      65
      46
      67
      55
      61
      61
      72
      54
      51
      55
      59
      53
      49
      63
      57
      39
      60
      64
      50
      48
      62
      51
      45
      58
      53
      55
      50
      60
      50
      57
      51
      55
      48
      52
      51
      51
      38
      45
      49
      50
      42
      61
      57
      45
      45
      43
      40
      52
      47
      45
      36
      52
      52
      56
      47
      44
      43
      56
      47
      48
      56
      38
      54
      55
      49
      50
      36
      43
      41
      51
      50
      31
      28
      34
      52
      53
      49
      58
      41
      42
      35
      34
      33
      32
      51
      41
      41
      47
      45
      47
      43
      38
      47
      36
      41
      34
      47
      50
      41
      48
      38
      42
      55
      32
      45
      46
      47
      46
      50
      30
      42
      46
      60
      44
      46
      39
      33
      36
      28
      29
      47
      43
      42
      40
      34
      41
      39
      42
      38
      28
      27
      46
      39
      38
      42
      36
      28
      40
      40
      48
      35
      34
      40
      41
      26
      38
      40
      35
      42
      40
      35
      28
      37
      44
      42
      39
      41
      30
      32
      39
      30
      34
      30
      28
      37
      35
      33
      45
      27
      41
      41
      38
      37
      44
      30
      32
      30
      44
      38
      39
      40
      31
      48
      33
      35
      26
      37
      38
      29
      42
      45
      41
      29
      38
      42
      31
      40
      31
      25
      42
      42
      30
      26
      33
      38
      33
      45
      36
      27
      32
      38
      35
      24
      30
      34
      26
      25
      46
      28
      41
      29
      40
      29
      26
      34
      30
      31
      38
      32
      36
      35
      33
      24
      37
      42
      30
      29
      27
      28
      33
      35
      33
      35
      24
      41
      34
      35
      34
      18
      40
      42
      38
      34
      30
      30
      29
      23
      36
      26
      26
      32
      42
      33
      35
      25
      28
      39
      36
      26
      33
      22
      27
      34
      34
      32
      34
      31
      36
      27
      39
      35
      32
      31
      27
      30
      34
      24
      34
      38
      44
      33
      27
      39
      26
      26
      38
      53
      38
      34
      41
      34
      31
      30
      33
      27
      34
      26
      37
      28
      26
      27
      32
      33
      27
      41
      25
      32
      39
      17
      27
      26
      30
      26
      40
      35
      27
      27
      31
      32
      27
      22
      37
      27
      27
      38
      32
      31
      22
      35
      27
      26
      29
      23
      30
      24
      31
      34
      20
      28
      40
      26
      24
      26
      40
      26
      35
      26
      25
      25
      30
      31
      28
      21
      35
      38
      20
      21
      24
      22
      25
      33
      25
      19
      28
      25
      21
      30
      29
      30
      39
      22
      31
      34
      27
      22
      30
      33
      27
      27
      28
      26
      29
      29
      18
      26
      26
      31
      32
      32
      31
      34
      29
      32
      32
      27
      23
      26
      27
      28
      35
      23
      21
      33
      34
      34
      36
      26
      19
      24
      27
      24
      36
      30
      27
      40
      30
      32
      27
      29
      21
      19
      25
      30
      28
      20
      39
      22
      26
      35
      31
      21
      21
      19
      21
      24
      22
      34
      33
      30
      24
      34
      27
      28
      19
      26
      36
      27
      24
      24
      25
      22
      28
      15
      17
      18
      17
      15
      26
      25
      27
      23
      28
      26
      25
      27
      23
      19
      25
      34
      24
      45
      24
      24
      34
      23
      24
      29
      31
      26
      22
      28
      28
      20
      23
      21
      28
      22
      28
      28
      20
      31
      24
      24
      23
      24
      23
      26
      21
      14
      28
      23
      28
      31
      26
      27
      24
      23
      27
      29
      28
      21
      15
      21
      23
      29
      27
      24
      18
      24
      20
      28
      13
      25
      21
      27
      27
      19
      18
      19
      33
      16
      25
      18
      25
      23
      21
      15
      22
      18
      21
      26
      21
      25
      31
      26
      21
      22
      17
      33
      17
      21
      24
      25
      24
      18
      17
      19
      26
      24
      20
      23
      22
      18
      19
      18
      15
      20
      22
      16
      26
      20
      16
      24
      22
      18
      27
      16
      18
      16
      19
      24
      20
      24
      21
      28
      23
      18
      18
      17
      18
      18
      23
      18
      18
      23
      20
      21
      32
      26
      20
      17
      15
      17
      21
      26
      21
      18
      18
      23
      35
      16
      18
      23
      13
      24
      24
      14
      21
      19
      13
      20
       8
      24
      26
      28
      19
      17
      23
      16
      24
      17
      16
      17
      25
      15
      24
      19
      22
      21
      21
      26
      15
      23
      25
      16
      15
      16
      13
      19
      18
      16
      22
      23
      13
      11
      21
      24
      21
      23
      19
      21
      18
      22
      12
      21
      18
      23
      20
      24
      23
      24
      17
      25
      29
      15
      20
      12
      19
      14
      17
      19
      19
      29
      18
      19
      22
      15
      17
      10
      21
      20
      14
      23
      16
      18
      11
      24
      22
      20
      21
      23
      22
      14
      15
      20
      26
      21
      25
      21
      16
      20
      17
      17
      27
      18
      12
      22
      12
      25
      12
      16
      31
      18
      23
      12
      16
      16
      15
      19
      14
      14
      13
      17
      10
      16
      19
      17
      14
      23
      15
      15
      15
      20
      13
      15
      23
      15
      23
      17
      14
      13
      17
      22
      21
      16
      15
      12
      11
      15
      21
      14
      21
      19
      18
      18
      22
      14
      12
      17
      24
      14
      16
      10
      16
      21
      21
      30
      10
      18
      21
      17
      22
      16
      19
      25
      17
      15
      25
      21
      20
      15
      14
      17
      24
      11
      18
      23
      12
      16
      15
      15
      17
      11
      22
      15
      17
      20
      18
      21
      21
      13
      27
      21
       8
      23
      19
      23
      15
      14
      16
      14
      12
      19
      22
      19
      28
      19
      12
      12
      18
      19
      20
      21
      21
      19
      10
      12
      21
      20
      19
      18
      19
      22
      14
      20
      17
      18
      17
      22
      18
      12
      13
      19
      13
      18
      16
      20
      20
       6
      10
      15
      14
      13
      16
      17
      15
      18
      14
      18
      15
      16
      17
      22
      19
      16
      15
      23
      14
      11
      19
      15
      13
      14
      24
      14
      18
      11
      17
      12
       8
      25
      19
      23
      20
      15
      16
      14
      14
      20
      17
      22
      20
      14
      22
      14
      15
      23
      13
      19
      11
      18
      12
      18
       8
      16
      17
      13
      15
      22
      20
      24
      11
      21
      15
      23
      24
       9
      19
      14
      18
      22
      19
      21
      21
      14
      17
      20
      19
      17
      13
      13
       9
       9
      17
      18
      16
      13
      22
      14
      12
      17
      17
      19
      26
      17
      26
      18
      22
      10
      14
      15
      10
      25
      20
      16
      13
      14
      24
      14
       7
      17
      22
      14
      14
      16
      14
      18
      13
      13
      16
      19
      11
      20
      10
      26
      19
      14
      19
      17
      12
      13
      17
      21
      21
      16
      12
      14
      16
      12
      12
      26
      18
      13
      19
      14
      18
      13
      19
      20
      17
      19
      11
      16
      23
      25
      13
      17
      12
      13
      16
      16
      19
      15
      19
      16
      12
      18
      17
      12
      17
      17
      19
      12
      14
      16
      12
      13
      17
      14
      18
      18
      13
      15
      14
      13
      19
      18
      18
      15
      16
      20
      23
      15
      19
      21
      10
      16
      19
      17
      16
      12
      13
      19
      12
      19
      10
      18
      16
       8
      13
      25
      16
      20
      17
      19
      16
      28
      20
      18
      11
      14
      11
      11
       8
      22
       7
      14
      16
      12
      17
      10
      19
      14
      15
      22
      16
      16
      12
      18
      11
      17
      17
      23
      19
      20
      10
      13
      26
      18
      16
      19
      20
      11
       9
      14
      15
      13
      17
      17
      14
      15
      13
      16
      11
      20
      11
      20
      19
      12
      13
      12
      20
      11
      20
      10
      13
      16
      18
      16
      15
      18
      15
      20
      14
      12
      17
      12
      15
      21
      10
      13
      12
      13
      19
      14
      13
      13
      18
      10
      17
      15
      19
      23
      15
      21
      18
      15
      18
      19
       6
      28
      25
      14
      14
      19
      13
      12
      19
      16
      14
      16
      17
      13
      13
      12
      15
      10
      16
      19
      20
      11
      10
      10
      16
      23
      17
      22
      20
      19
      22
      13
      11
      10
      16
      21
      15
      24
      21
      12
      15
      20
      17
      11
      17
      15
      16
      25
      13
      11
      18
      10
       9
      18
      16
      17
      14
      11
      14
      14
      13
      16
       8
      19
      20
      15
      16
      13
      14
      17
      11
      12
      20
      14
      14
      17
      19
      15
      12
      19
      13
      12
       4
      10
      18
      10
      12
      14
      12
      16
      13
      13
      12
      15
      20
      11
      15
      17
      12
      14
      12
      16
      12
      28
      18
      22
      20
       9
      14
      14
      15
      19
      17
      20
      15
      12
      14
      16
      22
      14
      15
       9
      16
      17
      11
      15
      10
      22
      16
      17
      22
      13
      19
      16
      11
      13
      16
      11
      18
      25
      16
      13
      15
      14
      14
      14
      14
      12
      12
      19
      15
      11
      13
      14
      17
      17
      15
      13
      18
      21
      12
      10
      12
      15
      15
      15
      21
      13
      25
      22
      10
      17
      11
      13
      18
      14
      13
      18
      10
      17
      12
      11
      16
      10
       9
      16
      18
      12
      18
      16
      10
      17
      14
      19
      17
      14
       9
      13
      16
      10
      21
       7
      11
       7
      21
      12
      11
      18
      19
      19
      10
      14
      11
      17
      14
      20
       9
      14
      16
      14
      21
       9
      15
      16
      10
       9
      15
      11
      16
      13
      14
      11
      20
      14
      15
      14
      11
       9
      19
      13
      11
      13
      12
      16
      13
      13
      10
      12
      15
       9
      19
      15
      14
      15
      13
      12
       9
      14
      15
      15
      19
       8
      16
      15
      11
      18
      14
      14
       9
      16
      18
      18
      15
      13
      13
      12
      14
      17
      15
      17
      17
      16
      12
      15
      13
      13
      14
      16
      10
      13
      11
      14
      10
      14
      14
      13
      11
      13
      13
      15
      20
      18
      14
      13
      11
      19
      15
      11
       9
      16
      11
      13
      19
      13
      18
      12
      14
      16
      18
      15
      23
      16
      20
       9
      17
      13
      16
      10
      15
      12
      11
      16
      16
      21
      11
      19
      23
      15
      16
      17
      24
      21
      11
      20
      16
      28
      20
      26
      17
      20
      22
      26
      21
      19
      34
      33
      34
      40
      29
      32
      40
      44
      42
      40
      56
      56
      44
      58
      50
      60
      74
      67
      65
      72
      92
      71
      73
      88
      86
      93
      82
     101
      79
      91
     123
     105
     115
     145
     145
     176
     149
     159
     199
     195
     207
     221
     198
     257
     263
     272
     275
     316
     356
     403
     409
     422
     455
     480
     495
     552
     583
     597
     704
     675
     712
     720
     749
     846
     824
     885
     841
     858
     860
     945
     965
     991
    1019
    1044
     999
    1030
    1031
    1003
     956
    1011
    1063
    1023
    1030
    1004
    1003
     951
     899
     929
     924
     876
     883
     849
     805
     773
     746
     783
     730
     661
     636
     601
     559
     547
     546
     481
     491
     471
     457
     404
     418
     361
     327
     325
     289
     289
     291
     218
     215
     212
     176
     158
     173
     150
     155
     133
     129
     111
     107
     108
      92
      73
      73
      61
      60
      63
      63
      53
      55
      56
      60
      39
      44
      33
      27
      30
      22
      31
      31
      28
      28
      16
      25
      15
      10
      16
      15
      10
      19
      12
      12
      14
       8
       6
      17
       9
       5
      11
      12
      12
       8
      13
      10
      10
      10
       9
       5
       8
       8
       7
      12
       5
      13
       9
       7
       7
       8
       7
      10
       8
       8
       4
       3
       8
       7
       7
       5
      15
       5
       8
      12
       6
       9
       4
       8
       8
       8
       8
       8
       8
       2
       9
      10
      11
      11
       5
      12
       5
       5
       6
      11
      14
       4
       4
      11
       7
       3
      11
      14
       9
       5
       6
      10
       7
       4
      16
       7
       6
       5
       5
      14
       7
       6
       8
      11
      10
       7
       9
       6
       6
       5
       3
      10
       4
       7
       9
      10
       6
       4
       8
       5
       5
      11
       8
       6
      10
       5
       6
      10
      10
       4
       6
       8
      10
       6
       3
       5
       9
      13
       3
       6
       8
       5
       8
      10
       9
       7
       6
       8
       8
      10
      11
       8
       7
      10
       6
      11
       7
       5
       6
       7
       6
       7
      10
       7
       5
       4
       7
      11
       9
       2
       5
      13
       5
       6
       7
       5
       5
       8
       8
       8
       6
       8
      10
       8
       8
       7
       5
       8
       5
       6
      12
       6
       7
      12
       5
       7
       6
       3
       8
       9
      11
       9
       7
       6
       8
       4
       8
      14
       9
       2
       6
       5
       6
      11
       7
       7
       5
       5
       5
      13
       8
      11
       8
      10
      12
       6
       5
       7
       3
       7
      14
       9
       8
       4
      13
      11
      12
      14
      10
       7
       5
       7
       6
      10
       8
       5
       5
       9
       8
       6
      10
       5
       8
      10
       7
       5
       8
       7
       9
       7
       9
      15
       5
      14
       7
       4
       5
       8
       8
       8
       5
      13
       7
       4
       7
       7
       6
      11
       9
       6
       6
       6
      11
      10
       8
       7
      16
       7
      11
       8
       8
       6
       9
       6
       4
       8
      10
       3
       2
       4
       9
       7
       6
       9
      10
       5
       5
       4
       6
       9
       9
       6
      10
       4
       8
      11
      10
       5
       7
       5
       8
      12
       7
      10
       6
      10
       6
      12
       5
       8
       6
      11
       8
       3
       7
       8
       7
       8
       8
       7
       4
      10
       9
       5
       5
       6
      14
       6
       9
       9
      12
       7
       6
      11
       9
       7
       6
       9
       7
       5
       8
      11
       9
      10
      13
       9
       4
       8
      10
       8
      11
       3
       2
       6
      10
       6
       8
      10
      10
       8
       5
       4
       9
       6
       7
       8
       5
       9
       5
      11
       5
       8
       9
       9
       5
       3
       3
       6
       4
       7
       4
       7
       8
       9
       4
       5
      15
       9
       3
      12
       5
       8
       7
       9
       4
       9
       2
      10
       7
       6
       9
       6
       6
       5
       9
      10
       3
       8
       9
       8
       9
      12
       7
       5
       9
       7
       4
       7
       9
       9
       7
      14
       3
       9
      11
       7
       7
       8
       4
       5
       9
      11
       4
       9
       6
       9
      11
       4
       6
      12
       6
      11
       3
       7
       8
      11
       6
       9
       9
       5
       8
       5
       5
       8
      14
       9
       9
      10
      10
       5
       5
       6
       4
       7
       4
       8
       4
       7
       4
       4
       7
       4
       5
       4
       5
       3
       7
       2
       4
       7
       7
       7
       6
       6
       8
       8
       4
       9
      14
       9
       4
      11
       9
       6
      11
       7
       9
       9
       6
       3
       4
       9
       3
       8
      15
       6
       5
       8
      14
       6
       3
       9
       6
       9
       2
       4
       3
       4
       6
       8
      12
       4
      11
       3
      14
       7
       4
       9
       5
       6
       8
       2
       4
       6
       5
      10
       4
       7
       8
       6
      10
       3
       6
      11
       9
      14
      12
       6
       8
       9
       9
       8
      10
       9
       6
      12
       4
       6
       3
      11
       7
       4
       2
       9
       9
       8
      14
       6
       8
       9
       8
       8
       3
       5
       7
       7
       9
      10
       3
       7
      12
       7
       9
      11
       4
       5
       7
       7
       8
       5
       5
       5
       4
       9
       5
       4
       7
       8
       8
       4
      10
      11
       7
      10
       6
       1
       8
      10
       8
       3
       7
       7
       4
       9
       7
       8
       6
      12
       7
       6
       7
       5
      12
       3
       7
       7
      12
       6
       7
      11
       6
       2
       5
      12
       6
       5
       7
      10
       7
       3
       8
       7
       4
       4
       6
       7
      10
       2
       9
       9
       5
       8
       5
       8
       8
      10
       6
       4
       8
       7
      11
       8
       6
       7
       5
      12
       9
       2
      13
       8
       6
      10
       6
       1
       5
       4
       6
       7
      12
      15
       8
       6
      10
      12
       7
      10
       5
       7
      11
       9
       6
       4
       6
       8
      10
       9
      11
      12
       4
       7
       8
       5
       5
       5
       6
       5
       9
       5
       6
       5
       9
      10
       4
       6
       9
       9
      12
       3
       3
       5
       7
      10
       5
      12
       9
      10
       6
       6
       4
       8
       6
       6
       8
       2
       2
       6
       7
       9
       9
       7
      11
       5
       4
       5
       5
       7
       6
       9
       5
       8
       8
       2
       8
       6
       4
       8
       7
       5
       6
       6
       7
       9
      10
       8
      17
      12
       6
       7
       7
       3
       4
       7
       6
       7
       9
       3
       7
      11
       8
       6
       3
       9
       8
       7
       5
       9
       3
      14
       4
       3
       5
       8
       5
       3
      16
       6
       2
       9
       9
       4
      10
       2
       4
       5
       7
       7
      11
       6
      12
       8
      10
       8
       9
       6
       5
       8
       7
       6
       9
      11
       3
      12
       8
      13
      15
      10
       7
       7
       9
       2
       7
       4
       6
       5
      11
       3
      11
       9
       7
      15
       7
       8
      10
       7
       8
       6
      12
      10
      11
       6
       7
       8
       9
       7
       9
       6
      10
       6
       8
      10
      11
       6
       7
       9
       2
       4
      11
       7
       8
       5
      10
       5
       8
       7
       8
       9
       9
      12
       9
       7
       7
      11
       3
       5
       8
       3
      12
       5
       3
       7
      14
       5
       6
      10
       3
       8
      10
      10
       2
       5
       7
       7
       5
       6
      10
       3
       9
      11
       6
       6
       4
       6
      12
       3
      12
       3
       5
       6
       8
       7
       8
       9
       9
       7
      10
       9
      11
       8
       5
       7
       6
       8
       8
       7
       7
       5
       4
       7
       6
       4
       3
       8
       5
       3
       6
      10
       9
      10
      11
       9
       5
       4
       4
       3
      11
       9
       7
      13
       8
       9
      15
       7
      12
       7
       5
       6
       4
       2
      12
       2
       7
       7
       5
      10
      10
       5
       3
      16
       7
       6
       6
      11
       6
       4
       4
       8
      10
      10
      15
       9
       7
      15
       7
       9
       5
       7
      10
       5
       5
       4
       2
      10
       9
       5
       7
       6
       9
       3
      10
       9
       9
       5
       7
       6
      17
       4
       3
      10
       5
       8
       6
       4
       8
       4
       9
       4
      10
       7
       6
       6
       5
       9
       6
       7
      11
       3
       8
       5
       3
       6
       5
       2
       8
       8
       9
       4
       8
       4
      10
      10
       6
       9
       7
       4
       2
       9
      12
      12
       6
       6
       6
       8
       7
       7
       9
       6
       4
       9
       8
       8
       5
       4
       7
       7
       8
       6
      12
       7
       4
       8
       8
       8
       5
       5
       5
      10
       9
      13
       9
       9
       3
       8
       8
       7
       7
      11
       7
       9
       3
      10
       9
      10
       8
       8
      11
       6
       7
      12
       9
       8
       2
      10
      11
       8
       6
       3
       5
      12
       5
       4
       6
       8
       9
       9
       8
       6
      10
       2
       7
      10
       5
       3
       8
      12
       8
      11
       8
       3
       4
       3
      10
       7
       6
       8
      10
       9
       7
       6
       6
       8
       7
       4
       5
       6
       8
       6
       8
      10
       7
       8
      10
      10
       5
       8
       7
       3
       5
      12
       4
       7
       9
       9
       7
       9
      10
       9
      12
       6
      10
      11
       9
       7
       5
       8
       4
       8
      10
       9
       9
       8
       6
       6
       6
      10
       6
       6
       8
       2
       5
       8
       3
       5
       7
       7
      12
       4
       2
       8
       5
       6
       5
       6
       4
       9
       6
       8
       9
       5
       6
       8
       6
       7
      13
       5
       8
       7
       2
      10
       7
       9
       2
      10
      12
       6
      13
       7
       5
       7
       8
      12
       8
       3
       6
       6
       7
       4
       5
       9
       9
       4
      12
       8
      11
      11
       5
      10
       7
       8
       6
       4
       8
       4
       5
       2
       9
       7
       9
       5
       7
       3
       6
       6
       5
       4
       3
      10
       5
       4
      13
       9
      10
       4
       6
       5
       5
       5
       4
       8
       9
      10
       6
       4
       6
       8
      11
       2
       5
       4
       4
       7
       7
       4
      10
       5
       9
       7
       5
       7
       4
      12
       3
       9
       9
       4
       2
      15
       7
       7
       8
       8
       8
       5
       7
       7
       8
       2
       3
      10
       7
      10
       3
       5
       6
       8
       9
       2
       7
      11
       6
       5
       8
       4
       9
       9
       3
       7
      13
      12
       9
       6
       4
       7
       5
       4
       6
       6
       9
       6
       5
       7
       7
       5
       7
       8
       4
       3
       8
       8
       8
       5
       5
       6
       7
       5
       7
       6
       3
       7
      11
       8
       8
       6
       9
       5
       9
       9
       6
       3
       6
       7
       8
      14
       6
      11
       4
       9
       6
       7
       1
       7
       3
       7
       6
       4
       9
       6
       8
       5
      10
       8
       3
       6
      11
       4
       4
       5
       7
       5
       8
       7
       6
       8
       8
       1
      11
      11
       7
       6
       5
       7
       4
       4
       3
       6
       3
       9
       4
       7
      11
       0
       8
      10
       5
       3
       8
       6
       9
       6
      11
       5
      12
       8
       7
       5
       7
      10
       5
       6
       2
       3
       2
       5
       8
       8
       5
       8
       6
      10
       5
       8
       6
      10
       8
       6
      11
       8
       5
       7
       7
      12
       1
      11
       6
       7
       6
       7
      12
       5
       8
       7
       4
       6
       7
       8
       7
       5
       8
       8
       6
       8
       4
       5
      11
       9
       5
      16
       1
       7
       6
       3
       6
       6
       6
       4
       7
      11
      10
       8
      13
       7
       7
       6
       7
       6
      11
       5
       1
      10
       5
       3
       5
       7
      12
       8
       6
       7
       6
      10
       5
       8
       4
       7
      10
       4
       7
       4
       6
       7
       5
       9
       7
      11
      11
       1
      10
       7
       8
       6
       6
       9
       5
       6
       9
       3
       3
      10
       3
       4
       1
       3
       7
       7
       7
       9
      10
       4
       7
       7
       9
       6
       6
       4
       8
       6
       8
       4
       7
       8
       4
       4
       5
       5
       3
       6
       8
      10
       8
       6
       8
       7
       8
       7
       8
       5
       9
       5
       7
       5
       7
       9
       5
       7
       8
       8
       7
       7
      12
      12
       5
       6
       2
       7
       7
       6
      12
       8
      12
      12
      10
       8
       9
       4
       7
       7
       6
       6
       8
       3
       6
       8
       9
       5
       5
       8
       3
       7
       8
       7
       7
       4
       7
      11
       8
       6
       8
       9
      15
       7
       8
      12
       7
       5
       6
       5
       7
      11
       7
       4
      10
      10
       9
       9
       8
       6
       7
      11
      10
      10
       7
       2
       9
       6
      10
       6
       2
      11
       4
       7
       9
       6
      13
       5
       7
       6
       5
       4
       8
       5
      13
       6
       3
       7
       7
      10
       4
       4
       7
      10
       9
       1
      11
       6
       7
       5
       6
       6
      10
       3
       4
      10
       4
       9
       5
       8
       6
      12
       7
       4
       6
       5
      11
       8
       7
       8
       8
       5
       5
       6
      11
       8
      10
      10
       3
       8
       7
       5
       7
       9
       4
       6
       7
       6
       5
       8
       4
       8
      12
       2
       3
       6
       7
       1
       5
       5
      11
      14
       6
       9
       7
       7
      11
       4
      14
       6
       8
       6
       8
       7
       6
       9
       4
       9
       9
       8
       4
       9
       7
      11
       4
       7
      11
       3
       7
       7
       5
       5
       6
       5
       7
       7
       5
       5
       7
       8
       7
       7
       7
       6
       4
       5
       7
       8
       8
       6
       7
       4
       9
       8
       9
       7
       8
       9
       6
       7
       5
       6
      11
       9
      12
       7
      11
       5
       9
       4
       6
       6
      12
       6
       3
       7
       8
      10
       3
       3
       9
      10
       5
       8
       4
       7
       5
      10
       7
       4
      16
       5
       7
       6
       3
       7
       8
       3
       8
      13
       5
       3
       9
       7
      10
      11
       6
       6
      10
       9
       8
       6
       7
       4
       6
       5
       9
       8
       7
       2
       6
       7
       5
       7
       6
      10
       9
       6
       4
       5
       5
       5
       9
      13
       5
       6
       2
      13
       9
      11
       6
       3
       8
       6
      10
       7
       6
       8
       5
       5
       3
       8
      13
       4
       6
       8
       4
      11
       5
       7
       7
       5
       9
       7
       4
       4
      11
       9
      11
       7
       5
      12
       1
       9
       4
       5
      14
       3
       4
       7
       7
       5
       9
       9
       3
       0
       7
      11
       5
      10
       6
       6
       5
       8
       5
       6
      10
      10
      13
       6
      10
      16
       4
       7
       6
      10
       7
       9
       4
       6
       4
      15
       5
      10
       8
       4
      13
       7
       6
       3
      10
       6
       6
       3
      12
       9
       8
      15
       6
       7
       6
       7
       7
       8
       9
       6
       5
       6
      10
       7
      10
      12
       5
       5
       2
       9
       4
       8
       7
       6
       8
      10
       8
       5
       7
      11
       5
       5
      10
       8
       7
       7
       8
      11
       5
       8
      12
       7
       9
       9
       7
       5
       4
       7
       9
       6
       6
       4
      10
       6
       9
       7
       5
       2
       8
       7
       7
       6
       8
       3
       6
       3
       3
      14
       7
       8
       6
       7
       9
      12
       6
       6
       4
       7
       7
       8
       6
      11
       9
       5
       7
       9
       7
       8
       4
       7
       5
       4
       5
       2
      12
      10
       2
       5
       6
       8
       6
       8
      13
       5
       7
       7
      10
       3
      11
       8
       3
       8
       6
       5
       7
       5
       3
       6
       8
       5
       8
       5
       9
      11
       9
       8
       3
       4
      14
       7
      10
       8
       6
       5
       5
      12
       8
       9
       8
       9
       8
       8
      10
       6
       8
       5
       8
      12
       6
       5
       2
       8
       6
       9
       6
      10
       2
       5
       9
       6
       5
      10
       8
       6
       9
      10
       8
       6
       8
       8
       4
       8
       6
       6
       2
       5
       7
       8
       9
      10
      11
       8
       8
       8
       8
       9
       2
       6
       0
       5
       7
       6
       6
      12
      12
       6
       8
       8
       7
       4
      10
       4
       6
       7
       4
       7
      10
      11
      14
       8
       6
       7
       3
       8
       9
       7
       9
      13
       9
       6
       4
       8
       9
      14
       8
       8
      10
       2
       4
       9
      11
       5
       6
      12
       5
       9
       2
       7
      12
       6
      13
       9
       5
      10
       6
       5
       9
       6
      11
       5
       3
       7
       6
      14
       4
      11
      11
       5
       3
       8
       3
       5
       7
       5
      10
       5
       4
      11
       6
       7
       9
       8
       8
       6
       7
       4
      14
       5
       9
       5
       7
      14
       6
       9
       7
       5
       5
      13
       8
       4
       5
      11
       4
       9
       6
       5
      10
       5
      10
      10
       5
      13
       9
       6
       1
       5
       7
      10
       3
       6
       9
       9
       8
       9
       9
       7
      12
      15
       7
       8
       9
      11
       7
      10
      13
      11
       8
       8
       5
      10
       5
       6
       7
       8
       5
       6
      12
       6
       8
      10
       9
       7
       9
       5
       5
       7
       4
      13
       3
       5
       8
       7
       7
       5
       4
       9
       8
       8
      11
       9
       4
       9
       5
       5
       4
       9
       2
       6
      10
       7
       6
       6
       3
       5
       9
       7
       7
       5
       8
       6
      12
       5
       3
       6
       8
       9
       9
       6
       8
       6
       9
       4
       5
       6
      12
      11
      14
       8
       8
       6
       7
       5
       8
       7
       5
       7
      10
      14
       6
       6
      11
       9
       7
       1
       7
      10
      11
       4
       4
       7
       9
       9
      17
       7
      10
       6
       8
       9
       9
       8
       7
       4
      10
       2
      12
       9
       6
       6
       8
       6
       4
       6
      10
       8
       5
       8
      13
      11
      10
      10
       7
      13
      13
      14
       6
      10
       7
       8
       6
       5
       8
      14
       7
       3
       4
       3
       5
      13
       8
       8
       5
       3
       6
       4
       7
       9
       4
       9
       6
       7
       8
       7
       6
       3
       8
       4
       7
      11
       7
       5
       8
      10
       8
       7
       6
       6
       5
       6
       8
       8
       6
      11
       8
       5
       9
       8
       7
       8
      10
       6
      13
       6
       7
      10
       5
       8
      10
       3
      12
       7
       2
       1
       5
       9
       9
       5
       6
       5
       7
       9
       5
      12
       7
       7
       2
       3
       9
      12
       7
       7
       4
       5
      17
       6
      13
      10
       4
      12
       5
       7
      14
       8
      14
       3
       8
      13
       6
       4
      10
       8
       8
       8
       7
       7
      13
       8
      13
      11
      12
       8
       6
       8
       7
       6
       8
       7
       5
      11
      11
      10
       4
       9
      10
      10
       4
       6
       9
      11
       8
       9
       4
       6
       9
       6
       8
       5
       8
      13
       6
       7
      12
       8
       9
       4
       6
       9
       5
       6
       5
       8
      11
      11
       7
      10
       5
      10
       7
       7
      10
       5
      10
       5
       6
       6
       9
       5
       6
      12
       7
       7
      10
       9
       6
       6
       6
       4
       2
       9
      12
       9
       9
       5
       6
       9
       9
       6
       6
      11
       9
       9
      13
       9
       8
       4
       8
      12
       7
       9
       5
       8
       8
      11
      13
       9
      12
       9
       6
       6
       5
       8
       6
      10
       8
       6
       5
       7
       8
       5
      13
      11
       7
       7
       4
       7
      11
       6
       7
       3
       9
       9
       4
      11
       7
       4
       6
       8
       9
       7
       8
       5
      15
       8
       9
       5
       5
       8
       8
       4
      11
      10
       8
       7
       6
      10
       6
       7
       9
       5
      10
       2
      10
       7
      14
       4
       7
       9
       7
       7
       8
       7
       5
       8
       7
       6
       7
       5
      10
      17
       5
       3
      11
       6
       8
      14
      12
       5
      12
      11
       7
       6
       8
      10
       7
       3
      11
      12
      13
       7
       4
       7
       8
      11
      12
       8
       9
       8
       4
       7
      11
      11
      12
       9
       7
       9
       7
       6
      11
       4
       5
       5
       7
      11
      12
       6
       7
      10
       6
      10
       6
      10
      11
      12
      10
       6
      12
       5
      13
       9
       9
      15
       9
       4
       8
       6
       6
       8
       8
       9
       7
       5
       8
       7
       9
      11
       5
       7
       8
       7
      14
       9
       7
       5
       4
       7
      12
       9
      14
       2
       8
       7
       5
       8
       4
      10
      11
      14
       6
       5
       4
       7
       3
      10
      10
       9
      10
       8
       8
       8
      12
       9
       5
       5
       6
      14
       9
       6
       3
       8
       6
      12
      12
      10
       4
       5
      15
       9
      15
      10
      10
       5
      10
      11
       8
       8
       8
       6
       7
       8
      14
      11
      11
       5
       4
       8
       8
      10
       5
       4
       6
       7
       5
       5
       5
      10
       9
      15
       7
       4
       9
       7
       3
       8
      14
       5
       6
      10
       6
       6
       6
       7
       7
       4
      10
       8
       7
       8
      11
      12
       3
       7
       5
       6
       7
       3
       9
       9
       6
       3
       8
      12
      13
      11
       9
       6
       7
       8
       6
       7
       7
       7
       2
       7
       8
       8
       6
       6
      13
       7
       7
       4
       8
      10
      14
      11
      11
       4
      10
       6
       7
       5
       9
      12
       7
       5
       9
       8
       7
       9
       8
       6
       9
       6
       4
       8
       9
       8
       8
      13
      10
      11
       7
      10
       6
       7
       7
       8
      11
       4
      12
      12
      12
       7
       9
       8
       8
      11
       5
      10
      10
       9
      13
       9
       5
       4
       6
       9
       8
       6
       7
       8
      12
       4
      12
       8
       5
      13
       7
       7
       8
      11
       5
      12
       6
       9
      10
      14
       6
       9
       8
       6
       7
       3
       9
       7
       9
       9
      12
      11
       7
       7
       4
       7
       5
       4
      10
       5
       9
       8
       9
       4
       8
       9
       6
      10
       6
       7
      12
      13
      11
       6
       7
       8
       9
      11
      15
       3
       6
       9
       3
       4
       8
       7
       5
       8
      10
       6
       8
       5
       5
      12
      12
       8
       9
       8
       3
       8
       6
       6
       8
       5
      10
       6
       8
       6
       8
       4
       3
       7
       8
       7
       8
       4
       6
       5
      11
       6
      10
       7
       7
       9
       8
      11
      13
      10
      16
      11
       5
       9
       6
       5
      12
      10
       4
       9
      10
       5
       3
      12
      10
       7
       9
      11
       4
       4
       5
       4
       7
       7
       9
       6
       3
       3
       4
      12
      10
       6
       5
       8
       4
       4
       7
       5
      10
       8
      10
      10
       8
       8
       8
       8
      10
       8
       8
       6
       7
       6
       6
       7
      10
      11
       6
       4
       7
      10
       9
       8
     124
     258
     213
     232
     213
     283
     231
     244
     215
     246
     252
     226
     248
     230
     210
     221
     233
     231
     200
     225
     223
     221
     224
     227
     228
     239
     238
     262
     244
     197
     231
     218
     243
     244
     226
     227
     225
     216
     219
     228
     251
     238
     226
     221
     237
     242
     201
     221
     229
     221
     247
     251
     215
     208
     235
     242
     216
     248
     246
     210
     206
     225
     226
     241
     221
     222
     197
     203
     219
     229
     228
     213
     240
     207
     249
     234
     221
     211
     217
     231
     204
     222
     224
     202
     220
     227
     240
     235
     223
     234
     209
     238
     189
     219
     233
     233
     221
     213
     215
     219
     221
     238
     222
     246
     227
     216
     229
     237
     221
     250
     208
     228
     211
     219
     209
     181
     228
     233
     236
     235
     195
     228
     205
     215
     213
     228
     221
     230
     231
     224
     245
     240
     229
     227
     244
     230
     219
     218
     239
     240
     193
     228
     237
     211
     221
     226
     199
     205
     234
     207
     258
     228
     217
     241
     215
     213
     235
     215
     235
     220
     206
     218
     229
     226
     220
     227
     223
     227
     198
     190
     213
     219
     182
     199
     207
     229
     208
     197
     223
     232
     213
     186
     213
     251
     104
$ROI:
5
349 399
960 988
992 1050
1491 1501
5157 5169
$PRESETS:
None
0
0
$ENER_FIT:
0.000000 0.107033
$MCA_CAL:
3
0.000000E+000 1.070331E-001 0.000000E+000 keV
$SHAPE_CAL:
3
0.000000E+000 0.000000E+000 0.000000E+000
