$SPEC_ID:
23cm counts
$SPEC_REM:
DET# 1
DETDESC# DLAB-PHY-L3-49 926 Right
AP# Maestro Version 7.01
$DATE_MEA:
10/25/2024 16:05:58
$MEAS_TIM:
589 764
$DATA:
0 8191
       0
       0
       0
       0
       0
       0
       0
       0
       0
       0
       0
       0
       0
       0
       0
       0
       0
       0
       0
       0
       0
       0
       2
       5
      11
      17
      25
      46
      45
      51
      83
      76
     105
     180
     602
    2326
    5835
   10310
   14277
   16301
   17106
   16660
   15150
   13346
   11235
    9442
    7910
    6773
    5636
    4886
    4049
    3521
    2950
    2520
    2118
    1857
    1493
    1332
    1117
     996
     846
     714
     606
     560
     478
     435
     373
     353
     333
     272
     195
     203
     216
     171
     142
     138
     138
     123
     118
     105
     114
     103
      98
      91
      95
      78
      88
      87
      76
      72
      89
      64
      68
      70
      61
      70
      63
      58
      59
      75
      68
      75
      63
      60
      54
      58
      64
      55
      71
      60
      60
      62
      55
      64
      54
      61
      47
      64
      66
      77
      62
      59
      65
      55
      76
      61
      58
      52
      46
      48
      46
      46
      42
      56
      58
      60
      42
      54
      56
      45
      51
      62
      54
      43
      54
      58
      58
      57
      57
      58
      59
      48
      58
      54
      47
      57
      51
      52
      54
      42
      39
      55
      60
      52
      48
      48
      55
      75
      57
      35
      46
      56
      56
      54
      51
      47
      52
      60
      55
      37
      56
      56
      51
      46
      49
      64
      63
      47
      48
      48
      47
      61
      60
      51
      37
      40
      59
      42
      42
      52
      45
      50
      61
      55
      47
      47
      52
      57
      44
      52
      42
      45
      46
      44
      43
      41
      46
      47
      43
      45
      61
      46
      44
      65
      46
      46
      46
      52
      43
      41
      44
      59
      44
      45
      54
      39
      44
      51
      46
      43
      54
      49
      51
      50
      43
      52
      58
      61
      49
      52
      45
      29
      54
      56
      40
      50
      56
      46
      48
      36
      41
      48
      48
      50
      49
      46
      52
      61
      39
      55
      45
      61
      42
      48
      53
      55
      43
      41
      53
      44
      51
      49
      47
      60
      42
      48
      44
      52
      58
      49
      44
      37
      44
      47
      54
      50
      45
      43
      50
      48
      43
      39
      52
      54
      44
      50
      50
      43
      41
      44
      42
      49
      50
      60
      47
      46
      47
      30
      47
      53
      38
      39
      45
      47
      49
      47
      40
      50
      46
      47
      59
      40
      31
      42
      45
      43
      53
      40
      54
      44
      56
      55
      45
      55
      34
      45
      37
      45
      44
      48
      38
      41
      56
      51
      54
      40
      32
      45
      46
      43
      44
      44
      39
      35
      43
      50
      43
      32
      42
      49
      49
      51
      40
      47
      45
      38
      39
      60
      35
      52
      37
      44
      41
      50
      51
      45
      47
      40
      35
      37
      52
      40
      45
      48
      49
      49
      46
      26
      42
      51
      45
      46
      48
      45
      30
      41
      45
      38
      52
      44
      46
      56
      37
      36
      52
      36
      45
      50
      48
      41
      40
      45
      42
      37
      44
      40
      43
      42
      54
      35
      40
      46
      48
      37
      50
      46
      43
      42
      41
      36
      38
      46
      33
      30
      36
      42
      42
      33
      43
      40
      44
      42
      42
      46
      49
      39
      47
      48
      50
      48
      42
      35
      49
      42
      43
      36
      38
      34
      43
      40
      49
      43
      44
      42
      55
      54
      36
      54
      44
      32
      44
      39
      37
      39
      31
      54
      39
      38
      53
      40
      49
      35
      41
      43
      32
      59
      38
      38
      41
      35
      40
      37
      50
      56
      49
      47
      38
      40
      44
      35
      51
      41
      36
      40
      33
      50
      50
      38
      32
      44
      45
      40
      44
      32
      41
      53
      41
      36
      42
      45
      39
      34
      34
      41
      56
      45
      44
      42
      36
      37
      42
      53
      48
      42
      51
      43
      49
      43
      33
      52
      41
      49
      36
      47
      43
      32
      43
      27
      43
      53
      55
      38
      40
      48
      36
      42
      40
      35
      50
      41
      30
      53
      42
      36
      40
      50
      47
      48
      42
      48
      36
      50
      30
      48
      44
      47
      36
      43
      68
      48
      39
      45
      57
      47
      53
      43
      58
      51
      31
      37
      52
      43
      33
      57
      37
      49
      49
      44
      44
      44
      48
      40
      46
      57
      36
      46
      40
      54
      48
      58
      56
      57
      52
      49
      52
      57
      40
      50
      53
      45
      40
      43
      66
      55
      50
      52
      55
      54
      56
      58
      56
      56
      52
      57
      58
      50
      64
      51
      69
      62
      63
      56
      82
      73
      68
      61
      56
      66
      67
      60
      56
      54
      63
      78
      56
      59
      54
      54
      54
      63
      57
      54
      46
      53
      44
      54
      51
      71
      68
      50
      57
      51
      45
      46
      51
      57
      52
      40
      47
      39
      57
      48
      44
      46
      45
      47
      53
      40
      50
      43
      40
      39
      34
      38
      45
      36
      39
      45
      54
      39
      52
      50
      50
      33
      47
      46
      49
      35
      36
      36
      36
      48
      38
      56
      37
      44
      31
      46
      53
      46
      44
      58
      35
      49
      63
      37
      37
      50
      52
      37
      47
      46
      63
      34
      54
      56
      57
      54
      49
      46
      50
      43
      53
      47
      48
      55
      55
      73
      52
      61
      46
      47
      41
      47
      43
      54
      58
      42
      52
      47
      55
      49
      50
      44
      47
      59
      42
      40
      56
      53
      48
      50
      40
      46
      46
      44
      45
      55
      46
      51
      52
      45
      45
      41
      43
      48
      36
      38
      39
      41
      39
      48
      51
      34
      40
      51
      42
      48
      35
      46
      49
      47
      31
      46
      47
      41
      44
      41
      40
      31
      41
      38
      48
      36
      42
      46
      47
      37
      35
      35
      34
      33
      36
      40
      44
      49
      41
      46
      41
      34
      51
      40
      45
      40
      41
      42
      44
      39
      46
      49
      33
      45
      47
      32
      39
      31
      35
      48
      32
      44
      42
      51
      56
      42
      40
      51
      39
      40
      48
      39
      36
      37
      37
      36
      41
      22
      45
      42
      31
      35
      39
      44
      36
      42
      24
      39
      41
      44
      44
      43
      36
      33
      42
      41
      41
      36
      40
      36
      37
      29
      41
      38
      38
      56
      46
      37
      26
      30
      41
      40
      35
      46
      40
      42
      49
      42
      41
      42
      48
      31
      37
      37
      32
      34
      35
      36
      40
      40
      44
      41
      35
      35
      35
      36
      39
      43
      36
      45
      40
      32
      34
      37
      38
      37
      30
      35
      30
      44
      36
      33
      48
      39
      38
      26
      43
      42
      47
      31
      40
      41
      48
      35
      36
      31
      49
      44
      58
      48
      36
      40
      50
      44
      39
      43
      44
      53
      46
      36
      32
      38
      36
      54
      31
      38
      41
      35
      34
      43
      40
      29
      31
      36
      32
      40
      32
      32
      35
      37
      43
      40
      26
      34
      34
      42
      34
      33
      41
      35
      47
      38
      35
      34
      38
      35
      40
      28
      41
      44
      49
      42
      37
      33
      47
      31
      43
      38
      37
      33
      40
      27
      37
      48
      47
      37
      43
      31
      39
      42
      48
      43
      36
      28
      41
      47
      36
      37
      34
      49
      35
      39
      44
      32
      35
      42
      44
      39
      45
      32
      36
      30
      28
      44
      43
      32
      36
      30
      52
      46
      28
      36
      49
      33
      32
      46
      34
      40
      39
      46
      46
      40
      40
      31
      35
      40
      36
      33
      38
      37
      34
      38
      39
      41
      35
      33
      32
      41
      36
      33
      39
      34
      32
      38
      34
      47
      28
      41
      39
      46
      41
      23
      26
      43
      40
      34
      35
      38
      40
      32
      39
      50
      36
      32
      33
      44
      28
      33
      41
      45
      40
      31
      47
      33
      46
      45
      40
      41
      35
      36
      45
      42
      36
      45
      46
      45
      41
      38
      41
      44
      29
      40
      41
      33
      37
      39
      31
      39
      43
      40
      36
      40
      29
      39
      34
      50
      35
      27
      39
      34
      35
      38
      40
      38
      38
      35
      28
      46
      35
      50
      45
      39
      34
      33
      39
      36
      49
      34
      38
      50
      36
      32
      42
      29
      32
      36
      34
      38
      33
      36
      30
      37
      32
      37
      41
      47
      40
      38
      43
      37
      33
      46
      33
      41
      45
      44
      44
      48
      31
      42
      41
      32
      31
      33
      31
      27
      50
      38
      31
      26
      37
      51
      34
      32
      41
      36
      42
      33
      32
      40
      33
      43
      39
      35
      33
      41
      44
      39
      47
      48
      29
      43
      33
      38
      41
      34
      33
      31
      28
      35
      37
      43
      33
      37
      40
      49
      27
      36
      34
      48
      48
      36
      38
      39
      40
      42
      41
      56
      38
      36
      27
      21
      35
      41
      45
      32
      38
      49
      30
      37
      35
      41
      42
      45
      36
      48
      50
      38
      41
      41
      32
      44
      37
      30
      30
      37
      44
      43
      38
      38
      35
      39
      42
      46
      40
      37
      45
      41
      32
      32
      45
      41
      37
      39
      36
      42
      30
      36
      36
      37
      29
      41
      44
      33
      40
      39
      40
      42
      46
      39
      29
      31
      31
      38
      36
      40
      32
      39
      41
      43
      43
      61
      26
      38
      38
      42
      36
      31
      23
      28
      36
      39
      37
      35
      57
      49
      49
      35
      37
      35
      37
      30
      27
      34
      28
      40
      35
      40
      42
      36
      25
      31
      45
      36
      45
      28
      29
      38
      50
      41
      39
      37
      40
      48
      44
      35
      39
      44
      28
      46
      36
      39
      29
      32
      32
      32
      42
      26
      23
      49
      31
      30
      50
      42
      44
      37
      33
      37
      30
      36
      42
      38
      42
      33
      28
      47
      30
      26
      33
      42
      38
      30
      40
      41
      41
      46
      44
      40
      50
      33
      37
      38
      35
      36
      46
      40
      33
      44
      43
      39
      43
      39
      30
      33
      38
      43
      29
      42
      37
      40
      26
      25
      48
      46
      31
      37
      45
      46
      42
      36
      40
      26
      41
      37
      33
      32
      40
      29
      37
      34
      50
      43
      40
      40
      46
      32
      32
      30
      34
      36
      33
      37
      35
      30
      31
      38
      40
      41
      46
      48
      39
      45
      35
      44
      32
      26
      30
      36
      41
      45
      37
      32
      35
      45
      37
      43
      34
      42
      40
      46
      43
      38
      39
      38
      48
      40
      49
      38
      45
      31
      45
      33
      31
      32
      47
      51
      32
      44
      37
      33
      32
      39
      40
      52
      51
      40
      35
      38
      51
      44
      44
      32
      26
      44
      37
      58
      43
      38
      33
      55
      32
      46
      35
      36
      40
      33
      38
      52
      39
      38
      35
      38
      37
      39
      31
      29
      30
      41
      36
      44
      47
      43
      39
      33
      35
      35
      48
      50
      66
      42
      43
      41
      44
      42
      40
      34
      39
      39
      39
      36
      32
      46
      36
      36
      47
      41
      40
      50
      35
      28
      39
      33
      51
      43
      39
      44
      36
      47
      46
      41
      31
      51
      44
      54
      48
      34
      46
      43
      36
      45
      51
      43
      33
      31
      41
      33
      55
      35
      40
      35
      43
      45
      37
      35
      44
      27
      36
      40
      46
      39
      39
      48
      34
      43
      42
      37
      36
      35
      46
      54
      44
      37
      36
      41
      50
      50
      57
      50
      42
      39
      43
      37
      42
      44
      35
      42
      45
      36
      37
      38
      47
      49
      38
      52
      45
      37
      26
      45
      49
      43
      42
      45
      46
      34
      41
      44
      23
      39
      41
      47
      43
      43
      45
      36
      46
      46
      44
      31
      33
      38
      45
      50
      47
      32
      36
      48
      37
      37
      44
      35
      46
      40
      47
      31
      35
      39
      38
      41
      34
      27
      39
      38
      41
      48
      38
      39
      36
      38
      52
      38
      29
      39
      36
      33
      30
      35
      27
      44
      32
      43
      30
      36
      48
      40
      36
      52
      35
      35
      43
      47
      47
      52
      43
      37
      43
      38
      55
      43
      37
      42
      34
      38
      30
      53
      33
      43
      41
      36
      40
      45
      50
      37
      35
      52
      46
      28
      37
      33
      36
      31
      34
      31
      35
      32
      35
      45
      40
      43
      52
      35
      31
      29
      36
      40
      39
      46
      47
      30
      45
      35
      44
      35
      34
      34
      34
      39
      37
      42
      40
      44
      40
      29
      43
      51
      35
      38
      23
      29
      37
      35
      34
      30
      39
      39
      40
      33
      38
      49
      42
      47
      39
      33
      36
      41
      43
      26
      25
      32
      36
      35
      31
      30
      39
      40
      34
      39
      41
      36
      44
      53
      41
      49
      35
      36
      31
      41
      42
      50
      32
      22
      42
      33
      30
      46
      44
      32
      35
      34
      37
      38
      36
      48
      35
      43
      28
      40
      42
      31
      51
      49
      35
      35
      30
      35
      38
      45
      34
      40
      40
      39
      42
      40
      34
      32
      47
      43
      39
      35
      34
      40
      33
      34
      29
      48
      50
      41
      32
      44
      47
      32
      39
      27
      30
      41
      45
      40
      41
      46
      36
      32
      41
      39
      31
      32
      48
      35
      42
      29
      42
      31
      49
      37
      32
      28
      40
      36
      27
      26
      33
      39
      33
      40
      27
      38
      41
      37
      37
      39
      35
      47
      32
      40
      37
      38
      39
      34
      40
      34
      41
      29
      27
      43
      29
      46
      46
      44
      47
      45
      34
      48
      40
      40
      34
      38
      37
      39
      44
      42
      38
      38
      25
      51
      41
      47
      34
      29
      54
      41
      48
      39
      37
      39
      47
      44
      36
      60
      35
      52
      47
      44
      33
      40
      35
      42
      46
      31
      32
      33
      31
      36
      33
      39
      37
      29
      40
      32
      25
      37
      46
      39
      40
      44
      40
      45
      42
      33
      54
      32
      44
      43
      37
      48
      35
      38
      31
      28
      42
      37
      39
      42
      40
      39
      55
      34
      39
      45
      31
      39
      38
      31
      28
      34
      35
      37
      31
      41
      51
      40
      40
      48
      25
      45
      34
      33
      44
      31
      42
      28
      34
      39
      43
      45
      37
      39
      33
      33
      43
      45
      42
      42
      43
      47
      42
      38
      34
      33
      42
      35
      31
      26
      42
      34
      40
      36
      35
      35
      31
      41
      36
      35
      45
      36
      36
      43
      36
      54
      40
      44
      44
      34
      43
      42
      36
      36
      35
      44
      38
      38
      36
      27
      35
      35
      36
      31
      42
      37
      46
      39
      41
      37
      42
      46
      39
      41
      54
      37
      36
      38
      33
      26
      30
      33
      41
      46
      30
      30
      39
      33
      36
      40
      46
      32
      38
      55
      36
      33
      30
      48
      44
      36
      42
      35
      33
      35
      41
      35
      36
      45
      38
      37
      40
      47
      35
      37
      41
      35
      45
      39
      36
      45
      41
      25
      31
      41
      33
      44
      35
      37
      33
      37
      43
      46
      32
      46
      39
      36
      36
      31
      38
      41
      37
      35
      39
      37
      29
      40
      46
      46
      51
      31
      32
      39
      42
      41
      30
      47
      45
      30
      32
      42
      36
      50
      47
      35
      38
      37
      35
      32
      44
      44
      42
      34
      36
      38
      36
      29
      38
      44
      37
      32
      31
      35
      39
      43
      38
      42
      46
      36
      43
      41
      42
      36
      37
      37
      35
      40
      34
      28
      42
      29
      24
      26
      39
      32
      48
      42
      43
      50
      43
      40
      38
      40
      38
      36
      45
      37
      43
      36
      40
      34
      46
      30
      46
      30
      39
      32
      25
      45
      44
      44
      36
      37
      36
      40
      47
      38
      39
      35
      31
      40
      31
      47
      39
      30
      41
      44
      31
      44
      33
      44
      42
      46
      32
      43
      36
      29
      39
      36
      45
      48
      30
      33
      49
      52
      35
      43
      36
      29
      24
      34
      42
      32
      48
      43
      52
      38
      40
      41
      40
      32
      34
      49
      35
      43
      45
      39
      40
      39
      35
      37
      44
      37
      39
      34
      32
      41
      28
      38
      42
      26
      32
      31
      42
      32
      38
      38
      36
      36
      38
      44
      36
      38
      26
      34
      42
      31
      37
      56
      35
      33
      36
      47
      33
      42
      41
      42
      37
      41
      36
      40
      50
      44
      44
      49
      35
      47
      39
      28
      20
      28
      34
      28
      24
      33
      37
      53
      43
      35
      33
      41
      31
      35
      39
      42
      35
      47
      37
      43
      34
      45
      38
      54
      34
      44
      40
      35
      41
      46
      35
      54
      34
      35
      44
      38
      33
      44
      40
      34
      37
      31
      42
      38
      37
      37
      31
      37
      47
      28
      42
      29
      30
      32
      39
      41
      49
      34
      33
      39
      34
      29
      36
      30
      31
      38
      44
      35
      41
      41
      33
      54
      41
      41
      41
      33
      31
      39
      46
      41
      32
      34
      44
      35
      36
      38
      37
      26
      36
      37
      37
      46
      42
      29
      28
      35
      37
      27
      45
      42
      42
      29
      28
      38
      33
      40
      41
      31
      38
      48
      49
      47
      37
      32
      30
      33
      43
      34
      43
      35
      50
      35
      32
      47
      39
      35
      39
      30
      33
      36
      36
      33
      58
      39
      39
      46
      44
      30
      50
      39
      25
      42
      42
      51
      32
      44
      48
      46
      38
      51
      34
      46
      35
      35
      38
      39
      34
      37
      38
      47
      29
      40
      26
      31
      45
      43
      43
      39
      33
      45
      35
      37
      50
      37
      36
      36
      34
      44
      41
      30
      37
      28
      42
      34
      56
      39
      46
      37
      35
      42
      44
      31
      45
      42
      34
      36
      46
      40
      31
      41
      36
      36
      34
      32
      35
      42
      36
      46
      33
      34
      39
      37
      47
      40
      42
      41
      29
      39
      43
      36
      39
      37
      44
      45
      40
      42
      33
      40
      32
      45
      32
      42
      43
      28
      37
      45
      42
      45
      38
      39
      37
      37
      37
      39
      34
      33
      39
      33
      39
      49
      35
      50
      35
      33
      40
      36
      28
      39
      44
      42
      41
      42
      36
      54
      38
      36
      49
      50
      46
      35
      35
      54
      39
      37
      39
      32
      48
      41
      34
      38
      35
      34
      41
      38
      37
      53
      41
      42
      40
      50
      34
      36
      53
      36
      28
      37
      41
      44
      42
      45
      45
      52
      49
      42
      45
      34
      48
      51
      49
      40
      35
      29
      29
      37
      37
      51
      41
      44
      47
      33
      35
      46
      39
      34
      37
      42
      38
      36
      53
      45
      36
      46
      39
      49
      42
      41
      45
      50
      43
      39
      37
      45
      38
      57
      47
      46
      37
      51
      43
      47
      39
      49
      46
      44
      36
      46
      39
      35
      38
      52
      52
      44
      42
      51
      39
      45
      33
      42
      42
      38
      36
      48
      37
      46
      48
      40
      37
      46
      39
      40
      34
      36
      40
      51
      44
      45
      30
      39
      42
      41
      33
      36
      48
      36
      40
      46
      41
      32
      35
      51
      27
      51
      46
      41
      46
      42
      49
      38
      36
      51
      42
      46
      32
      50
      38
      52
      42
      44
      40
      49
      38
      50
      54
      40
      37
      47
      42
      50
      48
      48
      47
      45
      41
      42
      47
      37
      51
      39
      53
      42
      38
      49
      47
      39
      38
      39
      40
      47
      38
      46
      45
      34
      40
      52
      40
      50
      50
      40
      41
      40
      44
      42
      49
      46
      46
      48
      32
      34
      31
      45
      45
      48
      44
      37
      52
      50
      54
      44
      47
      45
      47
      48
      33
      41
      37
      39
      46
      45
      42
      61
      57
      52
      46
      48
      47
      41
      48
      42
      43
      42
      45
      46
      42
      43
      36
      39
      43
      32
      43
      47
      33
      35
      44
      61
      52
      45
      33
      54
      35
      46
      45
      48
      45
      41
      32
      36
      39
      51
      52
      40
      31
      38
      42
      53
      43
      36
      51
      44
      38
      37
      43
      41
      42
      56
      53
      66
      33
      40
      47
      39
      33
      47
      44
      47
      39
      43
      37
      45
      52
      33
      42
      43
      45
      42
      43
      65
      42
      60
      43
      45
      38
      51
      45
      38
      56
      46
      44
      40
      40
      58
      42
      48
      55
      41
      52
      43
      49
      45
      39
      60
      35
      52
      36
      51
      34
      45
      45
      44
      51
      42
      50
      53
      48
      43
      47
      58
      56
      55
      49
      37
      40
      38
      53
      32
      51
      53
      49
      43
      40
      50
      51
      34
      48
      52
      47
      43
      45
      64
      54
      51
      52
      49
      55
      51
      45
      44
      48
      51
      42
      56
      57
      38
      49
      43
      51
      42
      42
      43
      39
      56
      48
      41
      45
      56
      51
      55
      59
      50
      43
      55
      45
      46
      51
      49
      56
      59
      51
      41
      47
      62
      58
      47
      46
      51
      45
      33
      36
      53
      49
      55
      45
      48
      41
      48
      52
      45
      50
      47
      45
      50
      40
      57
      42
      52
      37
      40
      51
      37
      48
      56
      41
      50
      37
      38
      48
      45
      34
      51
      46
      41
      34
      49
      55
      45
      52
      56
      39
      61
      51
      44
      40
      48
      32
      54
      40
      36
      38
      42
      42
      36
      38
      36
      36
      46
      36
      43
      41
      46
      42
      42
      45
      33
      48
      47
      56
      31
      39
      39
      39
      33
      47
      44
      44
      36
      43
      41
      46
      32
      32
      33
      37
      31
      48
      32
      34
      31
      27
      37
      38
      34
      37
      39
      29
      34
      31
      32
      29
      36
      34
      32
      23
      25
      42
      28
      28
      40
      28
      46
      37
      32
      34
      31
      21
      24
      23
      36
      21
      25
      38
      32
      25
      30
      24
      34
      24
      31
      19
      37
      34
      40
      29
      32
      27
      25
      25
      21
      28
      36
      36
      30
      36
      29
      38
      40
      34
      40
      23
      36
      22
      21
      24
      24
      30
      29
      35
      32
      26
      26
      23
      32
      31
      25
      32
      21
      21
      25
      37
      31
      31
      21
      21
      27
      28
      29
      20
      28
      31
      29
      24
      36
      20
      23
      15
      26
      21
      26
      25
      31
      27
      27
      29
      19
      36
      25
      24
      22
      21
      36
      32
      26
      30
      22
      13
      28
      20
      31
      16
      14
      27
      24
      29
      21
      19
      35
      22
      34
      30
      26
      22
      21
      28
      33
      25
      25
      31
      26
      28
      28
      21
      27
      28
      23
      30
      22
      21
      24
      28
      21
      15
      30
      26
      24
      30
      29
      16
      26
      27
      27
      24
      32
      31
      23
      24
      23
      21
      21
      16
      16
      17
      26
      24
      21
      21
      29
      26
      20
      16
      29
      13
      22
      26
      25
      21
      16
      23
      20
      21
      24
      26
      26
      33
      21
      29
      23
      28
      21
      21
      22
      24
      15
      24
      31
      16
      20
      25
      17
      20
      21
      15
      26
      30
      19
      18
      20
      21
      19
      25
      27
      28
      18
      23
      21
      27
      24
      30
      13
      18
      28
      21
      21
      25
      22
      23
      23
      28
      23
      27
      19
      25
      21
      22
      28
      17
      21
      11
      16
      20
      34
      27
      18
      15
       9
      18
      20
      20
      15
      26
      23
      12
      23
      26
      20
      22
      25
      13
      24
      25
      11
      21
      21
      21
      22
      20
      18
      24
      27
      24
      13
      17
      13
      18
      17
      12
      19
      28
      21
      13
      17
      20
      27
      22
      24
      21
      18
      21
      21
      20
      13
      13
      18
      16
      22
      13
      17
      16
      16
      32
      17
      23
      24
      16
      29
      21
      18
      20
      18
      18
      24
      21
      23
      35
      23
      20
      22
      17
      24
      26
      21
      12
      20
      15
      17
      17
      25
      14
      12
      21
      21
      14
      19
      32
       9
      23
      20
      17
      18
       5
      15
      21
      13
      13
      24
      23
      17
      10
      14
      17
      25
      28
      14
      30
      14
      20
      20
      14
      13
      14
      13
      23
      12
      15
      19
      20
      20
      19
      11
      18
      22
      24
      15
      14
      16
      25
      17
      19
      24
      24
      13
      17
      11
      17
      20
      22
      15
      12
      23
      22
      22
      14
      15
      19
      10
      20
      14
      15
      22
      16
      15
      19
      14
      22
      13
      17
      12
      16
      20
      19
      16
      15
      28
      16
      21
      19
      22
      18
      23
      21
      22
      21
      14
      15
      17
      13
      20
      13
      24
      10
      20
      16
      13
      17
      18
      21
      20
      20
      13
      11
      18
      15
      23
      16
      15
      20
      17
      22
      19
      25
      13
      15
      19
      17
      15
      18
      12
      20
      11
      24
      18
      20
      18
      18
      11
      16
      15
      17
      21
      11
      17
      22
      13
      19
      20
      19
      16
      12
      20
      10
      28
      17
      15
      23
      15
      21
      12
      16
      15
      17
      26
      15
      19
      17
      14
      17
      14
      15
      13
      11
      14
      15
      13
      16
      13
      14
      19
      17
      14
      12
      20
      10
      16
      11
      18
      14
      23
       9
      11
      16
      13
      16
      15
      18
      13
      17
      15
      17
      17
       6
      18
      13
      18
      10
      14
      19
      17
      12
      15
      17
      19
      14
      13
      13
      12
      13
      18
      12
      17
      20
      15
      13
      14
      11
      12
      19
      10
      20
      17
      14
       7
       6
      16
      11
      16
      15
      13
      21
      16
       7
       9
      11
      16
      15
      15
      22
      14
      15
      10
       7
      13
      19
      11
      13
      13
      12
      10
      15
      14
      15
      11
      13
      20
      21
      16
      12
      20
       9
      17
       9
      13
      15
      11
      12
      13
      16
      17
      12
      18
      18
      19
      14
       6
       9
      18
      16
      13
       6
      17
      10
      18
       9
      10
      15
      10
      18
      12
       7
      17
      14
      13
       6
      15
      13
      15
      15
       9
      12
      11
      17
      12
      13
      10
       5
      13
      19
      10
      11
      14
      12
      16
      15
       7
      19
      13
      16
      15
       6
       7
      13
      10
       6
      15
      11
      14
      17
      14
      13
      21
      12
      12
      16
      11
      11
       8
      13
      11
      10
       9
      10
      13
      17
      16
      13
      15
      18
      10
      12
      14
      10
      11
      10
      19
      10
      14
      12
       6
      10
      10
       8
       9
       8
      16
       8
       9
      12
      15
       9
      10
      13
      14
      11
      15
      12
      18
      13
      11
       7
       8
       9
      13
      20
      13
      12
      14
      13
      11
      15
      13
      11
      12
      11
      10
      17
      13
      10
       6
      11
       9
      10
      11
      18
      10
      14
      16
      13
       8
      19
      13
      12
       5
       9
      17
      18
      12
      13
       6
      14
      12
      16
      17
      19
      18
      14
       9
      19
      15
      10
      12
       7
      12
       9
       8
      13
      17
       9
      13
       8
      16
      18
       7
      20
      12
      12
       6
      14
      10
      12
      12
       9
      13
      16
       3
      17
      13
      13
      14
       9
      18
      10
      10
       7
       6
      11
      17
      16
      14
      15
      15
      11
       9
       7
      12
      13
       6
       7
      16
      12
      17
      12
       5
      14
      15
      25
      19
      10
      12
      15
      13
      14
       3
       9
      14
      13
      10
       9
      18
       9
      16
       7
      13
       8
      12
       9
       6
      13
      11
       9
      11
      18
       9
       7
      14
      10
      14
      10
      14
      12
       4
      13
       8
       8
      11
      13
      12
      20
      13
      10
      14
      17
       9
      12
       7
       9
      16
      15
       6
      16
      13
      11
      16
      10
      10
      20
       5
      13
      14
      15
      12
      11
      10
      14
      11
      10
      15
      11
       9
      15
      10
      12
      12
      13
      16
      12
      12
      10
      11
      11
      12
      10
       8
      12
      12
      10
      12
      17
       7
      13
      10
      12
       7
      10
       6
      17
      10
      11
      10
      10
      18
      13
      11
       7
       8
       5
      10
      11
      12
       8
      16
       8
      20
       8
      15
      11
       9
      10
      13
       5
      11
      13
      11
      11
       8
      12
      12
      12
      10
       7
       7
      15
      16
      11
      17
      11
      12
       7
      12
      12
      14
       8
      13
      20
      15
       7
      16
      11
      14
      15
      14
       7
       9
      13
      13
      15
      10
      11
       8
      11
      16
      12
      13
      13
      10
      11
       9
      11
       9
      17
      11
       8
      11
       7
      15
       8
       8
       8
      10
      17
      11
      18
      11
      10
      11
       9
       6
       9
      11
       8
       9
       6
      13
       9
      20
      18
      14
      10
      11
       9
      11
      11
      11
      17
      10
      11
       7
       4
      11
      10
       8
      11
       7
      15
      11
       8
      12
       7
      14
      13
       6
      12
      11
      14
      12
      13
      17
       8
      10
      16
      13
      12
       9
      10
       7
      20
       4
       8
       9
      15
      15
      13
      10
      14
      12
      15
       5
      12
      10
      11
      10
      12
      13
       9
      12
       9
      24
       5
      10
      13
      15
      10
      13
      13
      11
      11
       8
      12
       9
      15
      12
       7
       8
       7
       9
      15
      13
      12
      18
      14
       3
       9
      15
       9
      13
      13
      12
       5
       9
       8
      15
       9
      19
       9
      10
       9
      12
      13
       7
      10
       9
      10
       9
      10
       6
      13
      11
      11
       7
      16
       6
       7
       9
      12
       7
      20
      14
      12
      13
      14
      10
       9
      18
      10
      10
      12
      15
      11
      12
      11
       7
       7
       9
       9
       8
       8
      19
       8
      14
       5
       7
      15
       9
      15
      10
      13
       7
       7
       4
      10
       6
       8
       8
      10
      10
      11
      12
       7
      12
       8
      10
      12
       9
      15
       9
       5
      13
      16
      18
       8
      14
      11
      10
      13
      11
       6
       8
       7
       6
      10
      12
      13
       8
      12
       9
      14
      13
      13
       6
      10
       8
       5
       7
       9
      14
       3
       8
       5
       9
      13
       9
      11
      10
      10
       9
      16
      11
       9
       5
      10
      13
      10
       6
      14
      19
      12
      12
       8
       9
      11
       5
      10
      11
      15
       5
       4
       8
      10
      19
       5
      15
       9
       9
      12
      11
      11
       7
      10
      10
      10
       8
      16
      16
      14
       9
       5
       6
       7
      10
       4
      12
      12
       8
       8
      10
       3
      10
      10
      11
       9
       9
      11
      12
       4
       7
      14
      10
       9
       9
      15
      11
       6
       9
      17
      13
      13
      10
      16
       8
       8
       5
       8
       7
       6
      18
       9
       7
      12
       8
      13
       5
       9
       3
       3
      14
       9
       9
      13
       6
       8
      11
      12
       8
       9
      14
      12
       8
      12
      11
      11
       8
      13
       3
       7
      10
       8
       7
      11
       8
       6
       6
       9
       9
       3
       8
       8
       6
       8
       8
      19
      18
       9
      10
       9
      15
      12
       8
       8
      14
      13
       9
       6
       8
      12
      13
       8
      16
       9
      19
      21
       8
      13
       6
       8
       9
      11
       9
       7
       8
      12
       6
       7
       9
      11
      10
       9
      12
       6
       9
       9
       8
       9
      11
       8
       9
       7
      21
       6
      11
       7
      12
      14
      13
      14
      10
      11
       6
       7
       6
      10
      14
      10
       8
      12
      11
      11
      10
      10
      12
       5
      10
       8
      10
      10
      12
       6
      10
       7
       9
       4
       5
      11
       4
      14
      11
       8
      10
      14
       9
      13
      14
       8
       9
      12
      10
      10
       9
       8
      11
      11
      10
       6
      12
      14
       9
       8
       8
       7
      14
       4
      13
      11
      15
       7
      11
       7
      11
      12
       9
      12
       7
       7
       8
       5
      14
       8
      20
       6
      13
      11
      16
      11
      18
      14
      20
      19
      19
      19
      20
      17
      24
      16
      19
      21
      24
      26
      24
      23
      28
      29
      32
      35
      31
      31
      30
      42
      42
      45
      42
      38
      60
      51
      56
      53
      46
      58
      67
      57
      73
      70
      93
      81
      87
      87
      83
      86
      81
     104
     105
     138
     127
     151
     155
     158
     153
     168
     191
     186
     213
     216
     247
     284
     298
     298
     346
     351
     383
     381
     413
     416
     462
     445
     480
     515
     535
     554
     571
     598
     600
     608
     608
     663
     681
     711
     687
     685
     751
     728
     704
     682
     707
     718
     694
     713
     653
     674
     674
     627
     599
     638
     633
     575
     580
     545
     509
     488
     498
     481
     482
     422
     364
     414
     389
     332
     388
     353
     285
     312
     263
     239
     236
     235
     187
     221
     190
     193
     152
     131
     148
     139
     125
     117
     115
      95
     102
      80
      88
      76
      71
      62
      52
      52
      53
      49
      50
      41
      42
      27
      43
      21
      23
      14
      17
      32
      14
      21
      22
      22
      22
      10
      15
      13
      12
      10
      12
       9
       9
      11
      11
       9
      11
       6
       9
       9
       6
      12
      12
       7
       5
       5
       9
       1
       8
       7
      11
       7
       5
       6
       9
       5
      10
       4
       2
       6
       2
       2
       6
      10
       3
       7
       2
       3
       6
       4
       7
       5
       4
       6
      10
       8
       5
       4
       3
       9
       7
       6
       5
       9
       3
       7
       7
       2
       2
       4
       7
       7
       4
       6
       9
       5
       3
       6
       4
       3
       3
       5
       9
       4
       9
       5
       3
       4
       2
       3
       8
       6
      10
       7
       2
       3
       5
       2
       6
       2
       3
       6
       3
       6
       5
       8
       4
       5
       2
       6
       4
       5
       5
       5
       4
       5
       5
       8
       2
       4
       5
       3
       2
       5
       7
       5
       5
       7
       7
       1
       6
       2
       3
       9
       3
       6
       6
       6
       5
       4
       5
       4
       5
       4
       6
       8
       3
       8
       5
       5
      10
       4
      11
       7
       4
       3
       4
       2
       4
       9
       4
       5
       7
       8
       7
       4
       2
       4
       5
      11
       3
       5
      13
       6
       6
       6
       3
       3
       6
       4
       6
       3
       7
       6
       4
       5
       9
       5
       3
       3
       5
       6
       6
       3
       7
       8
       7
       6
       2
       3
       3
       3
       4
       9
       6
       2
       8
       7
      12
       4
       8
       1
       5
       5
       5
       6
       7
       5
       9
       4
       4
       8
       6
       5
       5
       5
       3
       9
       9
       0
       6
       7
       5
       1
       4
       6
       4
       4
       4
       5
       5
       5
       3
       4
       5
       1
       3
       2
       2
       6
       2
       6
       5
       3
       4
       8
       3
       5
       2
       5
       4
       3
       6
       3
       7
       4
       8
       7
       5
       4
       8
       8
       7
       4
       5
       5
       6
       4
       4
       1
       7
       8
      11
      10
       5
       6
       3
       5
       7
      10
       4
       5
       6
       6
       5
       3
       6
       6
       4
       8
       5
       5
       5
       2
       4
       8
       1
       6
       3
       3
       5
       4
       2
       7
       2
       6
       3
       3
       6
       2
       4
       6
       2
       4
       5
       7
       2
       4
       6
       7
       3
       7
       4
       7
       6
       3
       8
       2
       4
       3
       6
       5
       3
       6
       8
       6
       7
       7
       6
      10
       9
       8
       2
       4
       3
       3
       4
       5
       8
       4
       8
       4
       8
       7
       1
       8
       0
       7
       6
       7
       2
       4
       3
       6
       5
       3
       4
       4
       6
       6
       6
       7
       4
       8
       2
       5
       1
       6
       2
       9
       6
       6
       3
       2
       4
       6
       4
       3
       4
       6
       3
       4
       6
      12
       4
       1
       4
       4
       7
       2
       4
       5
       2
       4
       5
       4
       4
       7
       5
       7
       6
       7
       5
       4
       2
       7
       7
       4
       7
       6
       1
       3
       4
       2
       3
       8
       7
       6
       4
       5
       8
       7
       4
       2
       8
       6
       5
       6
       9
       9
       0
       2
       2
       5
       5
       6
       3
       6
       6
       3
       2
       4
       7
       2
       8
       5
       9
       5
       7
       7
       8
       8
       7
       3
       9
       2
       8
       3
       7
       6
       9
       4
       5
       2
       7
       7
       4
       4
       4
       7
       5
       4
       6
       5
       9
       4
       5
       7
       8
       3
       4
       5
       7
       6
       6
       3
       5
      10
       0
       4
       4
       2
       4
       4
       8
       6
       3
       1
       3
       8
       4
       5
       6
       3
       5
       3
       6
       6
       7
       8
       6
       4
       4
       6
       3
       6
       8
       0
       4
       6
       5
       3
       3
       7
       8
       9
       8
       4
       6
       6
       5
       3
       6
       7
       9
       5
       6
       3
       5
       6
       4
       3
       8
       5
       5
       6
       9
       5
       5
       2
       4
       2
       4
       2
       7
       4
       4
       2
       5
       5
       7
       6
       5
       7
       7
       5
      10
       5
       4
       6
       6
       7
       6
       3
       7
       3
       1
       5
       7
       3
       4
       3
       6
       2
       5
       3
       5
       3
       8
       3
       3
       7
       4
       4
       2
       9
       6
       7
       4
       8
       8
       3
       7
       6
      12
       4
       7
       5
       6
       6
       4
       7
       4
       3
       2
       8
       8
       4
       2
       8
       7
       2
       5
       5
       3
       8
       9
       5
       7
       5
       2
       6
       1
      10
       4
       5
       7
       1
       8
       5
       8
       7
       7
       6
       4
       5
       5
       4
       6
      10
       8
       5
       8
       5
       9
       5
       3
       5
       5
       3
       5
       7
       5
      11
       5
       2
      10
       3
       4
       2
       5
       7
       4
       6
       8
       3
       5
       4
       8
       7
       4
       9
       5
       4
       4
       6
       8
       6
       7
       1
       7
       3
      10
       4
       6
       6
       5
       5
       9
       6
       4
       7
       7
       4
       2
       2
       0
       2
       1
       2
       5
       3
      10
       5
       4
       3
       2
       1
       5
       9
       5
       5
       6
       2
       6
       5
       5
       4
       8
       5
       5
       3
       2
       9
       7
       7
       2
       1
       4
       7
       6
       5
       3
       7
       2
       5
       4
       6
       5
       6
       4
       3
       3
       4
       5
       7
       4
       5
       8
       7
       5
       7
       5
       8
       5
       6
       5
       6
       5
       3
       4
       4
       2
       2
       2
       5
       2
       6
       3
       7
       6
       5
      11
       5
       5
       4
       5
       4
       5
       7
       7
       8
       2
       3
       2
       7
       5
       4
       4
       8
       2
       5
       8
       7
       6
       3
       5
       6
       9
       4
       5
       6
       3
       4
       4
       1
       2
       3
       6
       2
       1
       5
       5
       3
       6
       4
       6
       5
      10
       6
       7
       5
       3
       5
       3
       6
       6
       5
       6
       4
       4
       2
       7
       9
       5
       8
       3
       8
       3
       5
       9
       7
       1
       8
       6
       6
       9
       2
       5
       7
       4
       9
       6
       2
       8
       2
       7
       4
       5
      12
       5
       9
       6
       5
       8
       1
       4
       5
       2
       4
       6
      10
       5
       4
       9
       5
       7
       2
       4
       3
       4
       3
       3
       6
       5
      10
       5
       5
       6
       5
       4
       3
       8
       2
       3
       5
       2
       9
       5
       5
       8
       7
      11
       5
       5
       8
       3
       2
       4
       4
       3
       6
       4
       5
       6
       7
       2
       5
       5
       7
       6
       6
       7
       6
       8
       3
       4
       5
       6
       7
       7
       4
       3
       5
       4
       3
       5
       4
       3
       4
       1
       7
       8
       3
       4
       4
       7
       4
       2
       3
       6
       7
       5
       6
       7
       5
       4
       6
       8
       4
      10
       3
       3
       6
       4
       6
       4
       3
       3
       4
       6
       5
       4
       3
       6
       2
       8
       5
       4
       3
       3
       3
       5
       3
       4
       4
       6
       4
       4
       7
       2
       4
       4
       4
       4
       6
       6
       7
       4
       5
       2
       1
       3
       4
       6
       8
       8
       6
       4
       4
       3
       2
       5
       6
      11
       7
       6
       6
       5
       7
       3
       6
       3
       0
       9
       6
       4
       6
       4
       7
       7
       4
       7
       3
       3
       4
       3
       2
       3
      10
       8
       5
       4
       9
       8
       4
       3
       3
       6
       2
       4
       5
       6
       3
       6
       6
       4
       3
       7
       5
       3
       9
       8
       9
       2
       3
       8
       4
       7
       5
       4
       3
       6
       3
       5
       8
       4
       2
       5
       4
       2
       2
       9
       4
       4
       4
       4
       2
       7
       7
       3
       2
       4
       5
       6
       6
       4
       4
       3
       4
       9
       5
       6
       4
       3
       4
       4
       2
       9
       4
       5
       5
       7
       3
       3
       5
       5
       6
       9
      11
       5
       2
       4
       8
       7
       5
       7
       1
       8
       5
       2
       7
       6
       8
       7
      11
       4
       3
       4
       9
       3
       2
       2
       0
       1
       9
       5
       1
       6
       5
       5
       7
       3
       4
       5
       7
       2
      14
       5
      10
       3
       7
       6
       4
       3
       5
       9
       4
       5
       7
       6
       6
       2
       4
       6
       3
       3
       5
       6
       4
       5
       5
       8
       3
       4
       3
       5
       5
       4
       5
       8
       4
       1
       9
       7
       5
       5
       4
       4
       5
       7
       4
       5
       5
       3
       6
       9
       4
       4
       3
       4
       5
       5
       6
       4
       4
      10
       2
       6
       4
       4
       6
       3
       1
       2
       6
       4
       4
       6
       5
       3
       5
       2
       7
       8
       6
       2
       4
       6
       5
       6
       4
       6
       8
       9
       6
       5
      13
       7
       2
       6
       7
       5
       5
       5
       3
       3
       3
       6
       2
       5
       6
       2
      10
       3
       9
       5
       2
       2
       9
       5
       4
       2
       3
       4
      11
       5
       5
       6
       3
       7
       4
       5
       4
       3
       4
       3
       5
       6
       8
       8
       7
       6
       9
       3
       7
       3
       7
       6
       7
       7
       2
       7
       6
       3
       3
       4
       4
       2
       2
       5
       3
       6
       4
       5
       4
       3
       6
       3
       4
       2
       6
       6
       7
       6
       1
       3
       7
       7
       5
       3
       5
       3
       3
       7
       5
       6
       6
       2
       2
       3
       6
       3
       5
       6
       6
       3
       5
       8
       4
       3
       5
       1
       5
      10
       3
       5
       3
       5
       4
       9
       3
       5
       5
       1
       9
       2
       1
       7
       6
       4
       3
       4
       7
       9
       3
       6
       6
       3
       5
       5
       7
       8
      10
       6
       3
       2
       6
       7
       2
       2
       4
       4
       5
       8
       4
       1
       2
       1
       3
       4
       9
       3
       5
       6
       5
       1
       4
       3
       0
       1
       6
       8
       4
       3
       7
       2
       1
       4
       5
       4
       4
       6
       4
       5
       4
       5
       6
       5
       4
       1
       2
       3
       5
       3
       5
       4
       9
       5
       7
       8
       3
       3
       2
       4
      12
       5
       5
       3
       6
       3
       4
       4
       6
       6
       4
       3
       7
       7
       3
       8
       4
       7
       3
       5
       1
       5
       6
       8
      11
       5
       4
       6
       3
       4
       4
       4
       7
       8
       5
       2
       5
       1
       2
       4
       5
       2
       6
       8
       7
       8
       6
       2
      11
       7
       5
       1
       1
       4
       9
       6
       8
       5
       5
       3
      10
       6
       4
       3
       3
       6
       7
       2
       3
       5
       5
       6
       4
       8
       3
       2
       2
       2
       2
       4
       7
       6
       3
       5
       3
       5
       4
       4
       6
       2
       6
       5
       2
       4
       3
       6
       6
       1
       5
       8
       4
       0
       6
       4
       3
       5
       6
       9
       4
       2
       2
       1
       4
       4
       3
       6
       2
       4
       4
       7
       4
       2
       4
       5
       8
       5
       3
       6
       6
       4
       6
       3
       2
       7
      11
       3
       4
       7
       3
       4
       6
       6
       4
       2
       3
       1
       2
       3
       3
       6
       6
       3
       2
       7
       4
       5
       3
       7
       4
       4
       1
       3
       6
       3
       1
       8
      10
       7
       3
       3
       7
      10
       4
       7
       3
       8
       5
       6
       2
       5
       2
       6
       8
       7
       2
       6
       4
       7
       3
       2
       7
       3
       5
       3
       8
       2
       5
       6
       6
       3
       5
       8
       7
       2
       4
       3
       3
       6
       5
       8
       9
       4
       4
       4
       5
       5
      10
       3
       6
       6
       3
      12
       6
       6
       5
       4
       4
       6
       3
       3
       7
       6
       6
       5
       6
       6
       8
       1
       4
       9
       7
       7
       3
       6
       8
       1
       3
       2
       6
       4
       5
       6
       2
       5
       5
       3
       9
       4
       6
       4
       1
       5
       3
       9
      10
       5
       5
       3
       7
       6
       5
       4
       4
       3
       7
       3
       8
       1
       4
       1
       6
       5
       7
       6
       4
       5
       8
       5
       3
       5
       5
       1
       7
       2
       4
       1
       3
       7
       6
       3
       5
       3
       7
       8
       4
       1
       6
       7
       1
       2
       2
       5
       3
       2
       8
       4
       7
       6
       6
       1
       5
       9
       5
       3
       7
       4
       9
       5
       3
       2
       1
       6
       4
       7
       7
       4
      10
       6
       2
       3
       7
      11
       5
       6
       6
       3
       6
       5
       2
       6
       7
       6
       7
       6
       6
      10
       4
       9
       6
       4
       4
       4
       5
       5
       5
       5
       7
       5
       4
       3
       5
       7
       3
       4
       4
       4
       5
       5
       4
       3
       5
       6
      11
       6
       7
       4
       6
       4
       6
      10
       5
       4
       8
       6
       0
       3
       8
       6
       3
       2
       7
       5
       2
       2
       4
       4
       7
       6
       8
       1
       5
       2
       5
       4
       8
       9
       1
       7
       1
       7
       4
       6
       6
       6
       8
       6
       3
       7
       2
       2
       4
       9
       3
       7
       6
       4
       7
       6
      10
       1
       6
       4
       7
       3
       2
       6
       6
       2
       5
       4
       5
       1
       6
       7
       3
       3
       6
       4
       5
       9
       3
       2
       3
       2
       4
       4
       0
       5
       5
       3
       7
       3
       3
       5
       4
       5
       6
       8
       3
       4
       7
       8
      10
       5
       4
       6
       4
       4
       7
       7
       3
       2
       6
       3
       4
       2
       5
       7
       0
       6
       4
       5
       2
       2
       3
       6
      10
       5
       3
       4
       3
       6
       2
       7
       7
       5
       2
       1
       5
       4
       5
       7
       6
       4
       4
       5
       1
       4
       3
       5
       3
       4
       7
       7
       4
       5
       3
       5
       1
       6
       6
       6
       7
       9
       5
       7
       8
       8
       5
       7
       8
       3
       2
       6
       3
       8
       6
       2
       6
       5
       5
       9
       1
       3
       6
       7
       3
       5
       8
       4
       4
       4
       4
       9
       8
       7
       4
       3
       7
       4
       8
       3
       9
       7
       5
       7
       4
       6
       3
       5
       4
       6
       5
       6
       5
       5
       4
       3
       7
       2
       4
       4
       5
       6
       0
       9
       7
       5
       6
       6
       4
       7
       4
       5
       6
       5
       7
       6
       9
       0
       5
       1
       2
      11
       3
       4
       7
       1
       3
       4
       3
       2
       5
       5
       5
       7
       5
       4
       4
       6
       2
       4
       6
       6
       4
       4
       6
       1
       4
       5
       6
       5
       4
       5
      11
       9
       7
       3
       5
       5
       6
       5
       1
       6
       6
       6
       4
       5
       3
       6
       9
       4
       7
       7
       3
       7
       4
       7
       2
       6
       4
       2
       4
       5
       7
       0
       5
       3
       5
       4
       4
       6
       7
       3
       6
       3
       2
       7
       7
       6
       2
       8
       8
       7
       5
       3
       4
       6
       6
       8
       5
       9
       3
       5
       5
       4
       5
       9
       2
       3
       8
       0
       5
       3
       3
       1
       2
       2
       4
       9
       5
       5
       3
       3
       5
       4
       4
       1
       4
       6
       6
       4
       6
       4
       7
       2
       1
       3
       3
       6
       9
       5
       6
       1
       5
       3
       5
       5
       8
       6
       7
       2
       7
       3
       6
       2
       2
       7
       5
       2
       8
       4
       8
       6
       6
       2
       1
       2
       4
       6
       6
       5
       7
       3
       9
       6
       4
       3
       4
       4
       8
       5
       4
       8
       4
       5
       7
       6
       5
       5
       2
       4
       6
       6
       4
       2
       8
       5
       5
      11
       1
       3
       8
       3
       3
       1
       6
       3
       4
       7
       7
       4
       1
       7
       2
       1
       3
       2
       3
       2
       4
       5
       9
       6
       5
       2
       9
       6
       4
       2
       6
       9
       7
       3
       7
       5
       8
       9
       2
       8
       7
       1
       9
       5
       4
       5
       3
       6
       5
      12
       7
       3
       0
       5
       4
       6
       3
       1
       9
       1
       6
       3
       2
       5
       7
       4
       5
      10
       4
       7
       7
      10
       4
       4
       5
       7
       5
       6
       6
       6
       4
       9
       2
       2
       6
       0
       3
       6
       7
       9
       7
       7
       9
       5
       6
       4
       8
       4
       4
       4
       1
       5
       7
       5
       5
       3
       3
       3
       8
      11
       4
       3
       7
       5
       2
       6
       5
       7
       6
       5
       4
       3
       7
       4
       5
       8
       3
       5
       7
       9
       6
       2
       3
       3
       5
       5
       6
       8
       2
       3
       6
       4
       2
       3
       7
       7
       4
       4
       5
       4
       8
       7
       6
       3
       1
       5
       6
       4
       3
       8
       7
       7
       5
       3
       7
       6
       1
       7
       4
       6
       6
       6
       8
       5
       5
       6
       6
       7
       1
       8
       5
       5
       7
       9
       7
      12
       2
       6
       5
       3
       5
       5
       4
       9
       2
       3
       7
       6
       3
       6
       4
       6
       5
       5
       5
       5
       6
       3
       5
       3
       6
       4
       5
       8
       2
       4
       1
       7
       6
       6
       4
       6
       4
       3
       5
       5
       4
       4
       6
       6
       5
       7
       3
       4
       3
       3
       4
       9
       4
       4
       8
       5
       5
       5
      10
       4
       2
       5
       4
       2
       4
       6
       5
       4
       2
       7
       4
       5
       6
       6
       2
       7
       4
       5
       4
       4
       3
       9
       7
       5
       5
       7
       4
       5
       4
       3
       3
       5
       3
       4
       3
       5
       7
       3
       7
       6
       5
       6
       5
       3
       5
       7
       6
       6
       3
      10
       8
       8
       7
       6
       8
       7
       5
       4
       2
       7
       3
       7
       7
       7
       9
       4
       2
       7
       6
       4
       3
       5
       6
       8
       5
       4
       7
       8
       1
       5
       5
       6
       6
       5
       5
       6
       5
       3
       6
       2
       5
       6
       4
       7
       4
       4
       4
       3
       4
       2
       6
       5
       4
       3
       9
       5
       5
       5
      10
       9
       8
       7
       9
       7
       3
       5
       6
       9
       5
       4
       1
       4
       4
       5
       1
       3
       5
       5
       1
       5
       7
       3
       6
       4
       8
       5
       3
       5
       6
       7
       3
       7
       5
       4
       7
       4
       5
       5
       3
       5
       7
       6
       8
       6
       4
       8
       4
       2
       4
       3
       5
       9
       3
       5
      10
       9
       8
       3
       5
       5
       7
       9
       5
       9
       4
       3
       5
       9
       3
       7
       3
       4
       3
       6
       3
       5
       4
       6
       6
       4
       2
       8
       4
       5
       6
       0
       2
       6
       5
       3
       4
       1
       7
       9
       3
       7
       7
       5
       1
       7
       4
       5
       7
       5
       4
       3
       1
       4
       8
       2
       3
       7
       4
       6
       6
       4
       9
       4
       9
       5
       2
      11
       2
       2
       5
       6
       3
       9
       8
       9
       5
       7
       3
       7
       6
       9
       3
       6
       6
       7
       6
       4
       1
       7
       2
       1
       3
       7
       8
       7
       9
       4
       4
       6
       4
       6
       5
       6
       3
       5
       4
       4
       6
       4
       3
       3
       5
       5
       5
       4
       5
       7
       6
       8
       4
       7
       5
       4
       8
       7
       3
       6
       4
       3
       6
       2
       4
       2
       7
       6
       5
       4
       2
       3
       7
       7
       2
       6
       5
       8
       3
       5
       3
       5
       5
       4
       6
       8
       3
       6
       6
       4
       6
       4
       8
       5
       6
       4
       5
       5
       7
       3
       8
       4
       4
       2
      10
       3
       4
       9
       4
       3
       7
       3
       4
       4
       2
       7
       8
       9
       6
       5
       5
       7
       3
       6
       8
       2
       4
       8
       3
       3
       5
       3
       3
       5
       4
       7
       4
       5
       2
       5
       7
       3
      10
       6
       6
       5
       6
       3
       2
       5
       5
       3
       5
       6
       5
       9
       3
       2
       5
       8
       6
       4
       6
       4
       6
       8
       8
       2
       4
       8
       2
       3
       4
       9
       3
       6
       5
       1
       7
       2
       2
       2
       4
       4
       6
      12
       1
       1
       4
       2
       5
       6
       2
       5
       3
       4
       2
       9
       4
       6
       5
       8
      10
      10
       5
       3
       8
       4
       1
       3
       2
      11
       4
       6
       5
       3
       6
       9
       4
       5
       8
       4
       5
       4
       9
       6
       4
       4
       1
       3
       1
      10
       5
       2
       8
       3
       7
       4
       8
       5
       2
       4
       5
       6
       3
       3
       9
       6
       7
       5
       3
       4
       4
       5
       7
       6
       8
       6
       3
       2
       8
       2
       5
       4
       9
       8
       6
       9
       6
       3
       3
       5
       3
       6
       4
       4
       5
       2
       5
       7
       8
       8
       6
       3
       4
       9
       8
       4
       3
       7
       1
       4
       7
       7
       4
       9
       9
       4
       7
       5
      10
       4
       6
       3
       5
       6
       4
       3
       4
       2
      10
       4
       7
       6
       2
       5
       6
       5
       6
       8
       6
       8
       1
       2
       4
       7
       8
       6
       5
       5
       7
       6
      10
       6
       5
       7
       8
       9
       7
       3
       6
       7
       3
       5
       7
       8
       6
       7
       2
       5
       5
       5
       8
      12
       4
       8
       3
       5
       4
       1
       4
       4
       6
       5
       7
       5
       9
       9
       2
       3
       5
       5
      10
       5
       6
       5
       4
       7
       4
       5
       7
       9
       8
       6
       9
       6
      10
       3
       9
      10
       4
       4
       4
       7
       5
       4
       7
      13
       4
       9
       7
       3
       4
       7
       6
       5
       5
       1
      10
       5
       9
       5
       7
       7
       4
       4
       3
       4
       4
      89
     165
     148
     151
     149
     155
     162
     144
     172
     164
     173
     168
     154
     174
     159
     152
     164
     162
     181
     151
     156
     130
     140
     134
     141
     166
     145
     156
     177
     135
     160
     148
     167
     148
     164
     163
     155
     156
     163
     153
     134
     148
     164
     162
     183
     143
     165
     151
     157
     179
     153
     140
     164
     139
     153
     165
     135
     142
     172
     157
     159
     165
     139
     134
     162
     143
     146
     149
     175
     153
     143
     162
     156
     152
     143
     170
     161
     162
     171
     146
     141
     138
     169
     156
     159
     144
     153
     133
     149
     153
     146
     156
     147
     138
     157
     162
     146
     133
     129
     139
     137
     153
     148
     130
     175
     155
     122
     139
     157
     174
     154
     179
     139
     157
     146
     151
     151
     157
     169
     156
     149
     139
     148
     150
     152
     164
     151
     142
     142
     150
     131
     162
     153
     157
     123
     149
     130
     152
     150
     146
     137
     174
     161
     147
     161
     171
     132
     140
     147
     149
     139
     136
     151
     153
     152
     135
     150
     142
     139
     146
     138
     148
     165
     145
     142
     140
     130
     146
     154
     171
     154
     143
     145
     148
     147
     152
     166
     140
     154
     129
     168
     162
     173
     146
      74
$ROI:
5
349 399
960 988
992 1050
1491 1501
5157 5169
$PRESETS:
None
0
0
$ENER_FIT:
0.000000 0.107033
$MCA_CAL:
3
0.000000E+000 1.070331E-001 0.000000E+000 keV
$SHAPE_CAL:
3
0.000000E+000 0.000000E+000 0.000000E+000
