       1
       2
       2
       0
       0
       0
       1
       2
       3
       1
       1
       1
       3
       1
       3
       2
       2
       1
       5
       3
       3
       5
       3
       5
       4
       8
      11
      39
      79
     181
     344
     516
     723
    1038
    1302
    1642
    1895
    2292
    2608
    3166
    3454
    3754
    4045
    4397
    4504
    4421
    4421
    4448
    4405
    4362
    4363
    4419
    4387
    4441
    4245
    4459
    4395
    4316
    4241
    4388
    4277
    4299
    4335
    4119
    4189
    4223
    4215
    4214
    4182
    4215
    4157
    4333
    4195
    4102
    4183
    4094
    4047
    4083
    4205
    4146
    4097
    4159
    4005
    4172
    4196
    3998
    4217
    4117
    4057
    4144
    4177
    4119
    4073
    4050
    4186
    4112
    4151
    4070
    4123
    4142
    4263
    4306
    4528
    4507
    4690
    4834
    4909
    5111
    5133
    5351
    5513
    5483
    5403
    5375
    5271
    5100
    5027
    4884
    4825
    4695
    4447
    4522
    4334
    4195
    4330
    4216
    4260
    4310
    4317
    4445
    4496
    4730
    4629
    4630
    4575
    4600
    4581
    4526
    4490
    4382
    4335
    4205
    4068
    4067
    4247
    3972
    3849
    3915
    3860
    3906
    3815
    3789
    3690
    3745
    3753
    3719
    3761
    3774
    3791
    3769
    3696
    3777
    3753
    3728
    3583
    3685
    3841
    3624
    3634
    3701
    3761
    3634
    3546
    3743
    3717
    3687
    3671
    3649
    3817
    3750
    3704
    3768
    3757
    3766
    3647
    3827
    3736
    3565
    3618
    3621
    3707
    3594
    3655
    3643
    3647
    3626
    3674
    3833
    3630
    3634
    3671
    3607
    3663
    3714
    3738
    3550
    3685
    3696
    3647
    3705
    3655
    3613
    3689
    3615
    3635
    3612
    3617
    3692
    3727
    3586
    3602
    3780
    3632
    3646
    3664
    3741
    3683
    3575
    3718
    3642
    3698
    3672
    3672
    3747
    3595
    3593
    3714
    3684
    3713
    3732
    3763
    3700
    3747
    3595
    3647
    3693
    3731
    3666
    3708
    3728
    3605
    3657
    3595
    3698
    3699
    3727
    3723
    3588
    3679
    3748
    3740
    3795
    3689
    3633
    3623
    3729
    3805
    3688
    3687
    3613
    3674
    3796
    3785
    3610
    3709
    3731
    3686
    3716
    3628
    3672
    3619
    3641
    3638
    3683
    3668
    3755
    3580
    3660
    3710
    3631
    3638
    3618
    3640
    3647
    3678
    3643
    3663
    3631
    3649
    3690
    3585
    3650
    3682
    3605
    3694
    3591
    3619
    3696
    3677
    3602
    3619
    3586
    3581
    3731
    3558
    3674
    3582
    3590
    3629
    3585
    3658
    3571
    3595
    3555
    3541
    3720
    3556
    3530
    3703
    3607
    3648
    3691
    3515
    3571
    3779
    3624
    3528
    3596
    3490
    3549
    3612
    3573
    3522
    3569
    3642
    3595
    3594
    3530
    3568
    3604
    3591
    3597
    3587
    3581
    3629
    3590
    3503
    3580
    3538
    3500
    3600
    3563
    3499
    3473
    3530
    3603
    3623
    3591
    3547
    3617
    3575
    3612
    3625
    3693
    3548
    3610
    3633
    3582
    3678
    3676
    3631
    3710
    3491
    3647
    3659
    3797
    3876
    3613
    3714
    3815
    3876
    3838
    3826
    3842
    3793
    3782
    3824
    3958
    3872
    4038
    3977
    3987
    3982
    3981
    4073
    4000
    4098
    3961
    3954
    4042
    4067
    4046
    4125
    3963
    3970
    4073
    4089
    4026
    4111
    3981
    4050
    4065
    3977
    4104
    4051
    3813
    3887
    3918
    3911
    3795
    3920
    3914
    3900
    3948
    3856
    3893
    3871
    3887
    3798
    3789
    3816
    3840
    3730
    3795
    3797
    3907
    3889
    3913
    3790
    3750
    3816
    3825
    3751
    3769
    3767
    3717
    3806
    3684
    3733
    3763
    3830
    3850
    3634
    3782
    3803
    3754
    3693
    3707
    3817
    3799
    3687
    3699
    3857
    3710
    3646
    3675
    3680
    3703
    3799
    3697
    3755
    3807
    3649
    3815
    3644
    3720
    3662
    3716
    3725
    3718
    3600
    3601
    3666
    3609
    3596
    3702
    3635
    3716
    3660
    3686
    3665
    3716
    3607
    3614
    3603
    3653
    3658
    3628
    3608
    3776
    3725
    3579
    3596
    3620
    3617
    3598
    3634
    3661
    3496
    3511
    3574
    3547
    3585
    3595
    3540
    3615
    3562
    3539
    3555
    3388
    3615
    3561
    3454
    3577
    3672
    3560
    3433
    3596
    3447
    3505
    3485
    3370
    3461
    3503
    3505
    3573
    3455
    3409
    3515
    3584
    3498
    3470
    3517
    3475
    3419
    3412
    3410
    3408
    3456
    3487
    3553
    3357
    3468
    3363
    3500
    3309
    3450
    3426
    3351
    3391
    3532
    3409
    3388
    3277
    3455
    3268
    3325
    3416
    3325
    3399
    3373
    3277
    3360
    3395
    3523
    3345
    3446
    3251
    3423
    3352
    3452
    3409
    3415
    3480
    3375
    3393
    3467
    3392
    3369
    3461
    3555
    3524
    3442
    3418
    3536
    3486
    3474
    3387
    3354
    3411
    3282
    3316
    3330
    3359
    3325
    3262
    3371
    3418
    3243
    3325
    3202
    3266
    3180
    3102
    3283
    3188
    3392
    3108
    3324
    3244
    3359
    3207
    3209
    3286
    3215
    3242
    3286
    3358
    3218
    3232
    3218
    3244
    3230
    3116
    3203
    3175
    3236
    3169
    3294
    3165
    3167
    3179
    3131
    3169
    3132
    3178
    3159
    3160
    3150
    3194
    3218
    3090
    3267
    3152
    3178
    3182
    3264
    3134
    3138
    3169
    3160
    3115
    3084
    3088
    3158
    3137
    3109
    3107
    3152
    3093
    2983
    3183
    3108
    3108
    3089
    3107
    3017
    3084
    3129
    3014
    3072
    3043
    3096
    3059
    3070
    3043
    3041
    3162
    3023
    3086
    3016
    3053
    3001
    2949
    3014
    3005
    3097
    3041
    3097
    3090
    3059
    2975
    2997
    3012
    3082
    2992
    2969
    3062
    2984
    2926
    3075
    2919
    2959
    2901
    2974
    2980
    3009
    2979
    2991
    3039
    2975
    3053
    3029
    3052
    2959
    2864
    2932
    2922
    2999
    2851
    2900
    2885
    2891
    2910
    3000
    2955
    2882
    3003
    2961
    2974
    2921
    2802
    2946
    2930
    2857
    2907
    2967
    2919
    2908
    2915
    2837
    2884
    2981
    2914
    2893
    2857
    2799
    2856
    2891
    2936
    2900
    2877
    2878
    2804
    2808
    2870
    2873
    2752
    2894
    2842
    2924
    2905
    2772
    2898
    2900
    2858
    2753
    2829
    2925
    2739
    2887
    2894
    2803
    2922
    2781
    2844
    2826
    2834
    2720
    2839
    2862
    2798
    2813
    2814
    2761
    2823
    2826
    2818
    2870
    2858
    2749
    2710
    2807
    2831
    2821
    2776
    2762
    2753
    2691
    2694
    2779
    2703
    2710
    2700
    2739
    2739
    2756
    2817
    2717
    2712
    2677
    2677
    2749
    2742
    2758
    2726
    2780
    2807
    2690
    2737
    2632
    2674
    2745
    2749
    2710
    2712
    2724
    2721
    2691
    2654
    2711
    2738
    2687
    2624
    2799
    2631
    2736
    2671
    2622
    2645
    2638
    2688
    2651
    2680
    2706
    2596
    2625
    2724
    2702
    2600
    2644
    2622
    2603
    2715
    2618
    2606
    2610
    2620
    2713
    2715
    2585
    2654
    2682
    2588
    2663
    2645
    2649
    2616
    2578
    2644
    2557
    2702
    2624
    2615
    2614
    2549
    2649
    2573
    2554
    2630
    2564
    2522
    2616
    2578
    2652
    2594
    2647
    2573
    2615
    2631
    2575
    2588
    2542
    2533
    2611
    2611
    2572
    2559
    2693
    2621
    2576
    2553
    2575
    2583
    2580
    2568
    2653
    2571
    2579
    2607
    2605
    2596
    2475
    2479
    2578
    2505
    2529
    2560
    2609
    2488
    2534
    2519
    2451
    2525
    2545
    2538
    2555
    2470
    2567
    2499
    2540
    2531
    2480
    2461
    2472
    2498
    2558
    2537
    2449
    2499
    2418
    2461
    2631
    2478
    2351
    2573
    2471
    2497
    2503
    2431
    2567
    2433
    2544
    2439
    2548
    2479
    2430
    2432
    2396
    2498
    2464
    2508
    2525
    2456
    2579
    2393
    2445
    2424
    2466
    2414
    2486
    2519
    2430
    2471
    2552
    2553
    2541
    2467
    2459
    2495
    2559
    2559
    2563
    2431
    2559
    2640
    2529
    2651
    2656
    2654
    2732
    2768
    2681
    2590
    2703
    2638
    2748
    2690
    2677
    2758
    2739
    2685
    2611
    2529
    2521
    2549
    2531
    2581
    2522
    2554
    2431
    2456
    2432
    2537
    2412
    2407
    2409
    2424
    2403
    2376
    2404
    2452
    2406
    2436
    2368
    2315
    2363
    2356
    2429
    2378
    2330
    2373
    2455
    2417
    2382
    2382
    2274
    2302
    2336
    2373
    2334
    2460
    2341
    2359
    2481
    2320
    2380
    2269
    2377
    2427
    2272
    2350
    2368
    2313
    2389
    2376
    2297
    2434
    2305
    2353
    2375
    2457
    2351
    2433
    2352
    2482
    2423
    2399
    2435
    2340
    2370
    2394
    2377
    2326
    2353
    2358
    2262
    2324
    2352
    2434
    2381
    2390
    2311
    2354
    2412
    2350
    2438
    2306
    2329
    2271
    2326
    2295
    2362
    2392
    2350
    2259
    2283
    2368
    2332
    2366
    2305
    2286
    2358
    2239
    2320
    2456
    2356
    2295
    2328
    2381
    2335
    2323
    2415
    2357
    2303
    2377
    2340
    2256
    2335
    2298
    2367
    2247
    2306
    2335
    2393
    2268
    2315
    2237
    2342
    2328
    2308
    2361
    2355
    2344
    2367
    2394
    2302
    2341
    2313
    2369
    2401
    2426
    2248
    2372
    2328
    2293
    2264
    2304
    2463
    2334
    2412
    2305
    2289
    2450
    2327
    2308
    2364
    2331
    2219
    2300
    2387
    2312
    2286
    2332
    2289
    2240
    2308
    2278
    2373
    2267
    2427
    2302
    2302
    2285
    2249
    2301
    2392
    2283
    2404
    2284
    2268
    2300
    2325
    2305
    2338
    2377
    2296
    2361
    2311
    2295
    2264
    2383
    2295
    2274
    2329
    2297
    2301
    2363
    2366
    2227
    2344
    2327
    2287
    2302
    2284
    2313
    2381
    2356
    2345
    2314
    2239
    2301
    2231
    2273
    2208
    2298
    2342
    2257
    2250
    2278
    2309
    2303
    2298
    2311
    2282
    2270
    2389
    2310
    2267
    2355
    2333
    2329
    2328
    2316
    2304
    2260
    2420
    2315
    2243
    2350
    2266
    2349
    2284
    2310
    2325
    2371
    2276
    2336
    2338
    2338
    2279
    2332
    2236
    2270
    2257
    2324
    2369
    2278
    2282
    2325
    2362
    2388
    2236
    2317
    2344
    2314
    2328
    2359
    2315
    2305
    2358
    2325
    2275
    2310
    2340
    2255
    2302
    2323
    2269
    2321
    2334
    2327
    2299
    2360
    2318
    2383
    2403
    2329
    2313
    2257
    2282
    2281
    2258
    2423
    2301
    2282
    2394
    2329
    2277
    2301
    2328
    2279
    2323
    2305
    2287
    2320
    2393
    2328
    2283
    2430
    2372
    2304
    2373
    2274
    2360
    2291
    2329
    2307
    2385
    2340
    2273
    2338
    2313
    2342
    2342
    2429
    2315
    2303
    2388
    2331
    2310
    2379
    2269
    2302
    2298
    2355
    2424
    2236
    2483
    2293
    2360
    2307
    2393
    2400
    2353
    2320
    2346
    2311
    2343
    2252
    2273
    2394
    2335
    2350
    2395
    2351
    2331
    2249
    2355
    2376
    2374
    2280
    2352
    2351
    2306
    2298
    2295
    2303
    2404
    2273
    2272
    2308
    2314
    2377
    2369
    2376
    2450
    2433
    2266
    2433
    2299
    2313
    2314
    2399
    2426
    2424
    2360
    2411
    2376
    2299
    2428
    2354
    2391
    2458
    2298
    2437
    2435
    2425
    2287
    2291
    2383
    2443
    2341
    2409
    2468
    2392
    2423
    2376
    2348
    2306
    2440
    2433
    2366
    2488
    2447
    2406
    2311
    2381
    2369
    2360
    2491
    2351
    2351
    2332
    2441
    2439
    2373
    2352
    2417
    2363
    2424
    2440
    2342
    2380
    2373
    2464
    2346
    2370
    2461
    2513
    2379
    2390
    2396
    2332
    2508
    2418
    2442
    2407
    2553
    2380
    2400
    2527
    2401
    2447
    2443
    2512
    2430
    2423
    2415
    2429
    2495
    2474
    2457
    2387
    2382
    2372
    2422
    2454
    2470
    2342
    2486
    2439
    2526
    2468
    2444
    2417
    2430
    2447
    2469
    2420
    2554
    2589
    2432
    2492
    2481
    2504
    2498
    2490
    2532
    2482
    2458
    2479
    2491
    2487
    2473
    2534
    2518
    2474
    2623
    2553
    2604
    2487
    2450
    2451
    2505
    2586
    2420
    2600
    2462
    2504
    2453
    2563
    2470
    2532
    2539
    2555
    2489
    2519
    2542
    2640
    2518
    2455
    2540
    2523
    2531
    2496
    2528
    2496
    2509
    2501
    2504
    2531
    2542
    2567
    2563
    2557
    2532
    2562
    2599
    2544
    2588
    2503
    2539
    2603
    2574
    2559
    2556
    2637
    2582
    2691
    2535
    2630
    2553
    2508
    2649
    2588
    2539
    2617
    2596
    2648
    2677
    2627
    2528
    2623
    2574
    2643
    2665
    2693
    2626
    2580
    2593
    2617
    2624
    2616
    2631
    2701
    2602
    2651
    2657
    2549
    2695
    2612
    2678
    2645
    2682
    2654
    2610
    2612
    2551
    2652
    2651
    2678
    2705
    2611
    2655
    2633
    2662
    2707
    2548
    2722
    2621
    2658
    2659
    2738
    2737
    2651
    2578
    2676
    2677
    2724
    2731
    2676
    2776
    2797
    2719
    2765
    2759
    2767
    2734
    2816
    2761
    2809
    2760
    2747
    2724
    2815
    2761
    2760
    2883
    2872
    2817
    2806
    2767
    2741
    2833
    2725
    2800
    2927
    2853
    2850
    2804
    2840
    2837
    2778
    2731
    2872
    2827
    2808
    2816
    2876
    2797
    2756
    2822
    2803
    2902
    2752
    2870
    2820
    2828
    2889
    2938
    2867
    2855
    2790
    2837
    2851
    2904
    2929
    2935
    2821
    2848
    2970
    2881
    2892
    2997
    2844
    2855
    2769
    2931
    2825
    2920
    2890
    2934
    2825
    2948
    2908
    2965
    2954
    2867
    2953
    2991
    2937
    2897
    2981
    2935
    2870
    3074
    3002
    3018
    3009
    2882
    2851
    2942
    3056
    3000
    3024
    3008
    2925
    2915
    3013
    3056
    3126
    2997
    3002
    3095
    3072
    3045
    3096
    3029
    3161
    3047
    3156
    3058
    3141
    3086
    3165
    3152
    3252
    3092
    3130
    2996
    2945
    3127
    3209
    3106
    3113
    3196
    3194
    3244
    3213
    3216
    3180
    3222
    3195
    3166
    3142
    3153
    3210
    3082
    3173
    3163
    3177
    3185
    3116
    3235
    3185
    3287
    3165
    3268
    3172
    3358
    3263
    3214
    3354
    3271
    3366
    3282
    3300
    3197
    3321
    3351
    3457
    3320
    3455
    3351
    3332
    3456
    3346
    3469
    3398
    3439
    3447
    3335
    3425
    3377
    3427
    3482
    3461
    3414
    3415
    3330
    3343
    3556
    3340
    3552
    3474
    3465
    3486
    3530
    3556
    3340
    3541
    3528
    3450
    3555
    3566
    3507
    3564
    3555
    3531
    3570
    3601
    3651
    3502
    3591
    3598
    3570
    3576
    3578
    3638
    3612
    3611
    3627
    3646
    3702
    3756
    3747
    3632
    3703
    3705
    3757
    3630
    3742
    3794
    3704
    3724
    3774
    3795
    3876
    3806
    3726
    3842
    3745
    3809
    3937
    3735
    3721
    3809
    3838
    3820
    3848
    3891
    3951
    3861
    3873
    3808
    3874
    3962
    3873
    4008
    4057
    3915
    3998
    3999
    3991
    3965
    4000
    3992
    3983
    3964
    4081
    4070
    3967
    4063
    4012
    4014
    4073
    4115
    4127
    4091
    4150
    4166
    4099
    4072
    4072
    4255
    4138
    4197
    4141
    4102
    4170
    4226
    4219
    4244
    4171
    4156
    4210
    4261
    4210
    4199
    4204
    4257
    4240
    4203
    4198
    4133
    4133
    4151
    4121
    4101
    4171
    4176
    4164
    4040
    4164
    4039
    3976
    4030
    3992
    4109
    3988
    3886
    3823
    3935
    3946
    3929
    3868
    3701
    3605
    3732
    3640
    3695
    3667
    3576
    3679
    3631
    3555
    3419
    3395
    3484
    3402
    3388
    3362
    3332
    3250
    3282
    3319
    3248
    3200
    3166
    3305
    3158
    3082
    3146
    3123
    3109
    3060
    3129
    3028
    3094
    3170
    3008
    3091
    3037
    3014
    2989
    3046
    3028
    2958
    2963
    3036
    3009
    2912
    2926
    2893
    2990
    2860
    2888
    2889
    3012
    2913
    2882
    2966
    2883
    2935
    2861
    2905
    3029
    2877
    2905
    2879
    2959
    2950
    2908
    2882
    2855
    2814
    2882
    2888
    2789
    2936
    2877
    2810
    2858
    2881
    2837
    2829
    2812
    2893
    2804
    2907
    2887
    2791
    2832
    2857
    2695
    2669
    2798
    2885
    2820
    2820
    2739
    2788
    2669
    2871
    2704
    2761
    2873
    2887
    2699
    2752
    2772
    2784
    2693
    2784
    2731
    2763
    2746
    2753
    2871
    2754
    2815
    2788
    2803
    2735
    2773
    2767
    2738
    2785
    2763
    2703
    2665
    2720
    2671
    2733
    2704
    2678
    2746
    2720
    2739
    2689
    2749
    2653
    2641
    2583
    2697
    2757
    2567
    2719
    2655
    2663
    2647
    2743
    2710
    2648
    2601
    2672
    2649
    2685
    2619
    2637
    2665
    2637
    2658
    2598
    2557
    2705
    2594
    2616
    2575
    2618
    2644
    2610
    2621
    2641
    2503
    2651
    2644
    2482
    2582
    2533
    2619
    2569
    2577
    2551
    2544
    2564
    2656
    2551
    2537
    2585
    2619
    2635
    2536
    2567
    2580
    2538
    2519
    2561
    2540
    2564
    2588
    2545
    2600
    2649
    2567
    2548
    2693
    2558
    2553
    2541
    2551
    2574
    2516
    2630
    2541
    2535
    2533
    2529
    2601
    2601
    2616
    2636
    2600
    2638
    2566
    2574
    2544
    2531
    2616
    2581
    2674
    2559
    2615
    2554
    2624
    2564
    2550
    2597
    2493
    2623
    2716
    2671
    2546
    2557
    2602
    2607
    2503
    2622
    2572
    2493
    2607
    2608
    2695
    2648
    2618
    2624
    2686
    2756
    2648
    2647
    2611
    2689
    2568
    2738
    2664
    2666
    2706
    2792
    2704
    2647
    2611
    2613
    2688
    2681
    2663
    2670
    2690
    2719
    2753
    2750
    2740
    2679
    2787
    2644
    2704
    2758
    2609
    2721
    2693
    2790
    2778
    2699
    2662
    2706
    2746
    2798
    2815
    2787
    2666
    2743
    2830
    2809
    2668
    2736
    2730
    2692
    2736
    2731
    2663
    2686
    2615
    2682
    2649
    2544
    2546
    2552
    2536
    2507
    2488
    2483
    2477
    2515
    2451
    2420
    2419
    2364
    2319
    2269
    2237
    2243
    2181
    2178
    2150
    2136
    2141
    2055
    2046
    1971
    1996
    2099
    1937
    2014
    1987
    1860
    1857
    1832
    1730
    1861
    1779
    1699
    1734
    1711
    1682
    1660
    1636
    1709
    1621
    1538
    1687
    1664
    1595
    1643
    1577
    1526
    1557
    1574
    1514
    1556
    1534
    1601
    1595
    1633
    1598
    1579
    1594
    1535
    1588
    1541
    1698
    1568
    1491
    1523
    1597
    1676
    1545
    1597
    1585
    1596
    1654
    1699
    1697
    1727
    1775
    1694
    1758
    1793
    1846
    1747
    1817
    1894
    1891
    1951
    2045
    2010
    2014
    2172
    2168
    2312
    2387
    2646
    2643
    2795
    2881
    3071
    3540
    3772
    4240
    4608
    5086
    5658
    6236
    6890
    7713
    8259
    9263
    9905
   10758
   11251
   11976
   12698
   12954
   13183
   13672
   13902
   13944
   14069
   14120
   14134
   13957
   13833
   13919
   14083
   13888
   13841
   13956
   13840
   13592
   13946
   13896
   13677
   13733
   13702
   13288
   13126
   12757
   12347
   11738
   11144
   10182
    9581
    8703
    7721
    6848
    5951
    5120
    4343
    3829
    3220
    2653
    2365
    1940
    1748
    1474
    1321
    1245
    1114
    1046
    1009
    1012
     926
     945
     861
     862
     826
     875
     864
     834
     778
     797
     780
     733
     809
     798
     741
     756
     748
     737
     755
     750
     693
     720
     700
     713
     673
     652
     693
     638
     663
     669
     687
     643
     664
     631
     701
     613
     597
     586
     626
     616
     615
     582
     579
     574
     559
     579
     563
     565
     560
     494
     516
     547
     558
     555
     523
     524
     510
     551
     508
     486
     447
     457
     452
     496
     492
     465
     423
     465
     437
     447
     433
     427
     460
     436
     447
     453
     438
     392
     412
     430
     413
     403
     425
     367
     392
     374
     421
     385
     375
     407
     392
     364
     356
     358
     347
     352
     355
     357
     347
     387
     331
     362
     345
     314
     352
     338
     341
     331
     310
     323
     332
     360
     337
     312
     318
     317
     314
     319
     260
     307
     302
     302
     290
     295
     317
     267
     285
     292
     297
     294
     284
     229
     264
     277
     279
     269
     280
     281
     295
     282
     293
     250
     248
     283
     266
     275
     279
     245
     267
     268
     256
     248
     248
     233
     247
     260
     259
     246
     223
     246
     235
     258
     253
     234
     258
     250
     251
     261
     259
     243
     247
     258
     259
     210
     221
     218
     223
     251
     222
     253
     242
     211
     247
     214
     248
     251
     247
     229
     220
     224
     253
     257
     253
     231
     231
     252
     238
     211
     228
     227
     245
     243
     248
     216
     262
     243
     242
     239
     254
     267
     245
     226
     260
     264
     246
     262
     287
     266
     274
     276
     272
     300
     292
     328
     312
     312
     340
     309
     324
     347
     322
     374
     373
     407
     404
     411
     458
     439
     465
     475
     459
     558
     544
     562
     563
     591
     594
     674
     683
     757
     759
     841
     855
     900
    1037
    1132
    1147
    1254
    1395
    1491
    1660
    1841
    2036
    2260
    2554
    2885
    3301
    3675
    4189
    4529
    5051
    5796
    6128
    6871
    7300
    8047
    8409
    8788
    9368
    9667
    9787
   10171
   10136
   10195
   10363
   10437
   10377
   10255
   10282
   10420
   10298
   10215
   10243
   10385
   10176
   10154
   10170
   10258
   10306
   10236
   10296
   10096
   10161
   10228
   10242
   10025
    9642
    9514
    9209
    8678
    8267
    7352
    6807
    5989
    5504
    4644
    3991
    3428
    2785
    2419
    1911
    1625
    1259
     970
     773
     552
     460
     387
     302
     275
     249
     211
     173
     152
     129
     142
     124
     122
     137
     110
     108
      90
     110
     110
     105
     120
     105
     100
     108
     126
      99
     104
     109
     103
     115
      97
      92
      99
      97
     118
      98
      96
      86
      93
      92
     105
     100
      92
      89
     117
      98
      96
     109
     106
      86
     104
      91
      95
      94
     101
     113
      83
      77
      81
      84
      80
      96
     104
      96
      81
      84
      83
      97
      75
      93
      83
      92
      89
      83
      83
      95
      95
      91
      78
      84
      73
      94
      87
      92
      80
      80
      98
      86
      91
      89
      93
      82
      88
     100
      67
      70
      78
     104
      81
      79
      84
      96
      82
      85
     113
      99
      81
      72
      90
      67
      81
      83
      94
      89
      85
      90
      84
      75
      94
      85
      94
      68
      94
      79
      66
      97
      89
      83
      90
      95
      80
      83
      77
      76
      70
      69
      81
      64
      62
      81
      74
      72
      88
      83
      85
      89
      71
      85
      68
      92
      83
      69
      63
      66
      74
      61
      79
      67
      76
      72
      66
      68
      58
      70
      71
      76
      71
      81
      78
      68
      84
      56
      84
      64
      80
      84
      77
      83
      83
      85
      70
      77
      67
      72
      60
      57
      69
      78
      85
      65
      77
      63
      63
      85
      76
      77
      71
      85
      76
      72
      59
      65
      71
      62
      75
      71
      75
      74
      66
      71
      57
      74
      75
      60
      90
      61
      73
      79
      78
      70
      63
      63
      71
      70
      66
      74
      67
      69
      66
      50
      61
      60
      67
      81
      69
      64
      61
      60
      77
      73
      75
      50
      59
      69
      76
      82
      67
      67
      77
      76
      73
      81
      87
      79
      70
      70
      64
      74
      64
      66
      65
      71
      71
      65
      62
      69
      80
      63
      54
      70
      65
      64
      65
      85
      71
      73
      60
      62
      74
      57
      67
      68
      68
      60
      72
      69
      72
      56
      70
      75
      53
      72
      76
      75
      66
      54
      60
      60
      74
      70
      54
      63
      73
      73
      71
      66
      72
      54
      75
      57
      53
      55
      60
      70
      69
      62
      54
      63
      65
      49
      54
      66
      51
      64
      56
      56
      72
      79
      53
      51
      63
      63
      66
      62
      63
      53
      68
      62
      59
      71
      55
      59
      66
      77
      75
      48
      69
      63
      54
      57
      55
      57
      58
      58
      69
      60
      44
      64
      57
      48
      58
      67
      50
      55
      62
      69
      76
      76
      59
      57
      70
      68
      59
      66
      53
      60
      66
      54
      81
      60
      52
      61
      78
      65
      54
      60
      49
      61
      77
      59
      73
      72
      54
      53
      66
      63
      71
      47
      56
      70
      60
      63
      54
      66
      64
      41
      61
      68
      51
      61
      51
      50
      60
      56
      46
      61
      54
      63
      72
      70
      66
      49
      67
      65
      55
      65
      39
      65
      56
      57
      59
      59
      73
      56
      56
      57
      58
      58
      55
      57
      59
      58
      71
      68
      62
      51
      64
      57
      71
      56
      71
      57
      51
      51
      63
      52
      51
      55
      56
      49
      60
      43
      50
      62
      58
      53
      44
      59
      52
      63
      58
      49
      51
      60
      46
      64
      67
      63
      42
      64
      54
      45
      57
      63
      58
      69
      41
      54
      47
      62
      60
      60
      58
      57
      71
      66
      58
      66
      53
      70
      52
      54
      58
      58
      45
      51
      65
      49
      68
      48
      42
      48
      49
      58
      44
      53
      52
      60
      58
      51
      40
      54
      45
      44
      45
      53
      49
      59
      51
      54
      60
      44
      56
      60
      63
      53
      38
      49
      48
      60
      52
      64
      52
      61
      55
      42
      50
      49
      46
      52
      54
      63
      68
      47
      44
      45
      60
      61
      50
      52
      54
      56
      58
      61
      43
      48
      67
      43
      45
      50
      55
      54
      59
      37
      57
      62
      53
      53
      43
      50
      69
      66
      57
      63
      57
      50
      47
      47
      55
      52
      58
      53
      43
      51
      61
      50
      47
      46
      58
      61
      56
      54
      52
      50
      59
      54
      47
      68
      38
      54
      48
      44
      47
      50
      57
      53
      56
      55
      45
      53
      53
      64
      48
      46
      41
      58
      46
      54
      51
      59
      48
      40
      54
      46
      51
      57
      44
      42
      69
      52
      50
      50
      55
      44
      60
      63
      40
      43
      38
      45
      43
      58
      52
      45
      40
      50
      41
      49
      46
      67
      53
      43
      46
      43
      47
      48
      37
      44
      45
      59
      45
      41
      42
      51
      48
      42
      50
      48
      39
      46
      56
      43
      42
      55
      42
      48
      44
      53
      49
      54
      43
      43
      46
      41
      42
      45
      53
      51
      55
      34
      55
      40
      39
      50
      54
      53
      50
      61
      46
      57
      62
      41
      49
      54
      48
      48
      57
      38
      44
      41
      56
      50
      46
      51
      42
      44
      56
      47
      41
      54
      55
      46
      39
      43
      51
      35
      26
      54
      49
      43
      40
      44
      47
      43
      44
      55
      38
      57
      47
      44
      55
      43
      63
      50
      45
      48
      36
      51
      36
      48
      33
      49
      48
      50
      44
      44
      41
      43
      39
      52
      27
      51
      51
      50
      57
      47
      48
      41
      40
      46
      40
      50
      46
      54
      36
      63
      42
      47
      46
      59
      49
      39
      51
      56
      55
      51
      48
      51
      45
      50
      50
      43
      55
      36
      56
      39
      48
      45
      40
      46
      50
      59
      47
      49
      36
      50
      45
      43
      35
      34
      53
      57
      55
      41
      44
      32
      45
      51
      51
      55
      50
      53
      50
      50
      51
      50
      58
      48
      46
      49
      45
      55
      46
      40
      42
      30
      50
      47
      55
      44
      40
      47
      44
      34
      38
      48
      53
      45
      51
      32
      44
      50
      37
      40
      50
      41
      51
      38
      41
      38
      42
      36
      61
      44
      50
      43
      36
      45
      37
      52
      50
      43
      41
      48
      47
      48
      42
      40
      44
      47
      47
      36
      38
      53
      51
      41
      53
      46
      39
      50
      49
      46
      52
      40
      52
      46
      47
      38
      43
      34
      50
      42
      41
      37
      57
      44
      46
      47
      49
      46
      47
      43
      47
      28
      53
      48
      46
      53
      39
      51
      38
      51
      44
      40
      47
      40
      37
      43
      48
      34
      55
      52
      32
      48
      46
      40
      47
      40
      47
      40
      54
      36
      39
      47
      48
      36
      44
      53
      50
      51
      36
      46
      52
      40
      36
      47
      44
      53
      49
      31
      33
      43
      46
      47
      35
      33
      46
      43
      49
      42
      39
      38
      44
      43
      62
      41
      48
      36
      44
      48
      42
      45
      36
      37
      60
      48
      39
      45
      49
      39
      35
      39
      50
      39
      52
      41
      49
      52
      45
      50
      57
      42
      43
      43
      43
      49
      44
      42
      47
      47
      37
      45
      44
      48
      46
      46
      47
      44
      44
      56
      56
      56
      49
      45
      43
      54
      35
      42
      43
      51
      47
      42
      39
      37
      46
      33
      41
      39
      34
      52
      45
      28
      42
      49
      39
      40
      46
      42
      41
      49
      45
      34
      41
      38
      48
      40
      39
      42
      44
      48
      52
      33
      44
      43
      42
      46
      41
      40
      42
      52
      44
      33
      37
      32
      38
      31
      44
      40
      33
      37
      37
      35
      43
      40
      47
      52
      42
      45
      39
      29
      44
      50
      51
      42
      52
      40
      37
      37
      48
      47
      36
      38
      44
      26
      39
      50
      31
      32
      44
      28
      35
      44
      36
      48
      27
      42
      44
      41
      43
      42
      49
      39
      44
      39
      31
      35
      50
      41
      44
      42
      40
      44
      50
      34
      36
      37
      40
      38
      43
      42
      47
      34
      47
      44
      41
      45
      36
      45
      45
      33
      34
      39
      33
      44
      34
      36
      45
      57
      34
      48
      36
      39
      44
      38
      45
      37
      48
      47
      35
      49
      36
      32
      36
      45
      24
      37
      48
      53
      32
      25
      34
      45
      37
      36
      42
      39
      32
      39
      46
      48
      42
      35
      39
      40
      46
      35
      31
      44
      39
      42
      44
      38
      39
      29
      41
      48
      40
      32
      43
      37
      43
      42
      49
      40
      44
      38
      33
      45
      45
      42
      38
      31
      42
      37
      33
      46
      40
      41
      29
      43
      28
      33
      33
      48
      40
      48
      33
      62
      32
      37
      38
      32
      46
      39
      42
      28
      42
      40
      46
      43
      37
      40
      47
      37
      44
      33
      34
      42
      34
      44
      42
      35
      28
      43
      43
      35
      40
      45
      52
      43
      31
      37
      44
      40
      33
      34
      39
      53
      38
      30
      32
      34
      34
      33
      34
      36
      29
      39
      53
      46
      40
      34
      41
      49
      35
      32
      45
      31
      40
      34
      34
      42
      28
      36
      47
      29
      39
      39
      35
      37
      40
      43
      29
      30
      39
      36
      44
      40
      30
      34
      39
      28
      33
      44
      39
      45
      36
      38
      33
      35
      36
      42
      36
      32
      34
      42
      42
      38
      47
      51
      40
      45
      47
      48
      33
      47
      33
      32
      50
      39
      45
      47
      36
      31
      42
      33
      34
      33
      40
      38
      42
      43
      35
      43
      37
      45
      32
      44
      28
      43
      43
      41
      25
      40
      24
      37
      36
      35
      28
      42
      27
      30
      39
      33
      36
      43
      31
      27
      28
      39
      32
      36
      37
      39
      31
      28
      37
      37
      44
      32
      39
      40
      34
      35
      34
      27
      31
      32
      30
      34
      35
      32
      42
      28
      29
      42
      41
      35
      36
      35
      34
      36
      39
      28
      42
      36
      38
      38
      38
      47
      39
      35
      41
      24
      29
      34
      34
      41
      30
      39
      22
      32
      39
      34
      34
      43
      24
      27
      34
      34
      37
      27
      28
      28
      26
      33
      28
      30
      45
      23
      41
      36
      30
      23
      27
      48
      42
      41
      37
      31
      22
      34
      27
      31
      28
      32
      39
      30
      28
      27
      38
      25
      48
      30
      40
      38
      29
      25
      38
      29
      26
      33
      39
      35
      34
      27
      34
      30
      30
      32
      35
      30
      33
      25
      28
      35
      28
      37
      30
      23
      35
      41
      30
      30
      35
      29
      29
      27
      31
      29
      33
      39
      36
      29
      41
      36
      26
      28
      34
      23
      36
      34
      33
      32
      24
      27
      37
      33
      34
      32
      32
      38
      33
      42
      23
      37
      29
      31
      31
      25
      19
      27
      36
      40
      24
      44
      37
      29
      35
      43
      35
      29
      36
      34
      25
      32
      28
      28
      27
      39
      31
      30
      42
      45
      30
      32
      28
      34
      26
      26
      25
      21
      25
      28
      26
      38
      33
      27
      36
      28
      29
      31
      33
      38
      28
      29
      19
      34
      36
      32
      32
      34
      26
      38
      21
      20
      22
      23
      38
      26
      23
      26
      42
      29
      37
      32
      30
      30
      23
      20
      37
      34
      34
      24
      26
      25
      24
      26
      18
      35
      28
      24
      29
      26
      25
      38
      24
      38
      30
      27
      30
      28
      29
      25
      34
      34
      28
      24
      26
      23
      18
      34
      31
      29
      38
      19
      39
      30
      29
      25
      30
      26
      24
      26
      25
      45
      12
      39
      26
      23
      24
      18
      40
      28
      41
      27
      24
      36
      34
      28
      31
      39
      34
      37
      27
      24
      27
      24
      31
      33
      29
      33
      28
      30
      32
      20
      23
      25
      21
      34
      23
      25
      24
      34
      27
      38
      34
      27
      40
      35
      28
      23
      29
      27
      31
      28
      18
      24
      33
      32
      24
      32
      30
      31
      16
      27
      19
      30
      27
      27
      25
      32
      25
      39
      29
      23
      35
      33
      22
      31
      25
      33
      26
      24
      28
      25
      23
      24
      27
      35
      23
      26
      27
      25
      21
      40
      26
      32
      32
      24
      26
      25
      37
      33
      35
      31
      42
      13
      27
      22
      22
      27
      28
      28
      27
      25
      24
      30
      23
      27
      27
      24
      19
      18
      33
      30
      22
      23
      27
      30
      26
      28
      23
      27
      24
      18
      19
      30
      30
      42
      19
      25
      23
      27
      22
      28
      30
      26
      28
      33
      23
      15
      22
      26
      25
      28
      27
      28
      26
      31
      30
      26
      21
      26
      34
      28
      25
      27
      18
      25
      27
      25
      19
      33
      30
      20
      38
      20
      25
      34
      28
      25
      28
      16
      26
      23
      25
      25
      31
      26
      30
      33
      28
      22
      33
      26
      28
      30
      28
      34
      23
      30
      32
      20
      21
      26
      19
      29
      22
      25
      22
      20
      27
      22
      36
      25
      23
      27
      31
      20
      25
      31
      30
      30
      22
      21
      25
      17
      24
      26
      25
      17
      38
      22
      24
      27
      26
      27
      28
      28
      25
      19
      24
      25
      21
      27
      20
      18
      23
      19
      29
      22
      14
      28
      30
      21
      21
      14
      24
      15
      21
      18
      15
      29
      19
      26
      17
      24
      27
      32
      18
      14
      17
      25
      24
      20
      18
      18
      14
      20
      16
      12
      22
      18
      22
      22
      22
      24
      22
      20
      16
      17
      20
      18
      13
      24
      30
      19
      29
      21
      19
      17
      17
      16
      17
      25
      36
      15
      11
      20
      17
      17
      18
      21
      28
      12
      20
      20
      18
      17
      16
      20
      25
      12
      13
      20
      15
      14
      16
      18
      16
      23
      19
      19
      14
      18
      16
      13
      13
      20
      21
      20
      20
      10
      21
      27
      16
      14
      15
      13
      12
      19
      22
      25
      15
       9
      22
      22
      16
      12
      16
      15
      15
      22
      17
      14
      16
      13
      25
      14
      13
       9
      24
      19
      15
      24
      16
      20
      25
      17
      18
      23
      21
      18
      14
      18
      25
      20
      14
      16
      29
      13
      15
      19
      14
      13
      15
      11
      13
      13
      19
      13
      13
      13
       5
      13
      14
      13
      15
      11
      16
       7
      12
      25
      11
      16
      13
      17
      12
      13
      18
      17
      20
      12
      17
      11
       2
      16
      16
      11
       8
      10
      14
      11
      14
       4
      11
      11
      12
      16
       8
      12
      10
      15
       8
      16
      12
       5
      11
      12
       9
       9
       6
       8
       9
       6
       7
      10
       8
       9
       8
       5
      13
      12
      10
      10
       9
      14
       9
       9
       6
       9
       8
      11
       9
       8
      12
       9
       8
       9
      12
       5
      10
      12
       5
       5
       6
       3
       9
       9
       6
       7
       9
       8
       8
       8
      12
      16
       4
       9
       4
       9
       9
       6
      14
       7
      10
       8
      11
      15
       9
      15
       9
      12
      14
       8
       4
       6
      10
       6
       9
      10
       6
      13
       8
       7
       8
       9
       2
      12
       6
      10
      12
       5
      12
       9
       7
       7
       7
       8
      13
       5
      10
       6
       5
      10
       7
       6
       7
       8
       7
       5
       8
       4
       5
       4
       8
       5
      11
       8
      14
       5
       8
       4
       9
       5
      12
       5
       8
       7
       7
       5
       9
       9
      10
       6
       5
       5
       6
       9
       8
       6
       7
       7
      10
       6
       6
       3
       8
       8
       9
      10
       8
       3
      11
       7
      10
       4
       6
       9
       8
      10
      12
      11
       5
       7
       8
       7
       5
       8
       7
       5
       8
       6
       6
      11
       9
       9
       9
       8
       9
      10
       4
       8
       8
      12
       9
       8
       6
       5
       9
       7
       8
       6
      12
      11
       9
       9
       8
      11
      10
       8
      10
       5
      12
      12
      11
      11
       5
       6
       4
      10
       7
       6
      10
      11
      13
       9
      12
       7
      14
      13
      17
       7
      11
      14
      13
      12
      16
      14
       9
      13
      15
      22
      21
      15
      14
      15
      20
      13
      26
      18
      15
      21
      25
      24
      21
      20
      23
      14
      18
      30
      23
      22
      21
      24
      19
      19
      19
      21
      18
      24
      22
      27
      17
      20
      27
      30
      25
      34
      35
      22
      25
      23
      25
      22
      18
      18
      21
      24
      29
      14
      26
      20
      26
      28
      19
      22
      18
      25
      21
      16
      15
      18
      14
      16
      15
      20
      15
      18
      15
      13
      11
      14
      16
      17
      16
      15
       9
      13
      11
      10
       7
       6
      10
       4
       6
       9
       4
      10
       9
       4
       2
       9
       4
       2
       4
       6
       1
       1
       2
       3
       3
       4
       2
       3
       2
       3
       2
       4
       3
       2
       2
       3
       1
       4
       2
       1
       1
       3
       4
       0
       3
       1
       5
       0
       2
       3
       4
       3
       1
       3
       2
       1
       2
       1
       2
       5
       5
       1
       4
       3
       3
       2
       2
       5
       1
       2
       4
       5
       4
       4
       2
       0
       3
       1
       2
       3
       0
       0
       2
       1
       5
       4
       2
       2
       1
       3
       2
       3
       1
       0
       0
       1
       4
       2
       2
       0
       4
       3
       2
       1
       0
       1
       2
       4
       0
       0
       2
       2
       0
       4
       2
       7
       2
       1
       2
       4
       3
       2
       2
       4
       1
       2
       4
       2
       1
       2
       0
       2
       4
       1
       2
       1
       2
       0
       0
       2
       8
       1
       2
       2
       2
       1
       1
       3
       4
       0
       3
       2
       1
       1
       2
       1
       4
       2
       1
       3
       5
       0
       1
       4
       3
       2
       0
       1
       1
       1
       3
       2
       0
       2
       3
       0
       1
       1
       3
       3
       2
       3
       1
       2
       3
       2
       1
       3
       1
       2
       2
       5
       7
       5
       2
       2
       0
       1
       2
       1
       2
       2
       0
       1
       1
       4
       1
       3
       0
       0
       2
       0
       1
       2
       3
       2
       2
       3
       3
       3
       1
       4
       0
       2
       1
       4
       1
       2
       3
       2
       1
       2
       2
       4
       1
       5
       4
       4
       1
       3
       4
       2
       3
       2
       1
       4
       2
       1
       7
       4
       2
       2
       0
       2
       4
       5
       1
       2
       4
       7
       4
       3
       1
       1
       2
       4
       6
       1
       2
       4
       2
       3
       5
       1
       5
       3
       6
       1
       2
       3
       1
       2
       1
       3
       5
       2
       0
       2
       4
       6
       2
       4
       7
       5
       5
       1
       2
       4
       4
       3
       1
       0
       1
       3
       5
       2
       1
       1
       5
       4
       1
       4
       5
       3
       1
       2
       0
       3
       1
       3
       2
       2
       1
       1
       3
       0
       0
       3
       1
       2
       3
       2
       1
       2
       1
       1
       3
       2
       1
       0
       2
       1
       0
       1
       0
       1
       1
       1
       1
       2
       0
       0
       1
       1
       1
       0
       1
       0
       0
       0
       1
       0
       1
       0
       0
       0
       0
       0
       0
       2
       1
       0
       1
       2
       0
       0
       1
       0
       0
       0
       1
       0
       1
       1
       2
       0
       1
       0
       1
       1
       0
       2
       0
       0
       0
       0
       2
       3
       1
       2
       0
       0
       0
       2
       0
       0
       0
       0
       2
       0
       0
       1
       0
       1
       1
       0
       0
       0
       0
       3
       1
       2
       0
       3
       1
       1
       2
       0
       0
       1
       1
       1
       0
       2
       0
       1
       0
       0
       1
       0
       2
       0
       0
       1
       1
       1
       1
       1
       0
       2
       1
       0
       1
       0
       1
       0
       0
       1
       2
       1
       2
       2
       0
       1
       2
       1
       2
       1
       2
       0
       1
       0
       1
       3
       1
       0
       2
       1
       3
       0
       0
       2
       1
       0
       0
       0
       0
       0
       2
       1
       0
       1
       1
       1
       0
       0
       1
       1
       0
       1
       1
       1
       2
       0
       3
       1
       1
       0
       0
       1
       0
       1
       0
       0
       0
       0
       1
       1
       1
       1
       1
       0
       1
       1
       0
       0
       0
       0
       1
       3
       0
       0
       1
       0
       2
       0
       1
       0
       0
       2
       0
       1
       0
       1
       1
       0
       0
       0
       0
       1
       0
       1
       1
       1
       2
       0
       2
       2
       1
       0
       1
       0
       1
       1
       3
       0
       0
       0
       0
       0
       2
       0
       2
       1
       1
       1
       0
       0
       1
       0
       0
       0
       0
       1
       0
       0
       1
       0
       0
       2
       0
       1
       0
       1
       1
       1
       0
       1
       0
       0
       1
       0
       1
       0
       0
       0
       0
       0
       1
       0
       1
       3
       2
       1
       0
       0
       0
       1
       0
       0
       0
       1
       0
       1
       0
       1
       0
       0
       1
       0
       0
       2
       2
       1
       0
       1
       0
       1
       0
       0
       0
       0
       0
       1
       1
       1
       0
       1
       1
       1
       0
       0
       1
       0
       0
       0
       0
       1
       0
       1
       0
       0
       0
       0
       0
       1
       1
       1
       1
       0
       0
       0
       0
       1
       0
       2
       1
       1
       0
       0
       1
       1
       0
       0
       0
       2
       0
       1
       0
       1
       1
       0
       0
       2
       0
       0
       1
       1
       0
       1
       2
       0
       0
       0
       0
       0
       0
       0
       1
       0
       0
       0
       1
       1
       0
       1
       0
       1
       1
       0
       0
       1
       1
       0
       1
       0
       0
       0
       0
       0
       1
       1
       0
       2
       1
       1
       1
       2
       0
       1
       0
       0
       2
       1
       0
       0
       0
       0
       1
       0
       1
       0
       0
       1
       1
       1
       0
       0
       1
       0
       0
       2
       0
       0
       0
       1
       1
       0
       1
       1
       0
       2
       0
       0
       0
       0
       0
       0
       0
       1
       0
       0
       2
       0
       0
       0
       1
       0
       0
       0
       1
       1
       1
       1
       0
       1
       2
       1
       1
       0
       0
       1
       2
       0
       0
       0
       2
       1
       0
       0
       1
       1
       0
       1
       2
       0
       1
       0
       1
       0
       1
       0
       1
       0
       0
       1
       0
       1
       1
       0
       1
       0
       3
       0
       0
       0
       0
       0
       0
       0
       0
       1
       0
       0
       1
       2
       1
       1
       1
       0
       1
       1
       0
       1
       0
       0
       0
       0
       3
       0
       1
       0
       0
       0
       2
       0
       1
       1
       0
       2
       0
       1
       0
       0
       0
       0
       0
       0
       0
       2
       1
       0
       1
       0
       0
       0
       0
       0
       0
       0
       0
       0
       0
       0
       0
       1
       0
       1
       0
       0
       0
       0
       1
       0
       1
       0
       0
       0
       1
       0
       0
       2
       0
       0
       1
       0
       0
       1
       2
       0
       0
       0
       0
       0
       1
       0
       1
       0
       0
       0
       0
       1
       2
       0
       1
       0
       1
       0
       0
       1
       2
       0
       0
       0
       0
       0
       0
       1
       1
       0
       0
       1
       0
       1
       0
       0
       0
       0
       0
       0
       0
       0
       0
       0
       2
       0
       0
       1
       0
       0
       0
       0
       1
       0
       1
       0
       0
       0
       0
       1
       0
       0
       1
       0
       0
       2
       1
       0
       1
       0
       0
       0
       0
       0
       0
       0
       1
       2
       0
       1
       0
       0
       0
       0
       0
       0
       1
       0
       0
       0
       0
       0
       0
       0
       0
       0
       0
       2
       1
       1
       0
       1
       1
       0
       2
       1
       0
       0
       0
       1
       0
       0
       0
       0
       0
       0
       0
       1
       0
       0
       1
       1
       0
       0
       0
       1
       0
       1
       0
       2
       0
       0
       0
       0
       0
       1
       0
       0
       1
       0
       1
       0
       0
       0
       0
       0
       0
       0
       0
       0
       2
       0
       0
       0
       0
       0
       0
       0
       1
       0
       0
       0
       1
       0
       0
       0
       0
       0
       1
       0
       2
       2
       0
       1
       0
       1
       1
       0
       1
       0
       1
       0
       0
       0
       0
       2
       1
       2
       2
       0
       0
       0
       0
       2
       0
       1
       0
       0
       1
       0
       0
       0
       0
       0
       1
       1
       1
       0
       0
       0
       1
       3
       0
       1
       0
       0
       2
       0
       0
       0
       0
       0
       0
       0
       3
       1
       1
       0
       0
       0
       0
       0
       0
       0
       0
       0
       1
       1
       0
       0
       0
       0
       2
       0
       1
       0
       1
       1
       1
       0
       0
       1
       1
       0
       2
       1
       0
       0
       0
       0
       0
       0
       0
       1
       1
       1
       0
       1
       0
       1
       0
       0
       0
       0
       0
       0
       0
       0
       0
       0
       0
       0
       0
       0
       0
       0
       1
       0
       2
       0
       0
       0
       0
       1
       1
       1
       1
       0
       0
       0
       0
       0
       1
       0
       0
       0
       1
       0
       0
       1
       0
       2
       0
       0
       0
       1
       2
       0
       1
       0
       0
       0
       0
       1
       0
       0
       1
       1
       0
       1
       1
       0
       0
       0
       0
       0
       0
       0
       0
       0
       0
       0
       2
       0
       1
       1
       2
       0
       1
       0
       0
       0
       0
       0
       0
       0
       0
       0
       0
       1
       0
       0
       1
       0
       0
       0
       1
       0
       0
       1
       0
       0
       0
       0
       0
       0
       0
       0
       0
       0
       0
       0
       0
       0
       0
       0
       1
       0
       0
       0
       1
       0
       0
       1
       0
       0
       1
       0
       0
       1
       0
       2
       0
       2
       0
       1
       1
       1
       0
       0
       0
       0
       0
       0
       0
       0
       0
       0
       0
       0
       0
       0
       1
       0
       0
       0
       0
       0
       0
       0
       1
       0
       0
       0
       0
       0
       0
       0
       1
       2
       0
       0
       0
       0
       0
       0
       0
       0
       2
       0
       0
       0
       0
       0
       0
       0
       0
       0
       1
       0
       1
       0
       0
       0
       1
       0
       0
       0
       0
       0
       1
       0
       0
       2
       0
       0
       1
       0
       0
       0
       0
       0
       0
       1
       0
       0
       0
       0
       0
       0
       0
       0
       0
       0
       0
       0
       0
       1
       0
       0
       1
       1
       0
       0
       0
       0
       0
       0
       0
       1
       0
       1
       0
       0
       0
       1
       1
       0
       1
       1
       0
       0
       0
       1
       0
       0
       0
       1
       0
       0
       0
       0
       0
       0
       0
       0
       0
       0
       0
       0
       1
       0
       0
       0
       0
       1
       1
       0
       0
       1
       0
       2
       3
       1
       1
       0
       0
       0
       0
       0
       0
       0
       0
       1
       0
       0
       0
       1
       0
       0
       2
       0
       0
       0
       0
       0
       0
       0
       0
       0
       1
       0
       0
       0
       0
       0
       0
       2
       0
       0
       0
       0
       0
       0
       0
       0
       0
       0
       0
       0
       0
       0
       1
       0
       0
       0
       0
       0
       0
       0
       0
       0
       0
       0
       0
       0
       0
       1
       1
       0
       1
       0
       0
       1
       0
       0
       0
       1
       0
       0
       0
       0
       0
       0
       0
       0
       0
       0
       0
       1
       1
       0
       0
       0
       0
       0
       0
       0
       1
       0
       0
       0
       0
       0
       0
       0
       1
       0
       1
       1
       0
       0
       0
       0
       0
       0
       0
       0
       0
       1
       0
       0
       0
       0
       0
       0
       0
       0
       0
       0
       0
       0
       2
       0
       0
       0
       0
       0
       0
       1
       2
       0
       0
       0
       0
       0
       0
       0
       0
       0
       0
       0
       0
       0
       1
       0
       1
       0
       0
       0
       0
       0
       0
       0
       0
       0
       0
       0
       0
       0
       0
       0
       0
       1
       0
       0
       1
       0
       0
       1
       0
       1
       1
       0
       0
       0
       0
       0
       0
       1
       0
       0
       0
       0
       0
       0
       0
       0
       0
       0
       0
       0
       1
       0
       0
       0
       0
       0
       0
       0
       0
       0
       0
       0
       0
       0
       0
       1
       0
       0
       0
       0
       0
       0
       0
       0
       1
       1
       0
       1
       1
       0
       0
       0
       0
       1
       0
       0
       0
       0
       0
       0
       0
       0
       0
       0
       0
       0
       0
       0
       0
       1
       0
       0
       0
       0
       0
       1
       1
       0
       0
       0
       0
       1
       0
       0
       0
       0
       0
       0
       0
       0
       0
       0
       0
       0
       0
       0
       0
       0
       0
       0
       0
       1
       0
       0
       0
       0
       0
       0
       0
       0
       0
       0
       0
       1
       0
       0
       0
       0
       0
       0
       0
       0
       0
       0
       0
       0
       0
       0
       0
       0
       0
       0
       0
       0
       0
       0
       0
       0
       0
       0
       0
       0
       0
       1
       0
       0
       0
       0
       0
       0
       1
       0
       0
       0
       0
       0
       0
       0
       0
       0
       0
       0
       0
       0
       0
       0
       0
       0
       0
       0
       0
       1
       0
       0
       0
       0
       0
       0
       0
       0
       0
       0
       0
       0
       0
       0
       0
       0
       0
       1
       2
       0
       0
       1
       0
       0
       0
       0
       0
       1
       0
       0
       0
       1
       0
       0
       0
       0
       0
       0
       0
       0
       0
       0
       0
       0
       0
       0
       0
       0
       0
       0
       0
       0
       0
       0
       0
       0
       0
       0
       0
       0
       0
       0
       0
       0
       0
       0
       1
       0
       0
       0
       0
       0
       0
       0
       0
       0
       0
       1
       0
       0
       0
       0
       0
       0
       0
       0
       0
       1
       0
       1
       0
       0
       0
       0
       0
       1
       0
       0
       0
       0
       0
       0
       0
       0
       0
       0
       0
       0
       0
       0
       0
       0
       0
       0
       0
       0
       0
       0
       0
       0
       0
       0
       0
       0
       0
       0
       0
       0
       0
       0
       0
       0
       0
       0
       0
       0
       0
       1
       0
       0
       0
       1
       0
       0
       0
       0
       0
       0
       0
       0
       0
       0
       0
       0
       0
       0
       1
       0
       0
       0
       0
       0
       0
       0
       0
       0
       0
       0
       0
       0
       1
       0
       0
       0
       0
       0
       0
       0
       0
       0
       0
       0
       0
       0
       0
       0
       0
       0
       0
       0
       0
       0
       0
       0
       0
       0
       0
       0
       0
       0
       0
       0
       0
       0
       0
       0
       0
       0
       0
       0
       0
       0
       0
       0
       0
       0
       0
       0
       0
       0
       0
       0
       0
       0
       0
       0
       0
       0
       0
       0
       0
       0
       0
       0
       0
       0
       0
       0
       0
       0
       0
       0
       0
       0
       0
       0
       0
       0
       0
       0
       0
       0
       0
       1
       0
       0
       0
       0
       0
       0
       0
       0
       0
       0
       0
       0
       0
       0
       0
       0
       0
       0
       0
       0
       0
       0
       0
       0
       0
       1
       0
       0
       0
       0
       0
       0
       0
       0
       0
       0
       0
       0
       0
       0
       0
       0
       0
       0
       0
       0
       0
       0
       0
       0
       1
       0
       0
       0
       0
       0
       0
       0
       0
       0
       1
       0
       0
       0
       0
       0
       0
       0
       0
       1
       0
       0
       0
       0
       0
       0
       0
       0
       0
       0
       1
       0
       0
       0
       0
       0
       0
       0
       0
       0
       0
       0
       0
       0
       0
       0
       0
       0
       1
       0
       0
       0
       0
       0
       0
       0
       0
       0
       0
       0
       0
       0
       1
       0
       0
       0
       0
       0
       0
       0
       0
       0
       0
       0
       0
       0
       0
       0
       0
       0
       0
       0
       0
       0
       0
       0
       0
       1
       0
       0
       0
       0
       0
       0
       0
       0
       0
       0
       0
       0
       0
       0
       0
       1
       0
       0
       0
       1
       0
       0
       0
       0
       0
       1
       0
       0
       0
       0
       0
       0
       0
       0
       0
       0
       0
       0
       0
       0
       0
       0
       0
       0
       0
       0
       0
       0
       0
       0
       0
       0
       0
       0
       0
       0
       0
       0
       0
       0
       0
       0
       0
       0
       0
       0
       0
       0
       0
       0
       0
       0
       0
       0
       0
       0
       0
       0
       0
       0
       0
       0
       0
       0
       0
       0
       0
       0
       0
       1
       0
       0
       1
       0
       0
       0
       0
       0
       0
       0
       0
       0
       0
       0
       0
       0
       0
       0
       0
       0
       0
       2
       0
       0
       0
       0
       0
       0
       0
       1
       0
       0
       0
       0
       0
       0
       0
       0
       0
       1
       0
       0
       0
       0
       0
       0
       0
       0
       0
       0
       1
       0
       0
       0
       0
       0
       0
       0
       0
       0
       0
       0
       0
       0
       0
       0
       0
       0
       0
       0
       0
       0
       0
       0
       0
       0
       0
       0
       0
       0
       0
       0
       0
       0
       0
       0
       0
       1
       0
       0
       0
       0
       0
       0
       0
       0
       0
       0
       0
       0
       0
       0
       0
       0
       0
       0
       0
       0
       0
       0
       0
       0
       0
       0
       0
       0
       0
       0
       0
       0
       0
       0
       1
       0
       0
       0
       0
       0
       0
       0
       0
       1
       0
       0
       0
       0
       0
       0
       0
       0
       0
       0
       0
       0
       0
       0
       0
       0
       0
       0
       0
       0
       0
       0
       0
       1
       0
       0
       0
       0
       0
       0
       0
       0
       0
       0
       0
       0
       0
       0
       0
       0
       0
       0
       0
       0
       0
       0
       0
       0
       0
       0
       0
       1
       0
       0
       0
       0
       0
       0
       0
       0
       0
       0
       0
       0
       0
       0
       0
       0
       1
       0
       0
       0
       0
       0
       0
       0
       0
       0
       0
       0
       0
       0
       0
       0
       0
       0
       0
       0
       0
       0
       0
       0
       0
       0
       0
       0
       0
       0
       0
       0
       0
       0
       0
       0
       0
       0
       0
       0
       0
       0
       0
       1
       0
       0
       0
       0
       0
       0
       0
       0
       0
       0
       0
       0
       0
       0
       0
       0
       0
       0
       0
       0
       0
       0
       0
       0
       0
       0
       0
       0
       0
       0
       0
       0
       0
       0
       0
       0
       1
       1
       0
       0
       0
       0
       0
       0
       0
       0
       0
       0
       0
       0
       0
       0
       0
       0
       0
       0
       0
       0
       0
       0
       0
       0
       0
       0
       0
       0
       0
       0
       1
       0
       0
       0
       0
       0
       0
       0
       0
       0
       0
       0
       0
       0
       0
       0
       0
       0
       0
       0
       0
       0
       0
       0
       0
       0
       0
       0
       0
       0
       0
       0
       0
       0
       0
       0
       0
       0
       0
       0
       0
       0
       0
       0
       0
       0
       0
       0
       0
       0
       0
       0
       0
       0
       0
       0
       0
       0
       0
       0
       0
       0
       0
       0
       0
       0
       0
       0
       0
       1
       0
       0
       0
       0
       0
       0
       0
       0
       0
       0
       0
       0
       0
       0
       0
       0
       0
       0
       0
       0
       0
       0
       0
       0
       0
       0
       0
       0
       0
       0
       0
       0
       0
       0
       0
       0
       1
       0
       0
       0
       0
       0
       0
       0
       0
       0
       0
       0
       1
       0
       0
       0
       0
       0
       0
       0
       0
       0
       0
       0
       0
       0
       0
       0
       0
       0
       0
       0
       0
       0
       0
       0
       0
       0
       0
       0
       0
       0
       0
       0
       0
       0
       0
       0
       0
       0
       0
       0
       0
       0
       0
       0
       0
       0
       0
       0
       0
       0
       0
       0
       0
       0
       0
       0
       0
       0
       0
       0
       0
       0
       0
       0
       0
       0
       0
       0
       0
       0
       0
       0
       0
       0
       0
       0
       0
       0
       0
       0
       0
       0
       0
       0
       0
       0
       0
       0
       0
       0
       0
       0
       0
       0
       0
       0
       0
       0
       0
       0
       0
       0
       0
       0
       0
       0
       0
       0
       0
       0
       2
       0
       0
       0
       1
       0
       1
       0
       2
       0
       0
       0
       0
       0
       0
       1
       3
       0
       0
       0
       1
       0
       0
       0
       0
       0
       2
       0
       3
       0
       0
       1
       0
       0
       0
       2
       1
       1
       1
       1
       0
       1
       1
       0
       1
       0
       0
       1
       0
       0
       0
       0
       1
       2
       1
       1
       1
       0
       0
       0
       0
       1
       0
       2
       0
       0
       1
       0
       0
       1
       0
       0
       0
       1
       1
       2
       0
       0
       0
       0
       1
       2
       0
       1
       0
       1
       1
       0
       0
       1
       1
       0
       0
       1
       0
       1
       0
       0
       2
       0
       0
       0
       0
       0
       0
       0
       0
       0
       0
       0
       1
       0
       0
       4
       0
       0
       0
       0
       0
       1
       1
       1
       0
       0
       1
       0
       0
       0
       0
       1
       0
       0
       0
       0
       1
       0
       0
       0
       1
       0
       1
       1
       0
       1
       0
       1
       1
       1
       0
       0
       0
       0
       0
       0
       2
       0
       0
       1
       0
       0
       1
       1
       3
       0
       1
       1
       0
       0
       0
       1
       1
       0
       1
       0
       3
       0
       1
       2
       3
       0
       1
       0
       0