
*-----------------------------------------------------------------------
*     Mass and Charge Distribution of NEVAP
*-----------------------------------------------------------------------

p: port nofr

*-----------------------------------------------------------------------
*     Plot of Mass Distribution of NEVAP
*-----------------------------------------------------------------------

p: scal(0.7) xorg(0.1) yorg(1.9)
p: ylog

'Mass Distribution of NEVAP'

x: A_{f}
y: Yield (mb)

c:  mass       nevap
h:  x-0.5    y(NEVAP),lh0
    1.0     0.00000E+00
    1.0     0.00000E+00
    2.0     0.31368E+03
    3.0     0.62735E+02
    4.0     0.32936E+03
    5.0     0.00000E+00
    6.0     0.00000E+00
    7.0     0.00000E+00
    8.0     0.00000E+00
    9.0     0.00000E+00
   10.0     0.00000E+00
   11.0     0.00000E+00
   12.0     0.00000E+00
   13.0     0.00000E+00
   14.0     0.00000E+00
   15.0     0.00000E+00
   16.0     0.00000E+00
   17.0     0.00000E+00
   18.0     0.00000E+00
   19.0     0.00000E+00
   20.0     0.00000E+00
   21.0     0.00000E+00
   22.0     0.00000E+00
   23.0     0.00000E+00
   24.0     0.00000E+00
   25.0     0.00000E+00
   26.0     0.00000E+00
   27.0     0.00000E+00
   28.0     0.00000E+00
   29.0     0.00000E+00
   30.0     0.00000E+00
   31.0     0.00000E+00
   32.0     0.00000E+00
   33.0     0.00000E+00
   34.0     0.00000E+00
   35.0     0.00000E+00
   36.0     0.00000E+00
   37.0     0.00000E+00
   38.0     0.00000E+00
   39.0     0.00000E+00
   40.0     0.00000E+00
   41.0     0.00000E+00
   42.0     0.00000E+00
   43.0     0.00000E+00
   44.0     0.00000E+00
   45.0     0.00000E+00
   46.0     0.00000E+00
   47.0     0.00000E+00
   48.0     0.00000E+00
   49.0     0.00000E+00
   50.0     0.00000E+00
   51.0     0.00000E+00
   52.0     0.00000E+00
   53.0     0.31368E+02
   54.0     0.62735E+02
   55.0     0.15684E+02
   56.0     0.15684E+02
   57.0     0.31368E+02
   58.0     0.00000E+00
   59.0     0.31368E+02
   60.0     0.31368E+02
   61.0     0.78419E+02
   62.0     0.78419E+02
   63.0     0.62735E+02
   64.0     0.00000E+00
   65.0     0.47052E+02
   66.0     0.47052E+02
   67.0     0.78419E+02
   68.0     0.62735E+02
   69.0     0.10979E+03
   70.0     0.00000E+00

*-----------------------------------------------------------------------
*     Plot of Charge Distribution of NEVAP
*-----------------------------------------------------------------------

z: yorg(-1.7)
p: ylog

'Charge Distribution of NEVAP'

x: Z_{f}
y: Yield (mb)

c:  charge     nevap
h:  x-0.5    y(NEVAP),lh0
    1.0     0.00000E+00
    1.0     0.34505E+03
    2.0     0.36073E+03
    3.0     0.00000E+00
    4.0     0.00000E+00
    5.0     0.00000E+00
    6.0     0.00000E+00
    7.0     0.00000E+00
    8.0     0.00000E+00
    9.0     0.00000E+00
   10.0     0.00000E+00
   11.0     0.00000E+00
   12.0     0.00000E+00
   13.0     0.00000E+00
   14.0     0.00000E+00
   15.0     0.00000E+00
   16.0     0.00000E+00
   17.0     0.00000E+00
   18.0     0.00000E+00
   19.0     0.00000E+00
   20.0     0.00000E+00
   21.0     0.00000E+00
   22.0     0.00000E+00
   23.0     0.00000E+00
   24.0     0.47052E+02
   25.0     0.62735E+02
   26.0     0.31368E+02
   27.0     0.31368E+02
   28.0     0.14115E+03
   29.0     0.10979E+03
   30.0     0.12547E+03
   31.0     0.10979E+03
   32.0     0.12547E+03
   33.0     0.00000E+00

*-----------------------------------------------------------------------
*     Plot of Mass Distribution in 2-Dim. of NEVAP
*-----------------------------------------------------------------------

newpage:

p: port nofr

p: nosp zlog
p: xorg(-0.05) yorg(0.2) afac(0.6)
p: xmin(0) xmax( 40.0)
p: ymin(0) ymax( 34.0)
p: form(  0.850)

x: N Neutron Number
y: Z Proton Number
hc: y =  34 to 1 by -1 ; x = 1 to  40 by 1 ;
  0.000E+00  0.000E+00  0.000E+00  0.000E+00  0.000E+00  0.000E+00  0.000E+00  0.000E+00  0.000E+00  0.000E+00
  0.000E+00  0.000E+00  0.000E+00  0.000E+00  0.000E+00  0.000E+00  0.000E+00  0.000E+00  0.000E+00  0.000E+00
  0.000E+00  0.000E+00  0.000E+00  0.000E+00  0.000E+00  0.000E+00  0.000E+00  0.000E+00  0.000E+00  0.000E+00
  0.000E+00  0.000E+00  0.000E+00  0.000E+00  0.000E+00  0.000E+00  0.000E+00  0.000E+00  0.000E+00  0.000E+00
  0.000E+00  0.000E+00  0.000E+00  0.000E+00  0.000E+00  0.000E+00  0.000E+00  0.000E+00  0.000E+00  0.000E+00
  0.000E+00  0.000E+00  0.000E+00  0.000E+00  0.000E+00  0.000E+00  0.000E+00  0.000E+00  0.000E+00  0.000E+00
  0.000E+00  0.000E+00  0.000E+00  0.000E+00  0.000E+00  0.000E+00  0.000E+00  0.000E+00  0.000E+00  0.000E+00
  0.000E+00  0.000E+00  0.000E+00  0.000E+00  0.000E+00  0.000E+00  0.000E+00  0.000E+00  0.000E+00  0.000E+00
  0.000E+00  0.000E+00  0.000E+00  0.000E+00  0.000E+00  0.000E+00  0.000E+00  0.000E+00  0.000E+00  0.000E+00
  0.000E+00  0.000E+00  0.000E+00  0.000E+00  0.000E+00  0.000E+00  0.000E+00  0.000E+00  0.000E+00  0.000E+00
  0.000E+00  0.000E+00  0.000E+00  0.000E+00  0.000E+00  0.000E+00  0.000E+00  0.000E+00  0.000E+00  0.000E+00
  0.000E+00  0.000E+00  0.000E+00  0.000E+00  0.157E+02  0.314E+02  0.784E+02  0.000E+00  0.000E+00  0.000E+00
  0.000E+00  0.000E+00  0.000E+00  0.000E+00  0.000E+00  0.000E+00  0.000E+00  0.000E+00  0.000E+00  0.000E+00
  0.000E+00  0.000E+00  0.000E+00  0.000E+00  0.000E+00  0.000E+00  0.000E+00  0.000E+00  0.000E+00  0.000E+00
  0.000E+00  0.000E+00  0.000E+00  0.000E+00  0.000E+00  0.000E+00  0.000E+00  0.000E+00  0.000E+00  0.000E+00
  0.000E+00  0.000E+00  0.000E+00  0.000E+00  0.000E+00  0.471E+02  0.314E+02  0.314E+02  0.000E+00  0.000E+00
  0.000E+00  0.000E+00  0.000E+00  0.000E+00  0.000E+00  0.000E+00  0.000E+00  0.000E+00  0.000E+00  0.000E+00
  0.000E+00  0.000E+00  0.000E+00  0.000E+00  0.000E+00  0.000E+00  0.000E+00  0.000E+00  0.000E+00  0.000E+00
  0.000E+00  0.000E+00  0.000E+00  0.000E+00  0.000E+00  0.000E+00  0.000E+00  0.000E+00  0.000E+00  0.000E+00
  0.000E+00  0.000E+00  0.157E+02  0.000E+00  0.471E+02  0.471E+02  0.157E+02  0.000E+00  0.000E+00  0.000E+00
  0.000E+00  0.000E+00  0.000E+00  0.000E+00  0.000E+00  0.000E+00  0.000E+00  0.000E+00  0.000E+00  0.000E+00
  0.000E+00  0.000E+00  0.000E+00  0.000E+00  0.000E+00  0.000E+00  0.000E+00  0.000E+00  0.000E+00  0.000E+00
  0.000E+00  0.000E+00  0.000E+00  0.000E+00  0.000E+00  0.000E+00  0.000E+00  0.000E+00  0.000E+00  0.000E+00
  0.000E+00  0.157E+02  0.627E+02  0.314E+02  0.000E+00  0.000E+00  0.000E+00  0.000E+00  0.000E+00  0.000E+00
  0.000E+00  0.000E+00  0.000E+00  0.000E+00  0.000E+00  0.000E+00  0.000E+00  0.000E+00  0.000E+00  0.000E+00
  0.000E+00  0.000E+00  0.000E+00  0.000E+00  0.000E+00  0.000E+00  0.000E+00  0.000E+00  0.000E+00  0.000E+00
  0.000E+00  0.000E+00  0.000E+00  0.000E+00  0.000E+00  0.000E+00  0.000E+00  0.000E+00  0.000E+00  0.000E+00
  0.314E+02  0.314E+02  0.627E+02  0.000E+00  0.157E+02  0.000E+00  0.000E+00  0.000E+00  0.000E+00  0.000E+00
  0.000E+00  0.000E+00  0.000E+00  0.000E+00  0.000E+00  0.000E+00  0.000E+00  0.000E+00  0.000E+00  0.000E+00
  0.000E+00  0.000E+00  0.000E+00  0.000E+00  0.000E+00  0.000E+00  0.000E+00  0.000E+00  0.000E+00  0.000E+00
  0.000E+00  0.000E+00  0.000E+00  0.000E+00  0.000E+00  0.000E+00  0.000E+00  0.000E+00  0.000E+00  0.157E+02
  0.000E+00  0.000E+00  0.000E+00  0.000E+00  0.157E+02  0.000E+00  0.000E+00  0.000E+00  0.000E+00  0.000E+00
  0.000E+00  0.000E+00  0.000E+00  0.000E+00  0.000E+00  0.000E+00  0.000E+00  0.000E+00  0.000E+00  0.000E+00
  0.000E+00  0.000E+00  0.000E+00  0.000E+00  0.000E+00  0.000E+00  0.000E+00  0.000E+00  0.000E+00  0.000E+00
  0.000E+00  0.000E+00  0.000E+00  0.000E+00  0.000E+00  0.000E+00  0.000E+00  0.157E+02  0.000E+00  0.157E+02
  0.000E+00  0.000E+00  0.000E+00  0.000E+00  0.000E+00  0.000E+00  0.000E+00  0.000E+00  0.000E+00  0.000E+00
  0.000E+00  0.000E+00  0.000E+00  0.000E+00  0.000E+00  0.000E+00  0.000E+00  0.000E+00  0.000E+00  0.000E+00
  0.000E+00  0.000E+00  0.000E+00  0.000E+00  0.000E+00  0.000E+00  0.000E+00  0.000E+00  0.000E+00  0.000E+00
  0.000E+00  0.000E+00  0.000E+00  0.000E+00  0.000E+00  0.000E+00  0.000E+00  0.000E+00  0.314E+02  0.157E+02
  0.000E+00  0.157E+02  0.000E+00  0.000E+00  0.000E+00  0.000E+00  0.000E+00  0.000E+00  0.000E+00  0.000E+00
  0.000E+00  0.000E+00  0.000E+00  0.000E+00  0.000E+00  0.000E+00  0.000E+00  0.000E+00  0.000E+00  0.000E+00
  0.000E+00  0.000E+00  0.000E+00  0.000E+00  0.000E+00  0.000E+00  0.000E+00  0.000E+00  0.000E+00  0.000E+00
  0.000E+00  0.000E+00  0.000E+00  0.000E+00  0.000E+00  0.000E+00  0.000E+00  0.000E+00  0.314E+02  0.157E+02
  0.000E+00  0.000E+00  0.000E+00  0.000E+00  0.000E+00  0.000E+00  0.000E+00  0.000E+00  0.000E+00  0.000E+00
  0.000E+00  0.000E+00  0.000E+00  0.000E+00  0.000E+00  0.000E+00  0.000E+00  0.000E+00  0.000E+00  0.000E+00
  0.000E+00  0.000E+00  0.000E+00  0.000E+00  0.000E+00  0.000E+00  0.000E+00  0.000E+00  0.000E+00  0.000E+00
  0.000E+00  0.000E+00  0.000E+00  0.000E+00  0.000E+00  0.000E+00  0.000E+00  0.000E+00  0.000E+00  0.000E+00
  0.000E+00  0.000E+00  0.000E+00  0.000E+00  0.000E+00  0.000E+00  0.000E+00  0.000E+00  0.000E+00  0.000E+00
  0.000E+00  0.000E+00  0.000E+00  0.000E+00  0.000E+00  0.000E+00  0.000E+00  0.000E+00  0.000E+00  0.000E+00
  0.000E+00  0.000E+00  0.000E+00  0.000E+00  0.000E+00  0.000E+00  0.000E+00  0.000E+00  0.000E+00  0.000E+00
  0.000E+00  0.000E+00  0.000E+00  0.000E+00  0.000E+00  0.000E+00  0.000E+00  0.000E+00  0.000E+00  0.000E+00
  0.000E+00  0.000E+00  0.000E+00  0.000E+00  0.000E+00  0.000E+00  0.000E+00  0.000E+00  0.000E+00  0.000E+00
  0.000E+00  0.000E+00  0.000E+00  0.000E+00  0.000E+00  0.000E+00  0.000E+00  0.000E+00  0.000E+00  0.000E+00
  0.000E+00  0.000E+00  0.000E+00  0.000E+00  0.000E+00  0.000E+00  0.000E+00  0.000E+00  0.000E+00  0.000E+00
  0.000E+00  0.000E+00  0.000E+00  0.000E+00  0.000E+00  0.000E+00  0.000E+00  0.000E+00  0.000E+00  0.000E+00
  0.000E+00  0.000E+00  0.000E+00  0.000E+00  0.000E+00  0.000E+00  0.000E+00  0.000E+00  0.000E+00  0.000E+00
  0.000E+00  0.000E+00  0.000E+00  0.000E+00  0.000E+00  0.000E+00  0.000E+00  0.000E+00  0.000E+00  0.000E+00
  0.000E+00  0.000E+00  0.000E+00  0.000E+00  0.000E+00  0.000E+00  0.000E+00  0.000E+00  0.000E+00  0.000E+00
  0.000E+00  0.000E+00  0.000E+00  0.000E+00  0.000E+00  0.000E+00  0.000E+00  0.000E+00  0.000E+00  0.000E+00
  0.000E+00  0.000E+00  0.000E+00  0.000E+00  0.000E+00  0.000E+00  0.000E+00  0.000E+00  0.000E+00  0.000E+00
  0.000E+00  0.000E+00  0.000E+00  0.000E+00  0.000E+00  0.000E+00  0.000E+00  0.000E+00  0.000E+00  0.000E+00
  0.000E+00  0.000E+00  0.000E+00  0.000E+00  0.000E+00  0.000E+00  0.000E+00  0.000E+00  0.000E+00  0.000E+00
  0.000E+00  0.000E+00  0.000E+00  0.000E+00  0.000E+00  0.000E+00  0.000E+00  0.000E+00  0.000E+00  0.000E+00
  0.000E+00  0.000E+00  0.000E+00  0.000E+00  0.000E+00  0.000E+00  0.000E+00  0.000E+00  0.000E+00  0.000E+00
  0.000E+00  0.000E+00  0.000E+00  0.000E+00  0.000E+00  0.000E+00  0.000E+00  0.000E+00  0.000E+00  0.000E+00
  0.000E+00  0.000E+00  0.000E+00  0.000E+00  0.000E+00  0.000E+00  0.000E+00  0.000E+00  0.000E+00  0.000E+00
  0.000E+00  0.000E+00  0.000E+00  0.000E+00  0.000E+00  0.000E+00  0.000E+00  0.000E+00  0.000E+00  0.000E+00
  0.000E+00  0.000E+00  0.000E+00  0.000E+00  0.000E+00  0.000E+00  0.000E+00  0.000E+00  0.000E+00  0.000E+00
  0.000E+00  0.000E+00  0.000E+00  0.000E+00  0.000E+00  0.000E+00  0.000E+00  0.000E+00  0.000E+00  0.000E+00
  0.000E+00  0.000E+00  0.000E+00  0.000E+00  0.000E+00  0.000E+00  0.000E+00  0.000E+00  0.000E+00  0.000E+00
  0.000E+00  0.000E+00  0.000E+00  0.000E+00  0.000E+00  0.000E+00  0.000E+00  0.000E+00  0.000E+00  0.000E+00
  0.000E+00  0.000E+00  0.000E+00  0.000E+00  0.000E+00  0.000E+00  0.000E+00  0.000E+00  0.000E+00  0.000E+00
  0.000E+00  0.000E+00  0.000E+00  0.000E+00  0.000E+00  0.000E+00  0.000E+00  0.000E+00  0.000E+00  0.000E+00
  0.000E+00  0.000E+00  0.000E+00  0.000E+00  0.000E+00  0.000E+00  0.000E+00  0.000E+00  0.000E+00  0.000E+00
  0.000E+00  0.000E+00  0.000E+00  0.000E+00  0.000E+00  0.000E+00  0.000E+00  0.000E+00  0.000E+00  0.000E+00
  0.000E+00  0.000E+00  0.000E+00  0.000E+00  0.000E+00  0.000E+00  0.000E+00  0.000E+00  0.000E+00  0.000E+00
  0.000E+00  0.000E+00  0.000E+00  0.000E+00  0.000E+00  0.000E+00  0.000E+00  0.000E+00  0.000E+00  0.000E+00
  0.000E+00  0.000E+00  0.000E+00  0.000E+00  0.000E+00  0.000E+00  0.000E+00  0.000E+00  0.000E+00  0.000E+00
  0.000E+00  0.000E+00  0.000E+00  0.000E+00  0.000E+00  0.000E+00  0.000E+00  0.000E+00  0.000E+00  0.000E+00
  0.000E+00  0.000E+00  0.000E+00  0.000E+00  0.000E+00  0.000E+00  0.000E+00  0.000E+00  0.000E+00  0.000E+00
  0.000E+00  0.000E+00  0.000E+00  0.000E+00  0.000E+00  0.000E+00  0.000E+00  0.000E+00  0.000E+00  0.000E+00
  0.000E+00  0.000E+00  0.000E+00  0.000E+00  0.000E+00  0.000E+00  0.000E+00  0.000E+00  0.000E+00  0.000E+00
  0.000E+00  0.000E+00  0.000E+00  0.000E+00  0.000E+00  0.000E+00  0.000E+00  0.000E+00  0.000E+00  0.000E+00
  0.000E+00  0.000E+00  0.000E+00  0.000E+00  0.000E+00  0.000E+00  0.000E+00  0.000E+00  0.000E+00  0.000E+00
  0.000E+00  0.000E+00  0.000E+00  0.000E+00  0.000E+00  0.000E+00  0.000E+00  0.000E+00  0.000E+00  0.000E+00
  0.000E+00  0.000E+00  0.000E+00  0.000E+00  0.000E+00  0.000E+00  0.000E+00  0.000E+00  0.000E+00  0.000E+00
  0.000E+00  0.000E+00  0.000E+00  0.000E+00  0.000E+00  0.000E+00  0.000E+00  0.000E+00  0.000E+00  0.000E+00
  0.000E+00  0.000E+00  0.000E+00  0.000E+00  0.000E+00  0.000E+00  0.000E+00  0.000E+00  0.000E+00  0.000E+00
  0.000E+00  0.000E+00  0.000E+00  0.000E+00  0.000E+00  0.000E+00  0.000E+00  0.000E+00  0.000E+00  0.000E+00
  0.000E+00  0.000E+00  0.000E+00  0.000E+00  0.000E+00  0.000E+00  0.000E+00  0.000E+00  0.000E+00  0.000E+00
  0.000E+00  0.000E+00  0.000E+00  0.000E+00  0.000E+00  0.000E+00  0.000E+00  0.000E+00  0.000E+00  0.000E+00
  0.000E+00  0.000E+00  0.000E+00  0.000E+00  0.000E+00  0.000E+00  0.000E+00  0.000E+00  0.000E+00  0.000E+00
  0.000E+00  0.000E+00  0.000E+00  0.000E+00  0.000E+00  0.000E+00  0.000E+00  0.000E+00  0.000E+00  0.000E+00
  0.000E+00  0.000E+00  0.000E+00  0.000E+00  0.000E+00  0.000E+00  0.000E+00  0.000E+00  0.000E+00  0.000E+00
  0.000E+00  0.000E+00  0.000E+00  0.000E+00  0.000E+00  0.000E+00  0.000E+00  0.000E+00  0.000E+00  0.000E+00
  0.000E+00  0.000E+00  0.000E+00  0.000E+00  0.000E+00  0.000E+00  0.000E+00  0.000E+00  0.000E+00  0.000E+00
  0.000E+00  0.000E+00  0.000E+00  0.000E+00  0.000E+00  0.000E+00  0.000E+00  0.000E+00  0.000E+00  0.000E+00
  0.000E+00  0.000E+00  0.000E+00  0.000E+00  0.000E+00  0.000E+00  0.000E+00  0.000E+00  0.000E+00  0.000E+00
  0.000E+00  0.000E+00  0.000E+00  0.000E+00  0.000E+00  0.000E+00  0.000E+00  0.000E+00  0.000E+00  0.000E+00
  0.000E+00  0.000E+00  0.000E+00  0.000E+00  0.000E+00  0.000E+00  0.000E+00  0.000E+00  0.000E+00  0.000E+00
  0.000E+00  0.000E+00  0.000E+00  0.000E+00  0.000E+00  0.000E+00  0.000E+00  0.000E+00  0.000E+00  0.000E+00
  0.000E+00  0.000E+00  0.000E+00  0.000E+00  0.000E+00  0.000E+00  0.000E+00  0.000E+00  0.000E+00  0.000E+00
  0.000E+00  0.000E+00  0.000E+00  0.000E+00  0.000E+00  0.000E+00  0.000E+00  0.000E+00  0.000E+00  0.000E+00
  0.000E+00  0.000E+00  0.000E+00  0.000E+00  0.000E+00  0.000E+00  0.000E+00  0.000E+00  0.000E+00  0.000E+00
  0.000E+00  0.000E+00  0.000E+00  0.000E+00  0.000E+00  0.000E+00  0.000E+00  0.000E+00  0.000E+00  0.000E+00
  0.000E+00  0.000E+00  0.000E+00  0.000E+00  0.000E+00  0.000E+00  0.000E+00  0.000E+00  0.000E+00  0.000E+00
  0.000E+00  0.000E+00  0.000E+00  0.000E+00  0.000E+00  0.000E+00  0.000E+00  0.000E+00  0.000E+00  0.000E+00
  0.000E+00  0.000E+00  0.000E+00  0.000E+00  0.000E+00  0.000E+00  0.000E+00  0.000E+00  0.000E+00  0.000E+00
  0.000E+00  0.000E+00  0.000E+00  0.000E+00  0.000E+00  0.000E+00  0.000E+00  0.000E+00  0.000E+00  0.000E+00
  0.000E+00  0.000E+00  0.000E+00  0.000E+00  0.000E+00  0.000E+00  0.000E+00  0.000E+00  0.000E+00  0.000E+00
  0.000E+00  0.000E+00  0.000E+00  0.000E+00  0.000E+00  0.000E+00  0.000E+00  0.000E+00  0.000E+00  0.000E+00
  0.000E+00  0.000E+00  0.000E+00  0.000E+00  0.000E+00  0.000E+00  0.000E+00  0.000E+00  0.000E+00  0.000E+00
  0.000E+00  0.000E+00  0.000E+00  0.000E+00  0.000E+00  0.000E+00  0.000E+00  0.000E+00  0.000E+00  0.000E+00
  0.000E+00  0.000E+00  0.000E+00  0.000E+00  0.000E+00  0.000E+00  0.000E+00  0.000E+00  0.000E+00  0.000E+00
  0.000E+00  0.000E+00  0.000E+00  0.000E+00  0.000E+00  0.000E+00  0.000E+00  0.000E+00  0.000E+00  0.000E+00
  0.000E+00  0.000E+00  0.000E+00  0.000E+00  0.000E+00  0.000E+00  0.000E+00  0.000E+00  0.000E+00  0.000E+00
  0.000E+00  0.000E+00  0.000E+00  0.000E+00  0.000E+00  0.000E+00  0.000E+00  0.000E+00  0.000E+00  0.000E+00
  0.000E+00  0.000E+00  0.000E+00  0.000E+00  0.000E+00  0.000E+00  0.000E+00  0.000E+00  0.000E+00  0.000E+00
  0.000E+00  0.000E+00  0.000E+00  0.000E+00  0.000E+00  0.000E+00  0.000E+00  0.000E+00  0.000E+00  0.000E+00
  0.000E+00  0.000E+00  0.000E+00  0.000E+00  0.000E+00  0.000E+00  0.000E+00  0.000E+00  0.000E+00  0.000E+00
  0.000E+00  0.000E+00  0.000E+00  0.000E+00  0.000E+00  0.000E+00  0.000E+00  0.000E+00  0.000E+00  0.000E+00
  0.000E+00  0.000E+00  0.000E+00  0.000E+00  0.000E+00  0.000E+00  0.000E+00  0.000E+00  0.000E+00  0.000E+00
  0.000E+00  0.000E+00  0.000E+00  0.000E+00  0.000E+00  0.000E+00  0.000E+00  0.000E+00  0.000E+00  0.000E+00
  0.000E+00  0.000E+00  0.000E+00  0.000E+00  0.000E+00  0.000E+00  0.000E+00  0.000E+00  0.000E+00  0.000E+00
  0.000E+00  0.000E+00  0.000E+00  0.000E+00  0.000E+00  0.000E+00  0.000E+00  0.000E+00  0.000E+00  0.000E+00
  0.000E+00  0.000E+00  0.000E+00  0.000E+00  0.000E+00  0.000E+00  0.000E+00  0.000E+00  0.000E+00  0.000E+00
  0.000E+00  0.000E+00  0.000E+00  0.000E+00  0.000E+00  0.000E+00  0.000E+00  0.000E+00  0.000E+00  0.000E+00
  0.000E+00  0.000E+00  0.000E+00  0.000E+00  0.000E+00  0.000E+00  0.000E+00  0.000E+00  0.000E+00  0.000E+00
  0.314E+02  0.329E+03  0.000E+00  0.000E+00  0.000E+00  0.000E+00  0.000E+00  0.000E+00  0.000E+00  0.000E+00
  0.000E+00  0.000E+00  0.000E+00  0.000E+00  0.000E+00  0.000E+00  0.000E+00  0.000E+00  0.000E+00  0.000E+00
  0.000E+00  0.000E+00  0.000E+00  0.000E+00  0.000E+00  0.000E+00  0.000E+00  0.000E+00  0.000E+00  0.000E+00
  0.000E+00  0.000E+00  0.000E+00  0.000E+00  0.000E+00  0.000E+00  0.000E+00  0.000E+00  0.000E+00  0.000E+00
  0.314E+03  0.314E+02  0.000E+00  0.000E+00  0.000E+00  0.000E+00  0.000E+00  0.000E+00  0.000E+00  0.000E+00
  0.000E+00  0.000E+00  0.000E+00  0.000E+00  0.000E+00  0.000E+00  0.000E+00  0.000E+00  0.000E+00  0.000E+00
  0.000E+00  0.000E+00  0.000E+00  0.000E+00  0.000E+00  0.000E+00  0.000E+00  0.000E+00  0.000E+00  0.000E+00
  0.000E+00  0.000E+00  0.000E+00  0.000E+00  0.000E+00  0.000E+00  0.000E+00  0.000E+00  0.000E+00  0.000E+00

*-----------------------------------------------------------------------
*     Plot of Magic Numbers in 2-Dim.
*-----------------------------------------------------------------------

w:2/y(2) x(12) iy(2) ix(1) s(0.7)

w:2/x(2) y(12) ix(2) iy(1) s(0.7)

w:8/y(8) x(15) iy(2) ix(1) s(0.7)

w:8/x(8) y(15) ix(2) iy(1) s(0.7)
h: x y,l0zzz
   0  2.5
  11  2.5
h: x y,l0zzz
   0  1.5
  11  1.5
h: x y,l0zzz
  2.5   0
  2.5   11
h: x y,l0zzz
  1.5   0
  1.5   11
h: x y,l0zzz
   0  8.5
  14  8.5
h: x y,l0zzz
   0  7.5
  14  7.5
h: x y,l0zzz
  8.5   0
  8.5   14
h: x y,l0zzz
  7.5   0
  7.5   14

w:20/y(20) x(11) iy(2) ix(3) s(0.7)
h: x y,l0zzz
  12  20.5
  52  20.5
h: x y,l0zzz
  12  19.5
  52  19.5

w:28/y(28) x(17) iy(2) ix(3) s(0.7)
h: x y,l0zzz
  18  28.5
  84  28.5
h: x y,l0zzz
  18  27.5
  84  27.5

n:50/y(50) x(47) iy(2) ix(3) s(0.7)
h: x y,l0zzz
  48   50.5
  128  50.5
h: x y,l0zzz
  48   49.5
  128  49.5

n:82/y(82) x(79) iy(2) ix(3) s(0.7)
h: x y,l0zzz
  80   82.5
  150  82.5
h: x y,l0zzz
  80   81.5
  150  81.5

w:20/x(20) y(7) ix(2) iy(3) s(0.7)
h: x y,l0zzz
  20.5   8
  20.5   30
h: x y,l0zzz
  19.5   8
  19.5   30

w:28/x(28) y(7) ix(2) iy(3) s(0.7)
h: x y,l0zzz
  28.5   8
  28.5   36
h: x y,l0zzz
  27.5   8
  27.5   36

n:50/x(50) y(17) ix(2) iy(3) s(0.7)
h: x y,l0zzz
  50.5   18
  50.5   52
h: x y,l0zzz
  49.5   18
  49.5   52

n:82/x(82) y(25) ix(2) iy(3) s(0.7)
h: x y,l0zzz
  82.5   26
  82.5   84
h: x y,l0zzz
  81.5   26
  81.5   84

n:126/x(126) y(47) ix(2) iy(3) s(0.7)
h: x y,l0zzz
  126.5   48
  126.5   100
h: x y,l0zzz
  125.5   48
  125.5   100

*-----------------------------------------------------------------------
*     Plot of Stable Nuclei in 2-Dim.
*-----------------------------------------------------------------------
h: x y,n6xx
  0   1
  1   1
  1   2
  2   2
  3   3
  4   3
  5   4
  5   5
  6   5
  6   6
  7   6
  7   7
  8   7
  8   8
  9   8
  10  8
  10  9
  10  10
  11  10
  12  10
  12  11
  12  12
  13  12
  14  12
  14  13
  14  14
  15  14
  16  14
  16  15
  16  16
  17  16
  18  16
  18  17
  18  18
  20  16
  20  17
  20  18
  20  19
  20  20
  21  19
  22  18
  22  19
  22  20
  23  20
  24  20
  24  21
  24  22
  25  22
  26  20
  26  22
  26  24
  27  22
  27  23
  28  20
  28  22
  28  23
  28  24
  28  26
  29  24
  30  24
  30  25
  30  26
  30  28
  31  26
  32  26
  32  27
  32  28
  33  28
  34  28
  34  29
  34  30
  36  28
  36  29
  36  30
  37  30
  38  30
  38  31
  38  32
  40  30
  40  31
  40  32
  40  34
  41  32
  42  32
  42  33
  42  34
  42  36
  43  34
  44  32
  44  34
  44  35
  44  36
  46  34
  46  35
  46  36
  46  38
  47  36
  48  34
  48  36
  48  37
  48  38
  49  38
  50  36
  50  37
  50  38
  50  39
  50  40
  50  42
  51  40
  52  40
  52  41
  52  42
  52  44
  53  42
  54  40
  54  42
  54  44
  55  42
  55  44
  56  40
  56  42
  56  44
  56  46
  57  44
  58  42
  58  44
  58  45
  58  46
  58  48
  59  46
  60  44
  60  46
  60  47
  60  48
  62  46
  62  47
  62  48
  62  50
  63  47
  64  46
  64  48
  64  49
  64  50
  65  48
  65  50
  66  48
  66  49
  66  50
  67  50
  68  48
  68  50
  68  52
  69  50
  70  50
  70  51
  70  52
  70  54
  71  52
  72  51
  72  52
  72  53
  72  54
  73  52
  74  50
  74  52
  74  53
  74  54
  74  56
  75  54
  76  52
  76  54
  76  56
  77  54
  78  52
  78  54
  78  55
  78  56
  78  58
  79  56
  80  54
  80  56
  80  58
  81  56
  81  57
  82  54
  82  56
  82  57
  82  58
  82  59
  82  60
  82  62
  83  60
  84  58
  84  60
  85  60
  85  62
  86  60
  86  62
  87  62
  88  60
  88  62
  88  63
  88  64
  90  60
  90  62
  90  63
  90  64
  90  66
  91  64
  92  62
  92  64
  92  66
  93  64
  94  64
  94  65
  94  66
  94  68
  95  66
  96  64
  96  66
  96  68
  97  66
  98  66
  98  67
  98  68
  98  70
  99  68
  100 68
  100 69
  100 70
  101 70
  102 68
  102 70
  102 72
  103 70
  104 70
  104 71
  105 71
  105 72
  106 70
  106 72
  106 74
  107 72
  107 73
  108 72
  108 73
  108 74
  108 76
  109 74
  110 74
  110 75
  110 76
  111 76
  112 74
  112 75
  112 76
  112 78
  113 76
  114 76
  114 77
  114 78
  116 76
  116 77
  116 78
  116 80
  117 78
  118 78
  118 79
  118 80
  119 80
  120 78
  120 80
  121 80
  122 80
  122 81
  122 82
  124 80
  124 81
  124 82
  125 82
  126 82
  126 83
