#
#     JBOOK: neutron EVAP linear
#
#     Histgram ID :  1
#     No. of entries :   143.0000    
#     Date: 2024-11-01   23:12:23
#
#     x           y01         y02         y03         y04         y05         y06         y07
#
    0.000       22.68       0.000       11.84       6.836       26.64       0.000       0.000    
    9.667       0.000       0.000       0.000       3.418       2.960       0.000       0.000    
    19.33       0.000       0.000       0.000       0.000       0.000       0.000       0.000    
    29.00       0.000       0.000       5.920       0.000       0.000       0.000       0.000    
    38.67       0.000       11.44       0.000       0.000       0.000       0.000       0.000    
    48.33       0.000       0.000       0.000       0.000       0.000       0.000       5.920    
    58.00       0.000       0.000       0.000       0.000       0.000       0.000       0.000    
    67.67       0.000       0.000       0.000       0.000       0.000       0.000       0.000    
    77.33       0.000       0.000       0.000       0.000       0.000       0.000       0.000    
    87.00       0.000       0.000       0.000       0.000       0.000       0.000       0.000    
    96.67       0.000       0.000       0.000       0.000       0.000       0.000       0.000    
    106.3       0.000       0.000       0.000       0.000       0.000       0.000       0.000    
    116.0       0.000       0.000       0.000       0.000       0.000       0.000       0.000    
    125.7       0.000       0.000       5.920       0.000       0.000       0.000       0.000    
    135.3       0.000       0.000       0.000       0.000       0.000       0.000       0.000    
    145.0       0.000       0.000       0.000       0.000       0.000       0.000       0.000    
    154.7       0.000       0.000       0.000       3.418       0.000       0.000       0.000    
    164.3       0.000       0.000       0.000       0.000       0.000       0.000       0.000    
    174.0       0.000       0.000       0.000       0.000       0.000       0.000       0.000    
    183.7       0.000       0.000       0.000       0.000       0.000       0.000       0.000    
    193.3       0.000       0.000       0.000       0.000       0.000       0.000       0.000    
    203.0       0.000       0.000       0.000       0.000       0.000       0.000       0.000    
    212.7       0.000       0.000       0.000       0.000       0.000       0.000       0.000    
    222.3       0.000       0.000       5.920       0.000       0.000       0.000       0.000    
    232.0       0.000       0.000       0.000       0.000       0.000       0.000       0.000    
    241.7       0.000       0.000       0.000       0.000       0.000       0.000       0.000    
    251.3       0.000       0.000       0.000       0.000       0.000       0.000       0.000    
    261.0       0.000       0.000       0.000       0.000       0.000       0.000       0.000    
    270.7       0.000       0.000       0.000       0.000       0.000       0.000       0.000    
    280.3       0.000       0.000       0.000       0.000       0.000       0.000       0.000    
    290.0       0.000       0.000       0.000       0.000       0.000       0.000       0.000    
    299.7       0.000       0.000       0.000       0.000       0.000       0.000       0.000    
    309.3       0.000       0.000       0.000       0.000       0.000       0.000       0.000    
    319.0       0.000       0.000       0.000       0.000       0.000       0.000       0.000    
    328.7       0.000       0.000       0.000       0.000       0.000       0.000       0.000    
    338.3       0.000       0.000       0.000       0.000       0.000       0.000       0.000    
    348.0       0.000       0.000       0.000       0.000       0.000       0.000       0.000    
    357.7       0.000       0.000       0.000       0.000       0.000       0.000       0.000    
    367.3       0.000       0.000       0.000       0.000       0.000       0.000       0.000    
#
#    total  =   357.0    # =   143.0000    
#    under  =   0.000    
#    over   =   0.000    
#
#    win:         y01         y02         y03         y04         y05         y06         y07
#
#    total  =   219.2       110.6       286.1       132.2       286.1       0.000       57.23    
#        #  =   1.000       1.000       5.000       4.000       10.00       0.000       1.000    
#    under  =   0.000       0.000       0.000       0.000       0.000       0.000       0.000    
#    over   =   0.000       0.000       0.000       0.000       0.000       0.000       0.000    
#
