#
#     JBOOK: neutron EVAP log
#
#     Histgram ID :  2
#     No. of entries :   143.0000    
#     Date: 2024-11-01   23:12:23
#
#     x           y01         y02         y03         y04         y05         y06         y07
#
    1.000       0.000       0.000       0.000       0.000       0.000       0.000       0.000    
    1.208       0.000       0.000       0.000       0.000       0.000       0.000       0.000    
    1.459       0.000       0.000       0.000       0.000       0.000       0.000       0.000    
    1.763       0.000       0.000       0.000       0.000       156.0       0.000       0.000    
    2.130       0.000       0.000       129.1       0.000       0.000       0.000       0.000    
    2.573       0.000       0.000       0.000       0.000       106.9       0.000       0.000    
    3.109       338.9       0.000       0.000       0.000       44.24       0.000       0.000    
    3.755       0.000       0.000       0.000       42.28       73.24       0.000       0.000    
    4.537       0.000       0.000       60.62       0.000       0.000       0.000       0.000    
    5.481       0.000       0.000       0.000       0.000       0.000       0.000       0.000    
    6.621       0.000       0.000       0.000       0.000       41.54       0.000       0.000    
    7.999       0.000       0.000       0.000       0.000       0.000       0.000       0.000    
    9.663       0.000       0.000       0.000       0.000       0.000       0.000       0.000    
    11.67       0.000       0.000       0.000       13.60       11.78       0.000       0.000    
    14.10       0.000       0.000       0.000       0.000       0.000       0.000       0.000    
    17.04       0.000       0.000       0.000       0.000       0.000       0.000       0.000    
    20.58       0.000       0.000       0.000       0.000       0.000       0.000       0.000    
    24.86       0.000       0.000       0.000       0.000       0.000       0.000       0.000    
    30.04       0.000       0.000       9.156       0.000       0.000       0.000       0.000    
    36.29       0.000       14.64       0.000       0.000       0.000       0.000       0.000    
    43.84       0.000       0.000       0.000       0.000       0.000       0.000       0.000    
    52.96       0.000       0.000       0.000       0.000       0.000       0.000       5.193    
    63.98       0.000       0.000       0.000       0.000       0.000       0.000       0.000    
    77.29       0.000       0.000       0.000       0.000       0.000       0.000       0.000    
    93.38       0.000       0.000       0.000       0.000       0.000       0.000       0.000    
    112.8       0.000       0.000       2.438       0.000       0.000       0.000       0.000    
    136.3       0.000       0.000       0.000       1.165       0.000       0.000       0.000    
    164.6       0.000       0.000       0.000       0.000       0.000       0.000       0.000    
    198.9       0.000       0.000       1.383       0.000       0.000       0.000       0.000    
    240.3       0.000       0.000       0.000       0.000       0.000       0.000       0.000    
    290.3       0.000       0.000       0.000       0.000       0.000       0.000       0.000    
    350.7       0.000       0.000       0.000       0.000       0.000       0.000       0.000    
    423.6       0.000       0.000       0.000       0.000       0.000       0.000       0.000    
    511.8       0.000       0.000       0.000       0.000       0.000       0.000       0.000    
    618.3       0.000       0.000       0.000       0.000       0.000       0.000       0.000    
    746.9       0.000       0.000       0.000       0.000       0.000       0.000       0.000    
#
#    total  =   357.0    # =   143.0000    
#    under  =   37.44    
#    over   =   0.000    
#
#    win:         y01         y02         y03         y04         y05         y06         y07
#
#    total  =   219.2       110.6       286.1       132.2       286.1       0.000       57.23    
#        #  =   1.000       1.000       5.000       4.000       10.00       0.000       1.000    
#    under  =   0.000       0.000       0.000       33.04       0.000       0.000       0.000    
#    over   =   0.000       0.000       0.000       0.000       0.000       0.000       0.000    
#
