$SPEC_ID:
3cm counts for Na22 after correction (changing the wire).
$SPEC_REM:
DET# 1
DETDESC# DLAB-PHY-L3-49 926 Right
AP# Maestro Version 7.01
$DATE_MEA:
11/01/2024 16:03:21
$MEAS_TIM:
1529 1783
$DATA:
0 8191
       0
       0
       0
       0
       0
       0
       0
       0
       0
       0
       0
       0
       0
       0
       0
       0
       0
       0
       1
       0
       0
       0
       0
       0
       0
       0
       0
       0
       0
       0
       1
       3
       0
       2
       8
      58
     319
     816
    1564
    2327
    3114
    3769
    4343
    4846
    5039
    5062
    5067
    4928
    5024
    4847
    4911
    4984
    4834
    4935
    4813
    4857
    4725
    4753
    4828
    4635
    4723
    4660
    4791
    4602
    4635
    4656
    4687
    4717
    4639
    4583
    4603
    4583
    4670
    4632
    4544
    4501
    4546
    4455
    4520
    4508
    4603
    4554
    4590
    4567
    4520
    4476
    4397
    4465
    4288
    4273
    4488
    4374
    4317
    4428
    4371
    4345
    4356
    4345
    4263
    4299
    4360
    4406
    4366
    4246
    4310
    4282
    4265
    4334
    4331
    4421
    4350
    4300
    4311
    4294
    4311
    4215
    4364
    4319
    4147
    4175
    4295
    4198
    4271
    4285
    4115
    4117
    4271
    4227
    4195
    4222
    4250
    4158
    4217
    4243
    4141
    4222
    4203
    4207
    4230
    4118
    4174
    4095
    4266
    4251
    4267
    4147
    4155
    4293
    4253
    4264
    4062
    4159
    4134
    4202
    4109
    4169
    4156
    4132
    4214
    4176
    4271
    4392
    4258
    4165
    4271
    4238
    4258
    4376
    4451
    4366
    4351
    4551
    4608
    4619
    4710
    4839
    4950
    5194
    5126
    5264
    5352
    5380
    5409
    5539
    5491
    5444
    5379
    5264
    5238
    5232
    4905
    4943
    4805
    4818
    4744
    4653
    4507
    4468
    4297
    4523
    4171
    4185
    4151
    4210
    4156
    4246
    4299
    4330
    4451
    4427
    4598
    4615
    4747
    4710
    4673
    4677
    4596
    4622
    4671
    4613
    4634
    4601
    4674
    4537
    4402
    4485
    4318
    4212
    4115
    4243
    4050
    4063
    3911
    4017
    4019
    3850
    3935
    3919
    4032
    3875
    3942
    3899
    3769
    3865
    3751
    3771
    3838
    3874
    3797
    3757
    3868
    3775
    3823
    3775
    3627
    3775
    3894
    3755
    3852
    3774
    3740
    3752
    3863
    3776
    3750
    3798
    3784
    3817
    3689
    3815
    3720
    3784
    3760
    3682
    3689
    3686
    3864
    3794
    3737
    3802
    3793
    3772
    3817
    3734
    3716
    3679
    3702
    3711
    3773
    3706
    3631
    3770
    3791
    3734
    3768
    3879
    3735
    3678
    3827
    3723
    3619
    3633
    3751
    3862
    3648
    3822
    3705
    3800
    3726
    3655
    3765
    3831
    3797
    3723
    3753
    3794
    3701
    3784
    3591
    3735
    3746
    3734
    3716
    3708
    3665
    3708
    3765
    3742
    3753
    3653
    3676
    3664
    3777
    3701
    3777
    3649
    3692
    3624
    3714
    3716
    3766
    3714
    3694
    3759
    3710
    3662
    3715
    3656
    3655
    3787
    3713
    3738
    3738
    3802
    3674
    3705
    3684
    3659
    3684
    3512
    3805
    3637
    3614
    3694
    3775
    3698
    3754
    3717
    3710
    3699
    3638
    3817
    3730
    3689
    3736
    3745
    3627
    3722
    3730
    3714
    3799
    3647
    3655
    3732
    3796
    3693
    3737
    3666
    3716
    3696
    3723
    3566
    3607
    3738
    3708
    3669
    3742
    3783
    3792
    3675
    3632
    3650
    3745
    3670
    3637
    3734
    3648
    3722
    3695
    3689
    3666
    3608
    3732
    3802
    3770
    3653
    3631
    3695
    3650
    3617
    3675
    3697
    3540
    3575
    3685
    3645
    3664
    3814
    3659
    3578
    3575
    3696
    3714
    3713
    3570
    3682
    3763
    3730
    3662
    3730
    3664
    3770
    3600
    3642
    3532
    3545
    3644
    3661
    3622
    3680
    3593
    3636
    3642
    3627
    3721
    3766
    3750
    3725
    3695
    3821
    3729
    3742
    3772
    3736
    3730
    3792
    3694
    3820
    3764
    3837
    3862
    3858
    3837
    3917
    3813
    3992
    3825
    3914
    3989
    3920
    4001
    3947
    4024
    3907
    3903
    3986
    4074
    3959
    4104
    4125
    4012
    3987
    4078
    4076
    3926
    4024
    4013
    4063
    4066
    4114
    4067
    4082
    4013
    4041
    4080
    4070
    4001
    4130
    4042
    4180
    4048
    4021
    4080
    4025
    4113
    4093
    4144
    4137
    4015
    4020
    3965
    4088
    4030
    4047
    4016
    3974
    4046
    4074
    4085
    3978
    4215
    4144
    4004
    4174
    4069
    3964
    4154
    3982
    3901
    3911
    3972
    4053
    4072
    4105
    4055
    4086
    4126
    4038
    4067
    4056
    4076
    4064
    4049
    4092
    4193
    4051
    4036
    4077
    4093
    3981
    4109
    4211
    4032
    4100
    4126
    4182
    4123
    4100
    4013
    4084
    4134
    4039
    4060
    4198
    4096
    4021
    4069
    4147
    4074
    4158
    4088
    4087
    4081
    4063
    4163
    4050
    4002
    4136
    4116
    4197
    4171
    4235
    4126
    4055
    4221
    4069
    3922
    4272
    4115
    4199
    4141
    4121
    4155
    4192
    4162
    4327
    4117
    4185
    4128
    4048
    4155
    4180
    4214
    4124
    4210
    4171
    4257
    4255
    4269
    4207
    4161
    4172
    4127
    4192
    4032
    4161
    4212
    4072
    4093
    4234
    4178
    4143
    4274
    4189
    4230
    4138
    4092
    4203
    4170
    4344
    4211
    4293
    4059
    4105
    4187
    4060
    4075
    4307
    4188
    4119
    4073
    4078
    4105
    4145
    4039
    4118
    4199
    4159
    3962
    4124
    4174
    3959
    4176
    3998
    4175
    4188
    4024
    4064
    4110
    4118
    4186
    4006
    3937
    4074
    4064
    4099
    4119
    4168
    4102
    4117
    4116
    4081
    3991
    4068
    4030
    3961
    4181
    4138
    4002
    4153
    4068
    4032
    4101
    4099
    4026
    4031
    4045
    4012
    4244
    4063
    4008
    3979
    4060
    4122
    4003
    4146
    4045
    4033
    4150
    3983
    3990
    4001
    4038
    4039
    3986
    4057
    4080
    3916
    4022
    4124
    4058
    4123
    3952
    4116
    4004
    4009
    4035
    4057
    4017
    4066
    4055
    4054
    4204
    4129
    4075
    4120
    4105
    4174
    3936
    4065
    4002
    4068
    4211
    3951
    4017
    3932
    4046
    4064
    4014
    3942
    4018
    3940
    4039
    3978
    4034
    4028
    3976
    4065
    4088
    4097
    3988
    4079
    4035
    3992
    3944
    3984
    3959
    4048
    3932
    4017
    4030
    4213
    3970
    4076
    3925
    3985
    4003
    4015
    4121
    4082
    3912
    4014
    3952
    4033
    3998
    3955
    3988
    4016
    4061
    4024
    4197
    4050
    3962
    4039
    4009
    3958
    4052
    4070
    4110
    3990
    4030
    4155
    3968
    4031
    4015
    4011
    3919
    4054
    3924
    4095
    4136
    4016
    4051
    4010
    4126
    4050
    4161
    4167
    4070
    4052
    4223
    4084
    4101
    4141
    4132
    4106
    4271
    4134
    4128
    4102
    4221
    4111
    4260
    4088
    4101
    4063
    4195
    4211
    4236
    4185
    4219
    4178
    4036
    4123
    4153
    4142
    4205
    4087
    4151
    4205
    4331
    4198
    4137
    4226
    4161
    4266
    4395
    4174
    4355
    4351
    4327
    4232
    4327
    4350
    4248
    4195
    4471
    4249
    4327
    4194
    4240
    4366
    4322
    4476
    4404
    4341
    4297
    4405
    4351
    4371
    4304
    4456
    4445
    4321
    4373
    4394
    4435
    4441
    4447
    4492
    4468
    4450
    4406
    4423
    4496
    4419
    4506
    4620
    4523
    4410
    4453
    4429
    4557
    4483
    4465
    4571
    4551
    4468
    4528
    4582
    4510
    4657
    4620
    4532
    4674
    4650
    4652
    4680
    4793
    4762
    4680
    4691
    4527
    4758
    4712
    4784
    4739
    4803
    4715
    4739
    4722
    4791
    4796
    4768
    4795
    4863
    4864
    4827
    4869
    4829
    4779
    4852
    4810
    4892
    4852
    4905
    4916
    4789
    4966
    4910
    4852
    4978
    4976
    4920
    5130
    4940
    4862
    4901
    5003
    4972
    4970
    5020
    4950
    4945
    4742
    4974
    4976
    4965
    4964
    4767
    4946
    4889
    4986
    4879
    4793
    4883
    4809
    4820
    4774
    4848
    4842
    4672
    4731
    4641
    4586
    4468
    4446
    4485
    4292
    4378
    4255
    4318
    4092
    3987
    4042
    3878
    3843
    3825
    3752
    3784
    3600
    3539
    3539
    3398
    3397
    3361
    3347
    3339
    3214
    3181
    3127
    3244
    3053
    3198
    2995
    3006
    2972
    3006
    3038
    2895
    2948
    2823
    2833
    2745
    2803
    2793
    2763
    2670
    2719
    2664
    2685
    2681
    2622
    2624
    2648
    2718
    2638
    2517
    2663
    2509
    2559
    2568
    2555
    2521
    2447
    2474
    2455
    2443
    2442
    2457
    2426
    2432
    2470
    2397
    2433
    2362
    2436
    2275
    2274
    2348
    2283
    2403
    2279
    2281
    2200
    2321
    2269
    2205
    2316
    2258
    2168
    2249
    2141
    2109
    2242
    2144
    2258
    2136
    2151
    2134
    2084
    2039
    2068
    2019
    2092
    2102
    2146
    2098
    2054
    2026
    2049
    2027
    2016
    2030
    1999
    2025
    1984
    1942
    1972
    1936
    1862
    1974
    1888
    1920
    1860
    1902
    1886
    1981
    1924
    1888
    1750
    1878
    1861
    1874
    1804
    1778
    1806
    1855
    1761
    1784
    1758
    1826
    1853
    1766
    1818
    1736
    1763
    1698
    1721
    1665
    1729
    1772
    1714
    1653
    1669
    1693
    1643
    1657
    1622
    1548
    1640
    1523
    1593
    1600
    1685
    1530
    1610
    1537
    1597
    1494
    1523
    1559
    1522
    1553
    1503
    1529
    1645
    1518
    1503
    1446
    1408
    1457
    1491
    1531
    1452
    1473
    1478
    1464
    1421
    1408
    1396
    1419
    1490
    1407
    1437
    1283
    1414
    1321
    1369
    1400
    1431
    1344
    1384
    1366
    1267
    1262
    1373
    1276
    1277
    1298
    1333
    1298
    1303
    1269
    1256
    1214
    1273
    1246
    1242
    1253
    1275
    1249
    1225
    1279
    1247
    1226
    1289
    1228
    1193
    1241
    1222
    1231
    1198
    1196
    1239
    1204
    1140
    1167
    1116
    1160
    1178
    1153
    1219
    1128
    1172
    1116
    1202
    1205
    1177
    1178
    1164
    1142
    1139
    1116
    1164
    1145
    1127
    1095
    1100
    1148
    1176
    1136
    1131
    1141
    1130
    1129
    1106
    1148
    1134
    1106
    1088
    1073
    1093
    1101
    1075
    1103
    1126
    1051
    1103
    1048
    1197
    1085
    1111
    1098
    1019
    1039
    1094
    1108
    1050
    1037
    1054
    1113
    1075
    1041
    1050
    1081
    1063
    1099
    1092
    1061
    1040
    1074
    1040
    1034
    1089
    1080
    1049
    1076
    1020
    1032
    1092
    1076
    1062
    1055
    1096
    1050
    1046
    1054
    1035
    1050
    1097
    1111
    1055
    1024
    1083
    1058
    1068
    1077
    1059
    1093
    1084
    1070
    1075
    1012
    1003
    1081
    1032
    1058
    1036
    1033
    1027
    1096
    1023
    1012
     971
     996
     988
    1012
     988
     992
     989
    1041
    1020
    1027
    1052
    1035
     999
    1037
    1020
    1032
    1019
    1020
    1028
     982
     946
     996
     981
     976
    1000
     928
    1038
     999
     973
     995
    1018
     942
     992
    1021
    1044
     990
     880
     975
     979
    1025
     941
     987
     950
     977
    1002
     995
     999
     970
     981
    1028
     983
     996
     975
    1001
     988
    1003
     951
     951
     950
    1004
     955
     927
    1041
    1017
     977
     922
     965
     914
     904
     979
     898
     902
     940
     935
     964
     956
     978
     981
     949
     926
     991
    1000
     953
     972
     997
     900
     974
     962
     887
     984
     962
     957
     922
     920
     978
     969
     926
     932
     958
     904
     920
     963
     948
     946
     953
     942
     962
     933
     938
     986
     913
     931
     940
     937
     977
     930
     955
     901
     982
     929
     956
     972
     922
     930
     898
     911
     908
     959
     973
     900
     955
     947
     960
     943
     972
     963
     924
     916
     949
     906
     917
     996
     956
     979
     961
     995
     981
    1000
    1019
    1024
    1046
    1065
    1052
    1104
    1161
    1232
    1353
    1479
    1527
    1763
    1991
    2290
    2681
    3201
    3810
    4452
    5118
    6480
    7660
    9160
   11301
   13767
   16780
   20075
   24075
   28318
   32894
   38255
   42906
   47815
   52019
   55005
   57676
   59608
   60153
   59854
   58526
   56671
   54300
   52057
   48661
   45518
   42338
   39509
   35945
   32165
   28616
   25416
   21959
   19012
   15845
   12895
   10689
    8768
    7344
    5899
    4854
    3945
    3300
    2702
    2261
    1930
    1633
    1381
    1169
    1003
     966
     781
     730
     700
     657
     568
     581
     593
     583
     545
     551
     573
     504
     507
     494
     524
     540
     513
     531
     521
     492
     512
     497
     537
     510
     546
     553
     510
     518
     497
     500
     480
     510
     499
     464
     478
     466
     545
     526
     530
     506
     507
     513
     477
     499
     479
     551
     487
     506
     489
     528
     466
     496
     531
     542
     489
     523
     501
     514
     476
     516
     479
     511
     497
     493
     484
     465
     511
     514
     536
     479
     473
     506
     501
     505
     476
     491
     476
     447
     484
     521
     494
     473
     482
     480
     483
     520
     512
     496
     502
     483
     478
     520
     471
     493
     456
     493
     489
     473
     514
     492
     479
     491
     483
     471
     480
     483
     461
     493
     488
     465
     476
     469
     494
     501
     486
     469
     494
     477
     534
     467
     472
     478
     484
     460
     492
     482
     495
     506
     455
     512
     496
     484
     510
     459
     456
     490
     472
     488
     495
     477
     467
     517
     494
     452
     453
     508
     501
     444
     472
     492
     493
     501
     452
     479
     528
     454
     486
     466
     494
     470
     495
     485
     474
     439
     472
     513
     469
     497
     481
     479
     464
     470
     521
     498
     477
     501
     491
     486
     497
     536
     480
     476
     512
     500
     492
     504
     512
     529
     493
     496
     498
     490
     474
     482
     488
     476
     525
     506
     484
     491
     471
     478
     446
     502
     493
     489
     478
     496
     470
     456
     461
     456
     491
     467
     460
     491
     496
     511
     489
     477
     472
     491
     500
     480
     462
     465
     482
     441
     474
     479
     467
     500
     515
     473
     464
     435
     480
     457
     479
     466
     494
     448
     449
     479
     453
     471
     471
     537
     473
     474
     479
     472
     493
     502
     451
     482
     476
     457
     464
     425
     491
     466
     508
     428
     470
     458
     463
     463
     498
     495
     490
     476
     511
     461
     454
     463
     512
     474
     467
     494
     475
     469
     500
     476
     475
     460
     499
     442
     429
     477
     487
     474
     457
     469
     512
     473
     491
     463
     473
     462
     477
     489
     441
     445
     470
     445
     462
     471
     522
     431
     437
     503
     459
     476
     446
     464
     457
     493
     525
     472
     487
     496
     477
     442
     458
     480
     430
     487
     471
     471
     448
     445
     416
     455
     467
     455
     461
     469
     442
     469
     467
     486
     473
     449
     469
     485
     473
     424
     489
     469
     475
     470
     455
     457
     517
     473
     498
     455
     474
     462
     474
     459
     489
     490
     499
     461
     449
     466
     513
     460
     475
     456
     459
     444
     437
     478
     451
     479
     501
     446
     491
     494
     488
     445
     462
     466
     453
     436
     462
     461
     480
     459
     491
     485
     485
     438
     511
     491
     486
     483
     456
     457
     464
     472
     438
     512
     493
     475
     458
     491
     486
     505
     522
     444
     469
     463
     457
     442
     468
     485
     504
     438
     501
     469
     468
     481
     479
     480
     464
     467
     464
     450
     489
     472
     456
     485
     430
     442
     473
     465
     490
     446
     455
     461
     481
     533
     474
     499
     480
     511
     496
     470
     484
     470
     481
     434
     437
     468
     482
     455
     517
     504
     443
     460
     493
     503
     496
     468
     482
     480
     466
     456
     437
     521
     505
     461
     453
     496
     429
     439
     444
     502
     474
     458
     502
     479
     407
     481
     484
     461
     485
     478
     502
     507
     445
     499
     443
     461
     433
     499
     451
     496
     503
     433
     496
     484
     472
     482
     496
     496
     442
     500
     463
     473
     490
     481
     497
     483
     458
     527
     491
     453
     499
     453
     497
     456
     445
     479
     485
     486
     469
     509
     470
     457
     508
     537
     485
     478
     476
     469
     484
     524
     508
     491
     484
     465
     484
     504
     486
     489
     467
     482
     476
     451
     439
     478
     461
     468
     485
     464
     468
     490
     470
     503
     493
     494
     506
     501
     490
     484
     478
     498
     457
     462
     467
     473
     481
     498
     472
     441
     497
     491
     453
     494
     441
     507
     448
     495
     503
     497
     452
     480
     462
     466
     503
     476
     458
     439
     472
     475
     506
     502
     479
     457
     472
     453
     511
     485
     484
     491
     484
     505
     472
     481
     491
     506
     488
     443
     481
     455
     478
     463
     476
     490
     481
     480
     463
     478
     458
     505
     494
     520
     481
     488
     512
     453
     519
     463
     504
     470
     466
     526
     468
     465
     488
     457
     485
     469
     480
     454
     480
     440
     455
     476
     481
     474
     457
     508
     463
     444
     456
     487
     505
     467
     489
     487
     462
     509
     485
     509
     507
     505
     496
     494
     458
     464
     497
     483
     527
     490
     499
     520
     517
     484
     498
     485
     479
     484
     468
     516
     472
     436
     488
     510
     487
     490
     488
     472
     469
     478
     521
     493
     500
     483
     492
     469
     514
     486
     464
     487
     513
     509
     532
     506
     567
     528
     501
     511
     514
     482
     484
     487
     505
     503
     517
     472
     523
     517
     540
     537
     501
     500
     537
     519
     535
     497
     528
     505
     467
     493
     531
     497
     516
     519
     479
     477
     509
     490
     521
     512
     502
     531
     544
     510
     503
     501
     532
     467
     492
     499
     522
     519
     495
     495
     514
     504
     508
     474
     532
     500
     507
     480
     494
     527
     508
     503
     468
     493
     498
     497
     471
     486
     471
     507
     484
     503
     515
     490
     446
     524
     503
     506
     517
     532
     540
     500
     535
     460
     510
     470
     521
     495
     510
     465
     540
     449
     502
     489
     518
     505
     492
     517
     486
     504
     493
     493
     544
     521
     526
     505
     482
     570
     517
     524
     502
     505
     512
     506
     518
     525
     505
     481
     519
     512
     530
     543
     497
     476
     538
     486
     492
     589
     482
     530
     488
     553
     510
     514
     559
     508
     509
     522
     479
     489
     521
     491
     507
     525
     518
     576
     491
     472
     498
     534
     504
     539
     548
     557
     533
     476
     511
     483
     534
     527
     503
     519
     535
     536
     540
     545
     538
     487
     532
     522
     531
     501
     517
     522
     505
     512
     500
     509
     501
     495
     504
     508
     532
     528
     540
     495
     530
     539
     534
     498
     544
     530
     547
     522
     536
     537
     529
     532
     578
     525
     475
     563
     504
     538
     522
     508
     483
     528
     506
     496
     524
     532
     507
     550
     506
     516
     539
     552
     510
     540
     551
     557
     506
     541
     607
     560
     504
     506
     505
     509
     512
     536
     567
     507
     553
     522
     527
     542
     541
     528
     567
     545
     540
     542
     503
     554
     535
     590
     541
     561
     516
     537
     500
     547
     510
     570
     585
     531
     570
     530
     512
     552
     569
     567
     530
     558
     566
     586
     518
     531
     521
     562
     563
     549
     524
     596
     571
     541
     560
     525
     531
     498
     537
     526
     574
     583
     520
     563
     593
     532
     567
     545
     548
     544
     541
     544
     551
     547
     538
     514
     543
     512
     553
     530
     548
     560
     586
     589
     543
     509
     502
     571
     523
     548
     541
     522
     585
     574
     547
     575
     571
     541
     549
     596
     552
     563
     539
     545
     579
     530
     569
     538
     525
     529
     510
     548
     546
     539
     561
     538
     571
     536
     523
     568
     557
     574
     556
     563
     565
     601
     574
     564
     549
     551
     580
     573
     570
     551
     572
     546
     550
     579
     621
     593
     576
     544
     573
     582
     583
     553
     596
     562
     580
     587
     595
     573
     541
     566
     569
     600
     575
     557
     590
     538
     561
     531
     535
     598
     566
     546
     598
     597
     560
     549
     561
     595
     587
     587
     593
     565
     582
     547
     606
     597
     560
     555
     580
     566
     601
     606
     581
     554
     534
     614
     623
     571
     559
     598
     620
     570
     561
     585
     601
     602
     564
     594
     585
     588
     627
     625
     548
     618
     612
     603
     579
     588
     561
     579
     597
     572
     638
     613
     565
     600
     638
     603
     633
     626
     611
     614
     616
     656
     635
     577
     594
     580
     580
     609
     605
     583
     586
     606
     637
     570
     615
     587
     575
     602
     620
     575
     610
     610
     601
     593
     594
     629
     603
     582
     646
     644
     598
     618
     618
     624
     637
     600
     580
     630
     598
     647
     637
     604
     616
     584
     598
     608
     606
     662
     668
     609
     618
     622
     622
     643
     639
     652
     593
     646
     591
     627
     643
     678
     616
     615
     655
     637
     619
     629
     675
     626
     644
     643
     616
     636
     618
     667
     597
     680
     658
     663
     684
     604
     603
     652
     644
     647
     643
     653
     606
     675
     606
     618
     658
     679
     670
     632
     586
     643
     663
     654
     664
     677
     629
     638
     660
     660
     686
     689
     657
     673
     627
     658
     722
     631
     681
     645
     676
     679
     688
     693
     695
     709
     656
     685
     695
     686
     644
     685
     666
     694
     683
     673
     677
     682
     668
     691
     711
     644
     721
     663
     647
     670
     656
     609
     661
     684
     701
     668
     687
     722
     735
     739
     703
     750
     734
     709
     689
     720
     692
     684
     708
     712
     691
     716
     679
     693
     721
     701
     718
     713
     724
     706
     677
     708
     720
     771
     651
     742
     672
     677
     688
     769
     717
     713
     741
     681
     710
     720
     672
     716
     749
     743
     736
     730
     721
     745
     743
     724
     715
     783
     731
     742
     728
     744
     779
     744
     742
     718
     729
     743
     722
     796
     736
     713
     766
     747
     791
     771
     719
     767
     746
     755
     708
     779
     773
     758
     747
     762
     726
     775
     798
     794
     808
     758
     749
     773
     817
     802
     753
     727
     736
     760
     794
     794
     741
     800
     768
     779
     743
     731
     845
     752
     806
     815
     810
     783
     802
     827
     789
     755
     828
     772
     784
     824
     818
     809
     790
     809
     840
     848
     800
     766
     857
     778
     826
     852
     821
     824
     817
     787
     844
     869
     774
     850
     834
     817
     828
     840
     875
     839
     808
     836
     821
     875
     824
     834
     859
     847
     794
     820
     838
     839
     827
     851
     864
     863
     899
     840
     843
     861
     867
     886
     852
     803
     899
     862
     894
     832
     914
     883
     897
     890
     940
     885
     923
     902
     891
     858
     857
     893
     909
     896
     863
     915
     927
     941
     934
     871
     931
     937
     906
     926
     876
     938
     870
     985
     923
     949
     937
     881
     909
     963
     961
     911
    1025
     925
     956
     957
     970
     907
     895
     896
     913
     893
     981
     955
     936
     950
     978
     981
    1002
     930
     917
     956
     966
     981
     964
     969
    1011
     960
     951
     992
    1016
     981
     970
     982
     984
     954
     980
     990
    1055
     962
     975
     941
    1004
     998
     996
     989
     911
     929
     983
    1054
     990
    1045
    1044
    1008
     975
    1003
     996
    1017
    1027
    1060
     963
    1036
    1041
    1008
     997
    1018
     991
    1078
    1012
    1024
     972
    1114
    1034
    1083
    1044
    1050
    1072
    1073
    1042
    1058
    1055
    1054
    1060
    1050
    1066
    1074
    1066
    1038
    1065
    1070
    1061
    1066
    1030
     979
    1111
    1024
    1076
    1047
    1035
    1002
    1039
    1054
    1017
    1048
    1050
    1105
    1030
    1015
    1002
     966
    1019
    1012
    1014
    1016
    1052
     990
    1019
     997
     977
     957
     944
     901
     899
     838
     904
     883
     860
     803
     794
     843
     833
     791
     764
     801
     758
     737
     736
     792
     701
     767
     684
     735
     684
     742
     652
     711
     687
     713
     663
     652
     619
     656
     582
     635
     594
     679
     587
     570
     582
     649
     592
     629
     614
     561
     539
     613
     616
     590
     589
     569
     619
     560
     626
     593
     587
     597
     574
     608
     559
     568
     619
     539
     599
     562
     608
     569
     548
     595
     575
     517
     564
     554
     551
     616
     560
     547
     502
     556
     538
     526
     517
     567
     546
     543
     543
     552
     552
     525
     535
     484
     526
     520
     550
     496
     477
     514
     505
     519
     536
     544
     484
     523
     500
     530
     519
     493
     507
     478
     527
     530
     500
     491
     497
     517
     518
     487
     440
     481
     501
     514
     504
     464
     490
     473
     528
     508
     477
     476
     488
     459
     457
     473
     485
     439
     486
     488
     489
     447
     432
     460
     472
     471
     445
     468
     454
     471
     481
     471
     453
     430
     443
     457
     461
     455
     480
     427
     433
     441
     405
     464
     460
     433
     433
     450
     427
     442
     411
     427
     372
     412
     396
     420
     420
     446
     398
     404
     461
     421
     405
     437
     429
     394
     364
     425
     416
     400
     397
     370
     408
     377
     395
     415
     394
     419
     378
     365
     431
     377
     386
     418
     372
     404
     357
     379
     396
     351
     369
     389
     336
     409
     397
     360
     368
     318
     337
     390
     363
     368
     335
     363
     358
     388
     368
     364
     353
     321
     328
     330
     340
     356
     347
     352
     335
     312
     350
     324
     323
     305
     304
     322
     313
     302
     324
     296
     316
     327
     301
     299
     324
     307
     304
     333
     270
     322
     263
     306
     283
     291
     278
     305
     304
     298
     270
     288
     280
     266
     300
     269
     272
     284
     272
     267
     239
     251
     257
     270
     232
     245
     252
     244
     243
     249
     253
     271
     230
     246
     260
     256
     253
     234
     248
     259
     222
     224
     234
     213
     208
     207
     237
     220
     240
     190
     205
     209
     219
     204
     200
     224
     188
     233
     188
     215
     215
     187
     223
     239
     209
     202
     231
     198
     191
     189
     187
     187
     203
     178
     185
     191
     194
     205
     176
     186
     175
     198
     189
     184
     171
     175
     154
     156
     187
     163
     150
     157
     193
     157
     153
     174
     175
     165
     190
     158
     160
     166
     164
     161
     172
     156
     169
     159
     134
     171
     164
     147
     150
     170
     176
     146
     162
     153
     149
     141
     158
     148
     147
     134
     145
     155
     139
     128
     137
     126
     154
     131
     142
     153
     154
     143
     142
     136
     128
     128
     136
     120
     145
     143
     140
     132
     165
     135
     126
     124
     143
     147
     108
     124
     112
     127
     131
     117
     134
     113
     117
     142
     134
     127
     116
     120
     125
     118
     119
     120
     123
     111
     120
     116
     107
     122
     138
     100
     113
     103
     122
     118
     126
     128
     126
     129
     125
     110
     111
     121
     133
     124
     120
     119
     133
     123
     114
     128
     118
     111
     121
     109
     122
     119
     117
     129
     130
     117
     119
     102
     117
      97
     116
     109
     117
     122
     110
     112
     131
     103
     137
     113
     112
     103
     101
     110
     121
     104
     103
     116
     123
     105
      96
     116
     100
     111
     141
     125
     124
     128
      96
     123
     103
     116
     113
     137
      92
     116
     110
     100
     121
      96
     102
     123
     119
     121
     106
     113
     117
     133
      95
     112
      84
     103
     103
     104
     121
     126
     118
     103
      78
     119
      94
     105
     117
     106
     118
      88
     103
     115
     108
     109
      89
      98
     128
     130
      89
     111
      99
      94
     108
     103
      90
     119
     108
     104
      96
     125
     106
      95
      95
     109
     110
     112
      84
     101
     115
     103
     120
      95
      93
      99
     104
      92
     103
      98
      80
     104
     123
      86
     107
      88
     114
     103
     106
      99
     122
     104
     132
     118
      87
      99
      96
      99
     104
     101
     100
     114
     114
     102
      97
     106
     104
     109
      90
     105
     111
     102
     114
     118
     112
     113
     132
      98
     118
     109
     121
     103
     143
     138
     149
     142
     159
     180
     194
     197
     204
     254
     248
     255
     357
     383
     469
     491
     659
     745
     842
    1012
    1141
    1431
    1715
    1893
    2224
    2745
    3205
    3722
    4224
    5101
    5690
    6539
    7197
    8035
    8918
    9418
   10003
   10766
   10984
   11513
   11708
   11737
   12024
   11867
   11350
   10918
   10333
    9624
    9099
    8301
    7766
    7146
    6105
    5540
    5107
    4217
    3775
    3257
    2804
    2294
    1880
    1483
    1248
     996
     782
     637
     495
     438
     357
     293
     268
     226
     181
     164
     143
     120
      96
      97
      97
      82
      56
      72
      67
      69
      73
      65
      74
      63
      53
      49
      65
      70
      68
      68
      60
      53
      65
      70
      74
      69
      60
      55
      69
      56
      55
      59
      76
      55
      67
      73
      49
      83
      53
      53
      69
      61
      45
      64
      68
      67
      70
      66
      63
      59
      66
      78
      58
      57
      59
      59
      64
      71
      61
      65
      61
      78
      50
      58
      53
      48
      58
      57
      44
      53
      59
      69
      60
      61
      58
      47
      51
      51
      68
      49
      52
      53
      49
      61
      44
      49
      56
      56
      45
      52
      63
      59
      47
      55
      56
      47
      60
      58
      57
      56
      51
      54
      58
      54
      62
      56
      65
      53
      58
      54
      36
      47
      37
      43
      48
      51
      60
      55
      45
      50
      55
      52
      56
      45
      48
      49
      57
      61
      54
      51
      39
      52
      47
      44
      53
      40
      57
      59
      54
      49
      54
      48
      35
      47
      40
      38
      56
      53
      52
      63
      53
      45
      58
      50
      35
      54
      56
      65
      53
      49
      53
      51
      42
      53
      57
      51
      63
      54
      51
      43
      38
      49
      56
      39
      54
      55
      55
      47
      70
      56
      47
      51
      53
      53
      41
      60
      65
      63
      58
      57
      59
      44
      63
      67
      55
      64
      51
      53
      47
      47
      66
      58
      59
      57
      64
      50
      48
      42
      65
      38
      53
      49
      40
      49
      48
      47
      49
      41
      67
      49
      55
      56
      55
      32
      48
      32
      60
      41
      51
      35
      52
      56
      48
      56
      51
      37
      45
      51
      42
      41
      50
      44
      43
      56
      50
      58
      41
      63
      61
      43
      44
      51
      40
      36
      40
      39
      45
      48
      50
      64
      45
      50
      55
      52
      51
      52
      37
      33
      40
      34
      38
      45
      36
      52
      40
      51
      47
      50
      57
      44
      41
      55
      45
      50
      43
      52
      45
      40
      33
      41
      56
      39
      34
      42
      50
      50
      45
      42
      43
      43
      42
      54
      45
      57
      43
      37
      50
      48
      39
      50
      39
      41
      43
      40
      40
      41
      39
      54
      50
      49
      44
      41
      44
      33
      39
      55
      54
      34
      46
      45
      51
      46
      45
      45
      43
      51
      33
      37
      42
      40
      54
      52
      31
      41
      43
      39
      29
      46
      39
      36
      31
      50
      46
      35
      42
      38
      41
      39
      40
      46
      43
      41
      38
      49
      31
      55
      51
      40
      42
      42
      45
      45
      38
      36
      40
      45
      37
      37
      35
      43
      47
      40
      53
      37
      45
      43
      36
      52
      34
      48
      32
      29
      40
      33
      43
      37
      39
      37
      45
      43
      34
      24
      39
      35
      43
      27
      39
      45
      25
      45
      40
      32
      35
      41
      45
      36
      53
      44
      51
      39
      48
      37
      37
      43
      40
      38
      48
      39
      45
      43
      29
      47
      39
      45
      39
      42
      46
      40
      45
      31
      44
      36
      22
      32
      29
      37
      34
      41
      35
      32
      36
      42
      36
      34
      37
      35
      45
      30
      35
      41
      48
      38
      49
      37
      30
      40
      29
      37
      35
      44
      31
      35
      43
      41
      49
      34
      37
      33
      39
      37
      37
      36
      44
      29
      41
      40
      39
      48
      33
      38
      32
      53
      41
      30
      35
      39
      46
      29
      46
      53
      32
      35
      51
      41
      36
      36
      38
      34
      38
      42
      34
      53
      32
      33
      39
      41
      35
      37
      25
      38
      40
      36
      41
      42
      42
      36
      44
      45
      55
      31
      31
      37
      41
      38
      46
      38
      43
      42
      38
      27
      46
      40
      52
      38
      43
      25
      48
      42
      37
      40
      51
      38
      34
      45
      36
      35
      32
      25
      34
      43
      38
      27
      33
      31
      50
      35
      50
      36
      40
      46
      33
      42
      47
      32
      38
      39
      41
      44
      15
      38
      29
      34
      30
      35
      34
      34
      52
      36
      38
      38
      55
      38
      36
      32
      32
      37
      30
      33
      27
      26
      51
      26
      38
      46
      37
      37
      28
      49
      49
      34
      34
      32
      40
      41
      48
      33
      41
      48
      44
      46
      39
      40
      27
      46
      33
      33
      30
      31
      33
      31
      37
      30
      34
      48
      45
      39
      39
      23
      34
      38
      36
      37
      27
      38
      40
      30
      38
      32
      38
      39
      39
      41
      31
      30
      38
      36
      38
      36
      27
      40
      34
      41
      35
      37
      43
      32
      40
      38
      40
      29
      27
      30
      37
      33
      32
      50
      53
      39
      35
      37
      35
      46
      40
      36
      26
      38
      40
      29
      50
      34
      49
      42
      32
      29
      29
      34
      29
      35
      41
      35
      44
      33
      39
      43
      43
      40
      32
      38
      35
      27
      29
      24
      38
      31
      26
      29
      38
      39
      51
      38
      44
      36
      53
      44
      34
      39
      45
      41
      39
      25
      41
      39
      37
      43
      44
      40
      41
      29
      29
      45
      31
      37
      30
      29
      41
      45
      28
      37
      49
      45
      28
      44
      40
      34
      43
      36
      34
      33
      42
      30
      54
      36
      37
      45
      40
      32
      33
      46
      43
      36
      40
      47
      35
      44
      44
      40
      36
      34
      39
      27
      43
      43
      32
      44
      46
      40
      30
      35
      37
      42
      43
      52
      49
      37
      39
      36
      42
      36
      35
      33
      45
      43
      39
      38
      43
      27
      27
      39
      35
      42
      35
      46
      38
      31
      45
      32
      40
      39
      42
      31
      27
      30
      38
      38
      44
      33
      45
      40
      50
      41
      47
      41
      40
      45
      28
      42
      42
      38
      32
      41
      56
      34
      45
      34
      36
      43
      31
      35
      37
      40
      42
      37
      32
      31
      35
      39
      34
      35
      38
      38
      25
      40
      34
      31
      32
      29
      30
      37
      39
      37
      40
      33
      38
      39
      39
      45
      39
      25
      31
      25
      33
      44
      33
      35
      44
      35
      16
      34
      34
      31
      31
      35
      31
      38
      42
      52
      19
      34
      31
      40
      38
      34
      25
      27
      25
      35
      33
      28
      33
      32
      26
      32
      38
      30
      32
      30
      24
      29
      38
      31
      35
      29
      28
      27
      42
      31
      27
      28
      29
      29
      19
      37
      36
      31
      39
      39
      26
      40
      30
      29
      44
      30
      30
      25
      26
      25
      25
      42
      33
      39
      35
      32
      39
      37
      29
      35
      26
      26
      34
      33
      29
      34
      26
      43
      39
      34
      31
      28
      40
      30
      23
      46
      37
      25
      25
      35
      34
      21
      24
      24
      39
      32
      37
      32
      28
      14
      27
      24
      31
      30
      29
      40
      27
      16
      28
      29
      24
      30
      30
      15
      18
      15
      24
      23
      24
      26
      24
      32
      21
      16
      30
      17
      18
      18
      17
      25
      28
      17
      17
      25
      15
      23
      20
      25
      18
      30
      28
      25
      16
      21
      22
      13
      11
      20
      17
      11
      21
      17
      20
      11
      21
      13
      18
      20
      16
      23
      16
      14
      19
      15
      13
      17
      14
      24
      14
      17
      17
      18
      17
      19
      16
      19
      20
      17
      15
      19
      14
      10
      22
      18
      18
      14
      16
      15
       9
      18
      19
      18
      23
      15
      18
      13
      20
       9
      19
       8
      12
       8
      17
      13
      13
       9
      19
      19
      13
       9
      13
      13
      13
      13
      17
      13
      18
       8
      10
       7
      12
      17
      14
      12
      11
      18
      11
       7
       2
      12
       9
      13
      20
      12
       6
       9
      10
      13
       8
      12
       8
       9
       8
      18
      11
       5
       8
       9
      16
       9
       7
      10
      10
      11
      13
       8
      12
      10
       7
      14
      13
      10
       4
       8
      10
      10
      11
      14
       9
      10
      10
       9
       9
       9
       7
      14
       4
      11
      10
       7
       8
       7
       5
       6
       5
      12
      12
      12
      12
      13
      14
       7
       8
      14
       8
       6
       4
       7
       5
       5
       5
       8
       7
      10
       7
       7
      10
       5
       9
       6
       5
       6
       6
      18
       7
       6
      15
       8
       6
       6
       6
       9
       9
       5
       3
       6
       6
       8
       6
       3
       6
       4
       2
       7
      12
      11
       6
      10
       4
       9
       7
       8
       4
       7
       4
       5
       8
       7
       7
       3
       6
       3
       8
       4
      10
       1
       3
       5
       7
       7
       6
       3
       8
       5
       8
       5
       8
       4
       2
       6
       7
       3
       6
       6
       8
       2
       8
       5
       4
       3
       2
      10
       1
       5
       2
       5
       6
       4
       4
       8
       3
       3
       6
       6
       3
       7
       7
       6
       6
       6
       4
       3
       9
       5
       4
       4
       4
       7
       4
       2
       6
       5
       2
       2
       5
      10
       7
       0
       4
       5
       5
       4
       5
       3
       5
       4
       3
       9
       3
       6
       4
       4
       8
       6
       6
       4
       6
       6
       6
       3
       3
       5
       4
       3
       2
       3
       7
       4
       4
       3
       2
       5
       5
       5
       4
       5
       9
       7
       1
       5
       6
       2
      12
       6
       4
       7
       6
       5
       8
       2
       3
       3
      11
       3
       5
       6
       8
       5
       8
       6
       4
       5
       2
       3
       6
       4
       6
       3
       2
       4
       1
       5
       7
       2
       5
       1
       0
       8
       7
       5
       5
       5
       5
       6
       1
      11
       3
       5
       1
       6
       4
       3
       4
       1
       6
       3
       7
       7
       5
      11
       5
       6
       1
       6
       4
       2
       3
       3
       1
       8
       7
       4
       1
       3
       4
       4
       3
       3
       6
       1
       6
       3
       6
       1
       3
       1
       5
       5
       7
       4
       5
       4
       5
       2
      10
       7
       9
       3
       6
       6
       4
       8
       7
       9
       4
       1
       7
       8
       8
       3
       3
       1
       5
       7
       4
       5
       7
       6
       8
       6
       8
       4
       7
       7
       7
       4
       8
       6
       7
      10
       7
      12
      11
      15
       5
      10
      14
      18
      14
      17
      30
      23
      21
      27
      23
      35
      37
      46
      51
      52
      54
      68
      61
      80
      88
      91
      95
     115
     116
     113
     127
     147
     165
     165
     187
     142
     188
     152
     178
     206
     210
     223
     169
     181
     183
     169
     159
     159
     159
     132
     136
     106
     112
     105
      90
      83
      76
      51
      53
      48
      47
      44
      24
      22
      20
      14
       8
       8
      10
       7
       4
       3
       6
       2
       1
       4
       4
       2
       1
       0
       1
       1
       0
       1
       0
       2
       1
       0
       2
       0
       0
       3
       1
       2
       1
       3
       1
       0
       0
       1
       0
       1
       2
       0
       2
       4
       1
       0
       1
       0
       0
       0
       0
       1
       1
       3
       0
       0
       0
       0
       0
       0
       0
       0
       0
       0
       1
       1
       0
       1
       1
       0
       2
       2
       0
       0
       0
       0
       1
       0
       0
       2
       0
       1
       0
       1
       0
       1
       1
       1
       0
       0
       0
       1
       1
       0
       0
       1
       0
       1
       0
       1
       1
       0
       1
       0
       1
       0
       1
       0
       0
       0
       0
       1
       0
       0
       0
       1
       0
       0
       0
       1
       1
       1
       0
       2
       1
       0
       0
       0
       1
       0
       0
       0
       2
       0
       0
       0
       1
       0
       1
       0
       0
       0
       0
       0
       2
       1
       0
       2
       1
       1
       2
       1
       0
       0
       1
       2
       0
       1
       1
       0
       1
       0
       1
       2
       0
       0
       1
       2
       0
       0
       0
       0
       0
       1
       1
       0
       0
       0
       1
       0
       1
       1
       1
       0
       1
       0
       2
       3
       0
       0
       1
       1
       1
       1
       2
       1
       0
       0
       1
       1
       1
       0
       0
       0
       1
       0
       0
       1
       0
       1
       1
       1
       1
       1
       0
       0
       0
       0
       0
       1
       1
       0
       0
       1
       1
       2
       0
       0
       0
       1
       0
       2
       0
       0
       0
       1
       0
       1
       0
       0
       0
       0
       0
       1
       0
       0
       0
       4
       0
       0
       0
       1
       1
       1
       0
       0
       0
       0
       0
       1
       2
       0
       0
       0
       0
       0
       2
       0
       0
       0
       1
       1
       0
       0
       0
       0
       1
       3
       1
       0
       1
       0
       0
       1
       2
       0
       0
       0
       0
       1
       0
       1
       1
       0
       1
       0
       0
       0
       0
       1
       0
       0
       0
       0
       0
       0
       0
       0
       1
       1
       0
       0
       0
       0
       1
       0
       0
       2
       0
       1
       1
       1
       1
       0
       1
       0
       3
       0
       0
       0
       0
       1
       0
       1
       1
       0
       0
       0
       0
       0
       0
       0
       0
       2
       1
       1
       2
       0
       0
       0
       1
       1
       1
       0
       1
       1
       1
       1
       0
       0
       0
       0
       1
       0
       0
       1
       1
       0
       1
       2
       1
       0
       0
       0
       0
       0
       0
       1
       0
       1
       0
       1
       1
       0
       0
       2
       1
       0
       0
       1
       1
       0
       0
       0
       0
       0
       0
       0
       0
       0
       0
       1
       1
       1
       0
       0
       0
       0
       1
       1
       1
       0
       2
       0
       0
       0
       1
       0
       2
       2
       0
       0
       0
       0
       1
       0
       0
       0
       0
       0
       0
       0
       1
       0
       1
       0
       0
       0
       0
       0
       0
       2
       0
       2
       1
       1
       2
       0
       0
       0
       0
       1
       1
       1
       1
       3
       1
       0
       0
       1
       0
       1
       0
       1
       0
       1
       2
       0
       0
       2
       0
       0
       0
       1
       0
       0
       0
       0
       2
       1
       0
       0
       0
       0
       0
       0
       0
       1
       0
       1
       1
       0
       0
       1
       0
       1
       0
       0
       2
       0
       0
       2
       1
       0
       1
       1
       0
       0
       0
       0
       1
       0
       0
       0
       3
       0
       0
       0
       0
       0
       0
       0
       0
       0
       0
       0
       0
       0
       0
       1
       0
       1
       1
       0
       0
       1
       0
       1
       0
       0
       0
       1
       1
       0
       1
       0
       2
       1
       0
       1
       0
       0
       0
       1
       0
       3
       2
       0
       0
       0
       0
       0
       2
       1
       0
       0
       0
       0
       0
       1
       1
       1
       0
       0
       0
       1
       2
       1
       0
       0
       0
       0
       0
       0
       0
       1
       1
       0
       0
       0
       1
       0
       0
       1
       0
       0
       0
       0
       0
       0
       0
       1
       0
       0
       0
       0
       1
       0
       0
       0
       0
       0
       1
       0
       0
       1
       0
       0
       0
       0
       0
       0
       0
       0
       1
       0
       0
       0
       1
       1
       0
       1
       0
       1
       0
       0
       0
       0
       0
       1
       0
       0
       3
       0
       0
       0
       0
       0
       2
       0
       1
       0
       0
       0
       1
       0
       0
       0
       1
       0
       0
       0
       2
       1
       1
       0
       0
       1
       0
       0
       1
       0
       0
       0
       0
       1
       0
       0
       1
       0
       0
       1
       0
       0
       0
       0
       0
       0
       1
       0
       0
       0
       0
       0
       0
       1
       0
       2
       1
       1
       0
       0
       1
       0
       1
       0
       2
       0
       0
       0
       0
       1
       0
       0
       0
       0
       1
       1
       0
       3
       1
       1
       0
       0
       0
       1
       0
       1
       0
       0
       0
       0
       0
       1
       0
       0
       0
       1
       0
       0
       0
       0
       1
       1
       0
       0
       0
       0
       0
       1
       0
       0
       0
       0
       0
       0
       0
       2
       0
       0
       1
       0
       0
       0
       0
       0
       1
       1
       1
       1
       0
       0
       1
       0
       2
       0
       1
       1
       0
       0
       0
       2
       0
       1
       1
       0
       0
       0
       0
       1
       0
       0
       0
       0
       0
       2
       0
       0
       2
       0
       1
       0
       2
       0
       0
       0
       0
       1
       0
       0
       0
       0
       1
       0
       0
       0
       1
       0
       0
       2
       0
       0
       0
       2
       0
       0
       0
       0
       2
       0
       0
       0
       1
       0
       0
       1
       0
       0
       0
       0
       0
       0
       1
       1
       0
       0
       2
       0
       0
       1
       1
       0
       0
       1
       0
       0
       0
       1
       2
       0
       0
       1
       0
       1
       0
       1
       1
       1
       0
       0
       0
       0
       0
       1
       0
       0
       0
       1
       0
       0
       0
       1
       0
       0
       0
       0
       1
       0
       2
       0
       0
       1
       0
       1
       0
       0
       1
       0
       0
       1
       1
       0
       0
       0
       0
       0
       0
       0
       0
       0
       0
       0
       0
       1
       1
       0
       2
       0
       0
       0
       0
       0
       0
       0
       0
       1
       1
       0
       0
       0
       0
       1
       1
       1
       0
       1
       0
       0
       0
       0
       0
       0
       0
       0
       0
       1
       0
       0
       2
       0
       0
       0
       0
       0
       0
       0
       0
       1
       0
       1
       0
       0
       0
       0
       0
       0
       1
       0
       0
       1
       1
       0
       0
       0
       2
       0
       0
       0
       0
       1
       0
       0
       0
       0
       0
       1
       0
       0
       1
       1
       0
       0
       0
       0
       0
       0
       0
       0
       0
       0
       0
       1
       1
       0
       0
       0
       1
       1
       0
       1
       0
       1
       1
       0
       0
       0
       1
       1
       1
       0
       0
       0
       0
       0
       0
       0
       0
       0
       0
       0
       0
       1
       0
       0
       0
       0
       0
       0
       0
       0
       0
       1
       0
       0
       1
       0
       0
       0
       0
       0
       0
       0
       0
       1
       0
       0
       0
       0
       0
       0
       0
       0
       0
       0
       1
       0
       0
       0
       0
       0
       0
       0
       0
       0
       0
       0
       0
       0
       0
       0
       0
       2
       0
       0
       0
       0
       0
       0
       0
       0
       0
       0
       0
       0
       0
       0
       1
       0
       0
       1
       1
       0
       0
       0
       0
       0
       1
       0
       2
       1
       0
       0
       0
       0
       0
       1
       0
       0
       0
       1
       1
       0
       0
       0
       1
       0
       1
       0
       0
       0
       0
       0
       0
       0
       1
       1
       0
       0
       0
       0
       0
       0
       0
       0
       0
       0
       1
       0
       0
       0
       0
       0
       0
       0
       0
       0
       0
       0
       0
       1
       0
       0
       0
       0
       0
       0
       0
       1
       0
       1
       2
       1
       0
       0
       0
       0
       0
       1
       1
       0
       0
       0
       1
       0
       0
       0
       0
       1
       1
       2
       0
       1
       1
       0
       0
       0
       0
       0
       0
       0
       0
       1
       0
       1
       0
       1
       1
       0
       0
       0
       1
       1
       0
       0
       0
       0
       0
       0
       0
       0
       0
       1
       0
       0
       0
       0
       0
       0
       0
       0
       0
       0
       0
       0
       0
       0
       0
       0
       0
       1
       1
       1
       0
       0
       0
       1
       1
       0
       0
       0
       0
       0
       1
       1
       0
       0
       0
       0
       0
       1
       1
       1
       0
       0
       3
       1
       0
       1
       0
       0
       0
       0
       0
       0
       0
       0
       0
       0
       1
       0
       0
       0
       0
       0
       0
       0
       0
       0
       0
       0
       0
       0
       0
       1
       0
       1
       2
       0
       0
       0
       1
       0
       0
       0
       0
       1
       0
       0
       1
       0
       0
       1
       1
       0
       1
       0
       1
       1
       0
       0
       1
       0
       0
       1
       0
       0
       0
       1
       0
       0
       0
       1
       2
       0
       0
       0
       0
       1
       0
       0
       1
       0
       0
       0
       1
       0
       0
       1
       0
       0
       0
       0
       1
       1
       0
       0
       0
       2
       0
       0
       0
       0
       0
       0
       0
       1
       0
       0
       0
       0
       0
       0
       0
       0
       0
       1
       0
       0
       0
       2
       0
       1
       1
       0
       0
       1
       0
       0
       0
       0
       0
       0
       1
       1
       0
       0
       0
       0
       0
       0
       0
       0
       0
       0
       0
       0
       0
       0
       1
       0
       0
       0
       0
       1
       1
       0
       0
       0
       0
       1
       0
       1
       0
       0
       0
       1
       0
       0
       0
       0
       0
       0
       0
       2
       1
       0
       0
       0
       0
       1
       1
       2
       0
       0
       0
       0
       1
       0
       0
       0
       0
       0
       0
       0
       0
       1
       0
       0
       0
       0
       1
       0
       1
       0
       1
       0
       2
       0
       2
       0
       0
       0
       0
       0
       0
       0
       0
       0
       0
       1
       0
       0
       0
       0
       0
       1
       0
       0
       0
       0
       2
       0
       0
       0
       0
       0
       0
       0
       1
       1
       0
       0
       0
       0
       1
       1
       1
       0
       0
       0
       0
       0
       1
       1
       0
       0
       0
       1
       0
       0
       0
       0
       0
       0
       0
       0
       1
       0
       0
       0
       0
       0
       1
       1
       0
       0
       1
       1
       0
       0
       0
       2
       0
       1
       0
       0
       1
       0
       0
       0
       1
       0
       0
       0
       0
       0
       0
       0
       0
       0
       0
       0
       0
       0
       0
       0
       0
       1
       0
       0
       0
       1
       0
       1
       0
       1
       0
       0
       0
       0
       1
       0
       0
       1
       1
       0
       0
       2
       0
       0
       0
       0
       0
       1
       1
       0
       0
       0
       0
       1
       0
       0
       1
       1
       0
       0
       0
       0
       0
       1
       0
       0
       0
       0
       0
       0
       0
       0
       0
       0
       0
       1
       1
       0
       0
       0
       0
       0
       0
       1
       0
       0
       1
       1
       1
       0
       0
       2
       1
       0
       1
       0
       0
       0
       0
       0
       0
       0
       0
       0
       0
       0
       0
       0
       0
       0
       0
       0
       0
       1
       0
       0
       0
       0
       1
       0
       0
       0
       0
       1
       0
       0
       0
       1
       0
       1
       0
       0
       1
       0
       0
       1
       0
       0
       0
       0
       0
       0
       1
       1
       0
       0
       0
       0
       0
       0
       0
       0
       1
       0
       1
       0
       0
       0
       0
       0
       0
       0
       0
       0
       0
       0
       0
       0
       2
       0
       0
       0
       1
       0
       0
       1
       0
       0
       0
       0
       0
       0
       1
       0
       1
       0
       0
       1
       0
       0
       1
       0
       0
       1
       1
       0
       0
       0
       0
       1
       0
       0
       0
       0
       0
       0
       0
       0
       0
       0
       1
       0
       0
       0
       0
       0
       2
       0
       0
       0
       0
       0
       0
       0
       1
       0
       0
       1
       0
       0
       0
       0
       0
       0
       0
       0
       1
       1
       0
       0
       0
       0
       0
       0
       0
       0
       1
       1
       0
       0
       0
       0
       0
       0
       0
       0
       0
       0
       0
       0
       1
       0
       0
       0
       0
       0
       1
       0
       0
       0
       0
       0
       0
       1
       0
       1
       0
       0
       0
       0
       0
       0
       0
       0
       0
       2
       1
       0
       0
       0
       1
       0
       1
       0
       0
       0
       0
       0
       0
       0
       0
       0
       0
       0
       0
       0
       0
       0
       0
       0
       0
       0
       0
       0
       0
       1
       0
       0
       0
       0
       0
       0
       0
       0
       0
       0
       0
       0
       0
       0
       0
       0
       1
       0
       1
       1
       1
       0
       0
       0
       1
       0
       0
       0
       0
       0
       0
       0
       0
       0
       0
       0
       0
       0
       0
       1
       0
       0
       0
       0
       0
       1
       1
       0
       0
       0
       0
       0
       0
       0
       0
       0
       0
       0
       1
       0
       0
       0
       0
       0
       0
       0
       1
       0
       0
       0
       0
       0
       0
       0
       1
       0
       0
       1
       0
       0
       0
       0
       1
       0
       0
       0
       0
       0
       0
       0
       0
       0
       1
       0
       0
       0
       0
       0
       0
       0
       0
       0
       0
       0
       0
       0
       0
       1
       0
       0
       0
       0
       0
       0
       0
       0
       0
       0
       0
       0
       0
       0
       1
       0
       0
       0
       0
       0
       1
       1
       0
       0
       0
       0
       0
       0
       0
       0
       0
       0
       0
       0
       1
       0
       0
       0
       0
       0
       1
       0
       0
       0
       0
       0
       0
       0
       0
       0
       0
       0
       0
       0
       0
       0
       0
       0
       0
       0
       0
       1
       0
       0
       0
       0
       0
       1
       0
       0
       0
       1
       0
       0
       0
       0
       0
       0
       0
       0
       1
       0
       0
       0
       1
       0
       0
       0
       0
       0
       0
       0
       0
       2
       0
       0
       0
       0
       0
       0
       0
       1
       0
       0
       0
       0
       0
       0
       2
       0
       0
       0
       0
       0
       0
       0
       0
       0
       0
       1
       0
       0
       1
       0
       0
       0
       1
       0
       1
       1
       0
       0
       2
       0
       0
       0
       0
       1
       0
       1
       0
       0
       1
       0
       0
       0
       0
       0
       0
       0
       0
       0
       0
       0
       1
       0
       0
       0
       0
       0
       0
       0
       1
       0
       1
       0
       0
       0
       0
       0
       0
       1
       0
       0
       0
       0
       0
       0
       0
       0
       0
       0
       0
       0
       0
       0
       0
       0
       0
       0
       0
       0
       0
       0
       0
       0
       0
       0
       0
       0
       1
       0
       0
       0
       0
       0
       0
       0
       0
       0
       0
       0
       0
       0
       0
       0
       0
       0
       0
       0
       0
       0
       0
       1
       0
       0
       0
       1
       0
       1
       0
       0
       1
       0
       0
       0
       0
       0
       0
       0
       1
       1
       0
       0
       1
       0
       0
       0
       1
       1
       0
       1
       0
       0
       0
       0
       0
       0
       0
       0
       0
       0
       0
       0
       0
       0
       0
       0
       0
       0
       2
       0
       0
       0
       0
       0
       0
       0
       0
       0
       0
       0
       1
       0
       1
       0
       0
       1
       0
       0
       0
       1
       0
       1
       0
       0
       2
       0
       0
       0
       0
       0
       1
       0
       0
       0
       0
       0
       0
       0
       0
       0
       2
       0
       0
       0
       0
       0
       0
       0
       1
       0
       1
       1
       1
       0
       1
       1
       0
       0
       1
       0
       0
       0
       0
       0
       0
       0
       0
       2
       0
       0
       0
       0
       0
       0
       0
       0
       0
       0
       0
       0
       0
       0
       0
       0
       0
       0
       0
       1
       0
       0
       0
       0
       0
       0
       0
       0
       0
       0
       0
       0
       0
       0
       0
       0
       0
       0
       0
       0
       0
       0
       0
       0
       0
       0
       0
       0
       0
       0
       0
       0
       0
       0
       0
       0
       0
       0
       0
       0
       0
       0
       0
       0
       0
       0
       0
       0
       0
       0
       0
       0
       0
       1
       0
       0
       0
       0
       0
       0
       0
       0
       0
       0
       1
       0
       0
       0
       0
       0
       0
       0
       0
       0
       0
       0
       0
       0
       0
       0
       0
       0
       1
       0
       0
       0
       0
       0
       0
       0
       0
       0
       0
       0
       0
       0
       0
       0
       0
       0
       0
       0
       0
       0
       0
       0
       0
       0
       0
       0
       0
       0
       0
       0
       0
       0
       0
       0
       0
       0
       0
       0
       0
       0
       0
       0
       0
       0
       0
       0
       0
       0
       0
       0
       0
       0
       0
       0
       0
       0
       0
       0
       0
       0
       0
       0
       1
       1
       0
       1
       0
       0
       0
       0
       0
       0
       0
       0
       1
       0
       1
       0
       0
       0
       1
       2
       1
       3
       0
       4
       0
       1
       0
       0
       0
       0
       0
       2
       1
       0
       0
       1
       0
       1
       0
       0
       0
       0
       0
       0
       0
       0
       0
       0
       0
       0
       0
       0
       0
       0
       0
       0
       0
       0
       0
       0
       0
       0
       0
       0
       0
       0
       0
       0
       0
       0
       0
       0
       0
       0
       0
       0
       0
       0
       0
       0
       0
       0
       0
       0
       0
       0
       0
       0
       0
       0
       0
       0
       0
       0
       0
       0
       0
       0
       0
       0
       0
       0
       0
       0
       0
       0
       0
       0
       0
       0
       0
       0
       0
       0
       0
       0
       0
       0
       0
       0
       0
       0
       0
       0
       0
       1
       0
       0
       0
       0
       0
       0
       1
       3
       2
       1
       2
       4
       3
       2
       6
       5
       4
       2
       2
       2
       4
       3
       6
       4
       2
       4
       6
       2
       2
       1
       1
       2
       3
       0
       4
       2
       4
       8
       3
       1
       3
       0
       4
       4
       2
       0
       3
       3
       6
       5
       3
       2
       2
       5
       2
       2
       4
       2
       1
       8
       7
       5
       3
       1
       4
       1
       4
       5
       0
       0
       2
       2
       2
       4
       4
       2
       3
       6
       3
       5
       4
       6
       2
       2
       4
       5
       6
       3
       3
       1
       4
       1
       5
       2
       1
       3
       5
       1
       6
       2
       2
       4
       2
       2
       6
       3
       3
       3
       6
       6
       3
       3
       4
       4
       3
       4
       3
       3
       5
       1
       6
       4
       3
       1
       7
       1
       2
       2
       0
       2
       4
       3
       3
       1
       2
       2
       6
       2
       7
       2
       5
       0
       4
       4
       2
       3
       5
       5
       0
       3
       5
       5
       5
       6
       3
       7
       3
       0
       5
       3
       2
       4
       5
       2
       3
       3
       3
       2
       5
       4
       5
       3
       4
       2
       4
       2
       1
       2
       2
       3
       1
       3
       7
       3
       3
       0
       4
       6
       5
       2
       3
$ROI:
5
349 399
960 988
992 1050
1491 1501
5157 5169
$PRESETS:
None
0
0
$ENER_FIT:
0.000000 0.107033
$MCA_CAL:
3
0.000000E+000 1.070331E-001 0.000000E+000 keV
$SHAPE_CAL:
3
0.000000E+000 0.000000E+000 0.000000E+000
