$SPEC_ID:
No sample description was entered.
$SPEC_REM:
DET# 1
DETDESC# DLAB-PHY-L3-49 926 Right
AP# Maestro Version 7.01
$DATE_MEA:
10/18/2024 16:20:56
$MEAS_TIM:
116 126
$DATA:
0 8191
       0
       0
       0
       0
       0
       0
       0
       0
       0
       0
       0
       2
       1
       5
       5
      20
      20
      18
      28
      26
      32
      34
      31
      38
      47
      42
      47
      38
      57
      42
      45
      52
      62
      62
      68
      80
      89
     108
     115
     132
     112
     132
     155
     150
     149
     143
     156
     155
     135
     146
     133
     158
     130
     128
     128
     130
     136
     136
     129
     141
     136
     130
     119
     130
     145
     134
     128
     121
     117
     119
     131
     104
     129
     125
     135
     129
     134
     107
     126
     113
     134
     133
     133
     124
     127
     120
     104
     121
     112
     109
     111
     115
     132
     127
     129
     114
      98
     100
     102
     100
     113
     124
     120
     103
     120
     126
     116
      98
     118
     105
      86
     115
     105
     107
     113
     111
     102
     115
     111
      93
     103
      93
     107
     109
     109
      91
      98
     114
     100
     114
     111
     117
     101
      86
     101
     104
     113
     118
      99
      99
     105
     115
     119
      95
     118
      99
      90
     103
     104
      99
      90
     124
     110
      94
     107
     114
      82
     104
     115
     108
     107
      87
     108
     109
     104
      91
      81
      98
     107
     103
      87
     102
      86
      78
      94
     107
     112
      82
      92
      83
      86
      94
      99
      87
      86
     110
     102
      93
      92
      97
     102
     103
      93
     112
     104
     101
     117
      95
     102
     115
      95
     106
     112
     108
     110
     103
      91
     110
     100
      89
      96
      83
     105
     112
      92
      98
      97
     120
      82
      88
     102
      94
      79
      88
     101
     100
     112
     104
      98
     107
      93
      91
     100
      83
      87
      99
      94
     106
      89
     116
      93
      82
     113
      86
      91
      86
      89
      91
      95
      82
      96
      98
     101
     105
      86
      88
      87
      99
      94
      77
     104
      97
      91
      91
     100
      92
      95
      87
      97
      85
      94
     105
      86
      85
      76
      97
      97
     101
     103
      93
      85
      82
      90
      95
     101
      77
     100
      86
     113
      90
      87
      96
      99
     100
      91
      86
      92
      99
     103
      76
      96
      94
      90
      96
      91
     101
      89
     104
      90
     102
      92
      94
      94
     104
      78
      61
      87
      90
      81
      93
      80
      94
      77
     110
      95
      94
     105
      89
      93
      80
      85
      89
      95
      89
      86
      85
     100
     122
      96
      92
     120
     107
      94
     111
     110
     109
     117
     145
     112
     122
     126
     135
     119
     133
     119
     132
     155
     138
     110
     171
     131
     136
     136
     136
     120
     134
     126
     114
     136
     112
     106
     101
     111
     124
      80
      92
     103
     100
     100
      86
      89
      76
      93
      96
      89
      87
     100
     104
     107
      81
      88
      80
     108
      88
      88
      99
      74
      99
      82
      87
      81
      96
     102
     102
     106
      99
     111
      86
     116
      98
      96
     106
     119
      97
     109
     112
     145
     115
     109
     117
     102
      95
      98
     110
     109
     105
     100
     106
      92
      96
     107
      86
      97
      97
      97
     109
      87
      93
     105
     100
      95
      82
      79
      73
      83
      87
     105
      99
      80
      75
      88
      78
      71
      87
      90
      89
      93
      65
      92
     105
      84
      79
      82
      85
      83
      93
      81
      73
      96
     103
      76
      92
      88
      91
      99
      70
      83
      82
      85
      78
      87
      80
      80
      83
      82
      68
      85
      78
      97
      83
      79
      76
      76
      84
      91
      97
      82
      74
      67
      84
      91
      97
     100
      88
      86
      89
      55
      90
      81
      86
      93
      89
      81
      91
      70
      81
      72
      95
      90
      98
      89
      65
      99
      99
      93
      96
      96
      93
      86
     102
      94
      84
      67
      65
      78
      92
      71
     102
      82
      77
      82
      95
      90
      76
      91
      75
      91
      98
      86
      80
      91
      79
      90
      86
      78
      73
      91
      99
      60
      74
      85
      79
      87
      93
      86
      90
      97
      80
      93
      78
      87
      88
      79
      92
      87
      84
      89
      70
      96
      75
      94
      81
      73
      76
      85
      94
      77
      83
      95
      90
     102
      82
      80
      77
      78
      90
      94
      84
      93
      76
      74
      77
     104
      83
      83
      78
      85
      90
      90
      86
      78
      70
      69
     100
      86
      98
      97
      91
      87
      87
      74
      96
      75
      77
      78
      92
     101
      80
      70
      94
      77
      86
      84
      84
      86
      79
     106
      96
      95
      81
      94
      78
      77
      85
      84
      76
      71
      91
     103
      96
      75
      54
      86
     103
      96
      85
      63
      80
      87
      82
      72
      71
      78
      72
      69
      73
      87
      72
      88
      96
      94
      93
      92
      99
      81
      82
      83
     100
      70
      99
      66
      75
      87
      72
      89
      77
      77
      94
      75
      92
      73
      71
      68
      69
      81
      89
      92
      87
      69
      96
      80
      82
      78
      81
      99
      71
      75
      82
      72
     103
      85
      86
      93
      84
      83
      76
      90
      79
      98
      82
      80
      81
      73
      76
      95
      72
      74
      87
      83
     101
      95
      86
      61
      73
      82
      83
      92
      75
      82
      83
      78
      94
      89
     101
      68
      88
      82
      73
      93
      85
      84
      89
      89
      84
      83
      68
      86
      77
      66
      75
      83
      72
      79
     103
      79
     105
      72
      89
      75
      74
      78
      75
      91
      88
      74
      77
      92
      80
      84
      76
      60
      87
      78
      81
      77
      75
      76
      93
      90
      82
      88
      83
      94
      84
      93
      84
      76
      75
      71
      84
      86
      59
      90
      95
      83
      99
      88
      85
      87
      77
      76
      85
      79
      85
     101
      75
      82
      92
      95
      81
      87
      73
      84
      82
      77
      83
      84
      73
      75
      84
      96
      78
      78
      81
      90
      93
      89
      98
      84
      96
      91
      88
      95
      80
      79
      76
      95
      73
     101
      90
      79
      93
      75
      74
     106
      75
      85
      77
     102
      81
     104
      82
     101
      96
      89
      87
      82
      74
      77
      97
      81
      97
     107
      89
      96
      97
      91
      74
      75
      89
      95
      83
      79
      94
     108
      86
      99
     111
      90
      89
      83
      95
      90
      90
      98
     100
     109
     101
      86
     104
      82
      88
      90
      86
      78
      94
      96
      91
      94
      93
      93
      94
      87
      97
      99
      88
      97
      99
     103
      98
      93
      90
      97
      83
     100
      88
      84
     100
      87
      81
      94
      87
     111
      86
      89
     107
      92
      71
      84
      94
      91
      90
     104
     105
      78
      62
      93
      86
      93
      96
      81
      89
      86
      97
     109
      85
      82
      77
      86
     109
     104
      90
      92
      96
     106
      87
     106
      96
      87
      87
      91
      85
      95
      99
     103
      88
     110
      96
      93
      85
      83
      84
      81
      88
      83
     102
      79
      99
      92
     101
      96
      92
      98
      98
      91
      91
      93
      96
     108
      76
      81
     103
      89
      83
      80
      82
      98
     121
      91
     102
      90
      64
      98
      82
      98
      85
      94
      85
      83
     101
      73
      85
      96
      71
      82
      93
      79
      71
      99
      78
      85
      87
      81
      81
      82
      90
     102
      77
      91
     100
      87
      95
      92
      89
      83
      94
      99
      88
      83
      73
      85
      77
      92
      89
      97
     103
      90
      85
      91
      91
      80
      85
      85
      97
      95
      75
      96
      87
      97
      86
     103
      79
      81
      79
      85
      91
      97
      89
      98
      96
      82
      76
      96
      95
      87
      95
      77
      81
      84
      90
      90
     105
      91
      88
      83
      66
      82
     106
      82
      93
      87
      82
      90
      87
      74
      85
      81
     117
      94
      85
      87
      75
      85
      73
      79
      91
      97
      79
      99
      93
      89
      86
      87
      84
      83
     103
      71
      84
      95
      97
      91
      87
      82
     105
      70
      92
      95
     104
      82
      96
      90
     108
      93
      88
      85
      80
     104
      99
      80
      88
      84
      82
      88
      74
      96
      82
     100
      77
      90
      66
      91
      84
      97
      94
      84
      79
      78
      91
      93
      97
     102
      95
      97
      77
      96
      90
      80
      82
      85
     104
      87
     104
      90
      88
     107
      82
     110
      81
     105
      74
     100
      82
      73
      99
      85
      71
      76
     107
     103
      81
      83
      84
      82
      84
      76
      82
      97
     113
      90
      83
      87
     103
     105
      91
      91
      99
      74
      82
      86
      84
      79
      75
      82
      99
      88
     100
      95
      97
      89
     114
      77
      88
      84
      88
      86
      93
      76
      84
      82
      94
      82
      93
      93
      97
      79
     103
      93
      75
      86
      95
      94
      74
     101
     106
      85
      94
     108
      81
      79
      83
      69
      83
      86
      83
      88
      94
      59
      73
      88
      79
      97
      84
      89
      84
      92
      84
      95
      95
      97
      93
      86
      92
      89
      94
      88
      71
      95
      75
      87
      98
      85
      94
      77
      88
      73
      98
      82
      71
     111
      90
      78
      90
      89
      92
      96
      92
      70
      88
      87
      97
      98
      88
      90
     112
      88
      71
      95
      84
     114
     109
      92
     104
     104
      79
      86
      84
     105
      90
      90
      96
      92
      95
      81
      78
      94
      84
      79
      93
     100
     109
     112
      96
      92
      88
      96
      95
      93
      81
     109
     101
      87
     101
      76
     104
      84
      83
      96
     102
      79
     100
      96
     103
      92
      86
      90
      79
      85
      97
      89
     102
      79
      88
     100
      88
      71
      77
      83
      97
      98
      70
      71
      90
      95
      75
      93
      86
      84
      84
      75
      70
      97
      65
      92
      85
      78
      91
      99
      95
     103
      78
     101
      90
      95
      85
      88
      97
      85
     111
      90
      85
      88
      91
     100
     104
     103
      84
      82
      82
     104
      90
      72
     101
      96
      77
      77
      72
     111
      95
      74
     101
      93
      85
      93
      97
      85
      91
      89
      76
     107
      91
     101
      89
      92
      93
     105
      82
     101
     107
      85
      90
     100
      83
      91
      96
      87
     100
      90
      92
     105
      93
      84
     104
     102
     111
     105
      86
     114
      97
     100
      90
     110
      99
      99
      92
      85
      83
      98
      97
      81
      84
      91
      84
      96
     106
      84
      87
      95
      98
      98
      87
      96
      89
      86
      87
      86
      85
      94
      92
      96
     106
     111
     110
     112
     105
      95
      93
     119
      93
      92
     103
     100
      91
     105
      85
     108
      93
      93
     100
      98
     105
     109
      95
      96
      93
      93
      86
     118
      88
      90
     105
      84
     108
      89
      91
      96
      73
      95
     104
      81
     113
     111
      87
     114
      88
      81
      94
     104
      99
     105
      96
      93
      83
     102
      99
     107
     100
     104
     101
     103
     112
     102
     106
      88
     100
     106
      97
     101
     120
      92
      88
     110
      90
      89
     114
     111
     107
     104
     105
     102
     111
      95
     107
     105
      94
      92
     110
     102
     123
      97
      88
      97
      96
     110
     114
      87
     107
      99
     120
     110
      87
     109
     105
      86
      99
      98
     101
      98
      93
     111
      93
     109
      98
      87
     132
     104
      97
     109
     105
     115
     109
     104
     112
     120
     113
     118
      98
     107
     100
     101
     101
     116
      97
     105
     106
      93
      93
     122
     101
      99
     109
     118
     115
     132
     116
     122
     107
      95
     110
      87
     107
     106
     112
      96
     107
     106
      85
     107
     101
     122
     104
     106
     103
     106
     115
     111
     124
     104
     114
     124
     118
      97
      92
     109
      90
      99
     112
     121
     110
      98
     104
      95
     125
     126
     110
     124
      96
     100
     123
      88
     115
      91
     106
     114
     106
     104
     104
     130
     122
     111
     119
     103
     123
     112
      96
     133
     109
     123
     100
     123
     117
     102
     117
     121
     113
     131
      85
     112
     112
     112
     138
     119
     106
     132
     119
     108
      96
     122
      96
     125
     116
     121
     100
     113
     136
     117
     124
     103
     114
     103
     109
     116
     103
     133
     116
     113
     123
     109
     106
     131
     116
     125
     112
     116
     113
     113
      99
     115
     110
      97
     118
     113
     108
     118
      92
      91
     132
     112
     112
     110
     117
      95
     105
     107
     122
     113
     111
      81
     104
     110
     104
     109
     101
     102
     123
     100
      96
      92
     103
     101
      92
     109
     104
      88
     105
     108
      87
      92
      84
      91
      83
     103
      99
      98
      93
      76
      85
      76
      78
      76
      80
      69
      86
     103
      85
      63
      79
      75
      77
      74
      84
      75
      77
      69
      56
      77
      71
      85
      67
      55
      81
      77
      70
      62
      77
      60
      60
      57
      62
      68
      77
      54
      59
      83
      65
      62
      60
      58
      59
      65
      65
      64
      69
      53
      72
      70
      59
      56
      60
      74
      61
      58
      60
      53
      67
      58
      53
      61
      54
      52
      72
      61
      60
      71
      57
      58
      62
      65
      68
      52
      62
      52
      58
      61
      54
      53
      62
      57
      48
      66
      68
      70
      65
      66
      64
      63
      63
      50
      47
      55
      43
      47
      50
      55
      56
      52
      49
      45
      48
      48
      54
      61
      61
      46
      52
      41
      44
      54
      53
      52
      44
      48
      53
      50
      50
      44
      44
      53
      47
      41
      50
      55
      59
      58
      60
      51
      33
      47
      46
      48
      44
      41
      54
      61
      43
      62
      53
      43
      49
      45
      54
      57
      58
      47
      34
      51
      49
      53
      51
      55
      57
      42
      44
      61
      53
      36
      40
      52
      58
      39
      46
      45
      40
      46
      40
      46
      45
      49
      43
      48
      50
      43
      47
      29
      39
      45
      46
      44
      50
      41
      53
      44
      44
      39
      39
      46
      43
      46
      50
      34
      36
      43
      52
      50
      33
      40
      52
      39
      33
      49
      45
      43
      37
      42
      50
      35
      44
      34
      41
      41
      43
      46
      38
      41
      37
      43
      34
      41
      49
      44
      37
      38
      41
      32
      44
      33
      35
      45
      39
      34
      30
      47
      34
      52
      26
      33
      26
      35
      35
      46
      28
      37
      33
      50
      36
      44
      32
      42
      39
      42
      26
      31
      32
      28
      35
      29
      31
      34
      40
      38
      32
      33
      40
      40
      38
      41
      38
      40
      38
      38
      30
      26
      29
      44
      35
      28
      36
      27
      24
      24
      26
      42
      36
      50
      31
      37
      28
      45
      26
      32
      39
      22
      19
      33
      33
      31
      26
      41
      28
      24
      30
      40
      31
      35
      31
      38
      32
      33
      32
      32
      31
      23
      40
      29
      30
      36
      28
      28
      36
      25
      28
      35
      30
      32
      27
      16
      27
      28
      24
      34
      22
      39
      25
      36
      19
      34
      34
      35
      25
      31
      28
      49
      22
      30
      30
      33
      25
      30
      28
      34
      21
      28
      27
      32
      44
      23
      28
      25
      20
      29
      32
      28
      27
      32
      25
      25
      25
      32
      28
      33
      24
      26
      31
      24
      20
      34
      32
      30
      17
      32
      36
      28
      18
      33
      31
      23
      33
      19
      29
      28
      25
      36
      18
      16
      24
      30
      32
      29
      29
      21
      25
      21
      31
      27
      24
      27
      26
      29
      26
      29
      19
      31
      29
      28
      22
      34
      15
      25
      31
      30
      28
      28
      29
      33
      23
      21
      20
      39
      22
      24
      25
      29
      20
      26
      31
      33
      21
      21
      16
      23
      20
      31
      27
      23
      17
      26
      28
      20
      21
      33
      26
      29
      22
      37
      27
      20
      31
      24
      19
      25
      24
      30
      21
      22
      25
      19
      22
      12
      24
      33
      25
      16
      25
      23
      23
      26
      19
      28
      31
      24
      19
      25
      28
      26
      27
      28
      21
      38
      22
      28
      21
      27
      25
      21
      24
      22
      18
      20
      21
      23
      26
      25
      23
      16
      32
      19
      31
      29
      20
      23
      16
      17
      24
      27
      27
      26
      28
      34
      19
      22
      23
      29
      21
      25
      19
      16
      25
      29
      30
      17
      22
      15
      22
      18
      26
      31
      31
      36
      27
      24
      29
      18
      25
      26
      23
      24
      13
      25
      23
      18
      24
      17
      22
      28
      25
      20
      21
      28
      24
      23
      22
      22
      28
      19
      23
      35
      25
      27
      20
      24
      17
      31
      26
      21
      27
      21
      15
      24
      23
      29
      20
      15
      26
      17
      24
      25
      18
      19
      18
      24
      25
      30
      30
      17
      26
      22
      30
      19
      18
      21
      29
      14
      26
      27
      30
      23
      23
      24
      26
      15
      20
      29
      20
      17
      24
      23
      23
      22
      23
      26
      25
      12
      27
      22
      25
      18
      21
      18
      21
      28
      14
      27
      30
      22
      20
      30
      16
      20
      33
      17
      28
      24
      27
      19
      16
      21
      14
      24
      21
      19
      34
      20
      33
      25
      20
      17
      14
      26
      16
      17
      21
      28
      18
      23
      24
      22
      16
      29
      22
      20
      22
      20
      22
      23
      18
      14
      19
      21
      16
      27
      18
      23
      12
      22
      18
      27
      21
      23
      14
      19
      20
      26
      17
      22
      18
      29
      19
      13
      17
      31
      14
      23
      28
      26
      18
      19
      17
      27
      30
      20
      32
      25
      14
      18
      17
      15
      28
      20
      19
      21
      11
      24
      24
      22
      17
      23
      25
      19
      21
      17
      16
      31
      28
      15
      18
      23
      13
      18
      20
      11
      25
      23
      16
      24
      26
      23
      19
      25
      21
      17
      29
      33
      22
      22
      26
      28
      22
      22
      20
      23
      15
      18
      23
      23
      18
      16
      11
      20
      16
      24
      23
      24
      24
      22
      22
      30
      13
      21
      14
      12
      25
      21
      18
      28
      22
      25
      10
      21
      16
      29
      22
      22
      21
      18
      20
      34
      17
      26
      25
      20
      22
      22
      26
      17
      26
      25
      23
      22
      22
      32
      23
      26
      20
      15
      28
      21
      23
      21
      26
      18
      22
      26
      18
      18
      17
      16
      22
      30
      31
      21
      28
      28
      44
      24
      30
      36
      29
      25
      31
      30
      31
      37
      31
      29
      29
      49
      42
      53
      53
      43
      61
      48
      53
      81
      52
      74
      58
      70
      96
      99
      90
      98
     130
     143
     141
     153
     169
     196
     215
     208
     248
     281
     324
     368
     389
     442
     444
     511
     536
     540
     608
     700
     723
     753
     849
     888
     890
    1004
    1075
    1053
    1119
    1182
    1183
    1212
    1226
    1269
    1187
    1296
    1241
    1285
    1315
    1312
    1267
    1220
    1239
    1200
    1200
    1165
    1214
    1117
    1058
     997
     978
     928
     862
     781
     691
     730
     616
     611
     564
     499
     443
     422
     372
     340
     320
     261
     224
     199
     205
     171
     130
     129
     101
      86
      66
      60
      57
      54
      43
      49
      37
      26
      36
      19
      24
      16
      21
      13
      20
      15
      13
      16
      12
      16
      13
      15
       9
      18
      16
      12
      16
      14
      11
      11
      15
      17
      12
       9
      14
      15
      12
      11
      10
      12
      18
      15
      13
      11
      12
       7
      16
       7
       7
      12
       4
      11
       8
      10
      15
      14
      14
      13
       7
      12
      17
      13
       8
       9
      12
      14
      14
      11
      14
      14
      15
      10
       7
      12
       9
       3
      16
      10
      13
      11
       7
       9
       8
      11
       9
      12
       7
       8
       9
       8
       9
      12
      10
       6
      15
      15
       9
      15
       8
      12
      10
      14
      14
      15
      12
      11
      13
      19
      11
      12
      12
      11
      13
      11
       9
      10
      13
      11
      12
      11
      16
      12
       9
      15
      10
      12
       9
       6
      14
      13
      13
      15
       9
       9
      13
       7
      12
      10
       8
      11
       6
       5
      15
      11
      17
       8
       8
      10
      14
      13
       9
       8
       9
      11
       9
       6
      12
      10
       7
      12
       7
       8
      11
      11
      11
      10
       8
       9
      15
      10
      11
       7
      15
       9
      12
       9
       9
      12
       9
      12
      10
       6
       4
      10
      16
       7
       8
      12
       6
      17
      17
      13
      14
      10
      14
      13
      11
      12
      15
      13
       8
      13
       9
      11
       5
      11
      11
      11
       8
      10
      17
      14
      14
       6
      13
      15
      12
      12
      17
       6
       4
      13
      17
      11
      10
      12
      14
      12
       9
      14
      16
      10
      12
       6
      16
      10
      14
       9
       8
      10
      12
      16
      10
      12
      11
      10
      19
      12
      15
      21
       9
      19
      16
       7
       7
      14
      10
      10
       8
      11
       8
       5
      12
       5
      16
      13
       9
       8
       9
       4
      10
      12
      11
       8
      14
      12
      14
       9
      11
      15
       6
      11
       8
      13
       8
      11
       9
       9
       7
       6
      11
       6
       9
      12
      12
       3
      20
      10
      13
       9
       9
       6
       5
      11
       5
      14
      13
       7
       8
       9
      12
      12
      11
       6
      10
      12
      10
      10
      17
      13
      14
       9
      11
      14
      11
       8
       6
      12
      14
      11
      12
      10
      19
      12
      12
      13
      16
      10
      16
      15
       8
      10
      14
       7
      13
      16
       5
      17
       9
      15
       8
       8
      12
       5
      13
      10
      13
      15
       6
      12
      10
      16
       9
       9
       6
      13
      10
      10
      14
      19
       9
      17
      14
      15
      19
      11
      10
      10
      16
      14
      18
      12
       9
      11
      10
      11
       8
      12
       8
       9
      12
      11
      12
       9
      13
      10
      11
       8
       8
      15
      11
       7
       9
       8
       7
       7
      11
       5
       6
       8
      11
      18
      13
      10
       8
      10
       6
      14
       6
       9
       5
      10
      15
      11
      13
      11
      15
       7
      11
      13
      10
      10
       7
      16
      15
      12
      10
      11
      13
      10
      12
      10
      11
      10
       6
      11
      10
       7
       6
       8
      11
      11
      12
      10
      10
      13
      21
       5
      12
       8
       5
      10
      15
      17
       7
       7
       8
      10
       8
      11
       9
      13
       6
       7
      10
      10
      13
      13
       8
       7
       8
      13
      13
      12
       9
       7
       8
       2
      10
       8
       4
       7
      14
      11
      12
      15
       7
      13
      11
      15
      12
      10
      10
      11
      12
       8
      12
       9
      10
      13
      13
       7
      13
      11
       5
       7
      12
       6
      13
      16
      12
       9
       9
      11
       9
       7
      12
       4
      11
      11
      10
      15
      11
      11
       6
      11
       7
      13
       8
       4
       9
      11
       6
       7
      12
       8
      11
       8
       5
       8
       9
       9
      11
      12
       6
      11
       8
       5
      10
       8
       7
      14
      12
      18
      10
      18
       7
       7
      14
       9
      13
      12
      10
       8
       8
      11
       7
      13
      15
      10
       4
       4
      10
      17
      16
       6
      10
      13
      13
       7
      11
      13
       8
      12
      13
      19
       7
       8
      12
       6
      19
      14
       6
       8
      11
      12
      13
      11
       9
      13
      11
       8
      13
      10
       9
      12
       3
       7
      10
       9
      10
      11
      10
       9
      13
      12
      11
       9
      14
       9
      13
      11
      15
       8
      13
      14
       9
       9
      12
      11
       9
      11
      13
       6
       6
       7
       8
       4
      14
      10
       7
      18
      10
       7
       8
       9
       8
      10
       5
      10
       7
      14
      13
      15
      10
      16
       6
       4
      13
      19
      10
       9
      10
       8
      13
       9
      11
      10
       7
       8
      12
       8
      11
       9
       7
       7
       8
       9
       5
      11
       8
      11
       5
       9
       8
       9
      11
      12
      13
      15
      10
       7
      13
      11
       5
       7
       8
       8
       7
       7
       7
       6
       7
       6
      13
      10
      12
       8
       9
       8
      10
      16
      10
       8
      17
       9
      10
       5
       9
      11
      11
      14
      14
       8
       8
      17
       5
      13
      10
      12
       5
      12
      15
      10
      12
      10
      10
      11
       9
       8
       6
       8
      12
      15
      12
       7
      13
      16
      16
       9
       7
       9
       9
       8
      10
       7
      12
      12
      11
      12
       5
      10
       7
       8
       6
      10
      14
       5
      11
       6
      20
      14
      12
      11
      13
      15
      12
       6
      11
       8
      11
       9
      12
       9
      13
      11
       7
      10
       8
      12
      12
      10
      11
      17
      10
       8
       8
      12
      11
      12
       9
       8
      13
      11
      11
      12
       4
       8
      14
       9
      20
      19
      12
      12
      12
       4
      10
       9
      12
       7
      14
      13
       4
       9
       9
       9
      13
      13
       9
      21
      15
      14
      12
       9
      11
       9
      10
      10
       9
      15
      10
       8
      10
      21
      11
      18
      14
      10
      14
      19
       7
      10
      13
      11
      10
      11
       8
      14
       7
       9
       8
      10
      14
      10
      17
       5
      11
      12
       8
      11
       8
      10
       5
      11
      11
       7
      10
       9
      12
       8
       7
      13
      10
      13
      11
       9
       8
      10
       4
      11
      14
      10
       6
       5
       8
       9
       8
       8
       8
       8
       9
      11
      10
       3
       9
      12
      12
      10
      10
      16
      11
       7
       7
      10
      11
      10
      10
      10
       6
      10
      16
      10
       8
      10
       9
      11
      11
      10
       8
      10
       6
       7
       9
      13
      10
      10
      12
      12
      13
      10
       9
      10
      15
       9
      12
       9
      10
       8
       9
       9
      13
      12
      13
       8
      10
      13
      10
      11
       8
       8
      17
      12
      11
      10
      11
      12
       9
      23
       8
      11
      11
       7
      14
       9
      15
      12
       6
      13
      16
      15
       7
      11
       2
       9
      18
      15
      10
      10
      13
      17
       9
      15
      14
      11
      15
      13
      11
      16
      12
       8
      11
      10
      15
      15
      10
      10
      10
      12
      16
      14
       9
      10
      13
      10
      17
      13
      14
      13
       7
      13
      14
       8
       7
      14
      18
      10
       8
      20
       6
      17
      14
      10
       6
      11
      12
       7
      14
      10
      17
       3
      15
       5
       7
      13
       8
      11
       8
       7
      12
      13
       8
      15
      11
      14
      12
      13
      10
      17
      12
      12
      14
      13
      10
       8
      10
       7
       6
      19
      13
      14
       9
      13
      12
      10
      12
       7
      10
       6
       9
      13
       8
      11
      12
      11
      15
      14
       9
      10
      11
       5
      13
       9
       9
       9
      13
      16
       8
       8
       9
       5
      11
      11
       9
       5
      13
      12
      10
      11
       7
      12
       9
      11
      10
      13
      14
      13
      13
      10
      11
      13
       5
      12
       9
       8
      10
       6
       9
       9
      14
      11
      12
      12
      13
       9
       9
      11
      12
       8
       8
      11
      10
      14
      11
       6
       7
       9
       9
       7
      10
      16
      12
       5
       7
       9
      15
      11
      13
       4
       6
       9
       7
       8
      13
      12
       8
      11
      10
      13
      16
      13
       8
       9
       7
      10
       8
      11
      16
      13
      11
      10
      15
       8
      13
       6
      11
       9
       9
      10
      16
       8
       8
       7
      15
      14
      11
      12
      13
      13
      13
      10
      11
      11
      17
      15
       9
       9
      11
      18
      14
      19
      11
      11
       8
      10
       6
      10
      14
      14
       9
      14
      10
      11
       7
       9
       5
      11
      18
      11
      10
      16
       7
      13
      12
      10
       9
      10
      11
       7
      13
       4
      12
      14
       7
      11
      11
       9
      15
      17
      10
       8
       9
      13
       7
       7
      18
       5
       6
       6
      14
       8
      16
       5
      12
       4
      17
      15
       9
      11
       6
      11
      17
       7
       8
      14
       8
       9
      10
       8
      10
      12
       6
      12
      16
      11
      15
      15
      10
      16
      11
      13
      13
       8
      15
      12
      11
       9
      17
      12
       8
      12
       7
      14
       9
      12
       9
       8
      11
      11
      10
      13
      19
       9
       8
      11
      14
      15
      13
      10
      12
      12
      16
       7
      14
      13
      16
      10
      13
      12
      19
      13
       7
       6
       8
      14
      12
      14
      16
      10
      15
       6
      10
      12
       8
       7
       9
      13
       7
      15
      12
      15
       8
      18
      17
      10
       9
      12
      14
       8
      10
      13
      13
       9
      13
      11
      16
      13
       8
      10
       7
      14
      13
       8
      11
      14
      11
      10
      13
      17
       8
       6
       7
      11
      12
       7
      11
      16
       7
       7
       9
       9
      15
      12
      12
      16
      14
       8
      14
      22
      12
      12
       8
      11
       8
      13
       6
      14
      13
      14
       9
      19
      12
       7
      11
       7
      11
      16
       9
      19
      17
      12
      16
      15
      13
       8
      16
      10
       8
       8
       9
      18
      10
      15
      11
       5
       7
      11
       9
       7
      11
       7
      15
      11
      12
      13
      16
      16
      21
      11
      14
      14
       8
      14
      17
      13
       9
      13
      16
      14
      10
      14
      13
       8
      11
       8
      11
      10
      13
      15
       9
      12
      11
       7
      11
      19
      12
      11
       9
       8
      12
      11
      15
       9
      10
       4
       9
       8
      13
      10
       8
      11
      11
      14
      12
      20
      13
      15
      18
       9
      15
      16
      14
       8
      11
       8
      14
      12
       7
      14
      12
      11
      12
      18
       8
      10
       8
      15
      13
      13
      12
      11
      16
      10
      11
       6
      13
      10
       8
      13
      11
       7
       8
       9
      10
      14
      12
      11
       7
      12
      20
      12
      11
       6
      15
       9
      11
       9
      12
      10
      10
      11
       9
      11
      10
      16
      12
      12
       8
      10
       5
      14
       6
       9
      10
      13
      18
      16
      10
      14
      11
      21
       8
       7
      11
       8
      14
      11
      15
      10
      11
      11
      14
      16
       4
      13
      13
       9
       7
      15
       7
       6
      17
      15
      11
       6
       4
       8
      16
       8
      15
       6
       6
       8
      10
       6
      13
       8
      12
       4
      20
      15
       7
       5
      17
       7
      16
      13
      11
      14
       5
      14
      10
      13
      14
       8
      11
      14
      11
       9
       7
      16
      14
      12
      15
      16
      10
      16
      11
       8
      15
       9
      16
       9
      11
      14
      14
      13
       9
      10
      12
       9
      11
      10
      13
       6
       5
      18
       7
      18
      14
      11
      13
      13
      12
       9
      12
       9
       7
       6
      12
      15
      14
      13
       9
       8
      12
      13
      10
      14
       5
       9
      13
       5
       7
       6
      10
      16
       6
      14
      14
      14
      11
      17
      10
      20
      20
       8
      11
      11
      11
      17
      11
      25
       7
       6
      15
      12
      15
      14
       6
       9
      14
      14
       9
      11
      13
       8
      12
      17
      13
      17
      19
       7
      15
      20
      15
       9
      17
      17
      13
      12
      12
      17
      12
      11
       9
      11
      11
      15
      20
      14
       9
       7
      12
      10
       8
      12
      11
       6
       9
       8
      13
      16
      16
      14
       7
      18
       9
      10
      11
      16
       5
      14
      17
      12
       8
      12
      11
      13
       8
      19
       9
      12
      14
      15
      13
      10
      11
       8
       8
      10
      16
      12
      15
       9
      14
      12
       8
      13
      10
       9
       7
       9
      16
      15
      11
      12
      11
       7
       8
      15
      10
      14
      13
      12
      15
      10
      14
       9
      13
      10
      13
      11
      14
      20
       7
      17
      12
      11
      13
      25
      16
      13
      13
      11
       4
      10
      16
      11
      16
      12
      20
       8
      14
      12
      12
      11
       8
      11
      13
      17
      10
      14
      10
      10
       6
      14
       7
      11
      12
      13
       7
      16
      14
      12
      14
      18
       9
      10
      10
      11
      13
      10
      16
      10
      15
       9
      14
      16
      13
      14
      15
      12
      14
      18
      13
      13
      10
      10
      15
       8
      15
      12
      10
      19
      14
      12
      15
       8
      24
      13
      10
      10
       8
      15
       9
      12
      16
      16
       9
      17
      13
      23
      17
      15
      10
       8
      15
      19
      13
      14
      14
      14
      10
      11
      11
      11
      15
      19
      12
      18
      11
      11
      16
      10
      15
      10
      12
      16
      13
      13
      14
      13
       5
      15
       7
      16
       5
       9
      13
      12
      16
       8
      10
      22
      11
       6
      16
      14
      19
      13
      16
      10
      14
      12
      17
      14
      13
      24
       9
       7
       9
      13
       9
      16
      14
      12
      21
      19
      11
      22
      13
      17
      21
      15
      12
      17
      12
      16
      23
      17
      15
       8
      13
      11
      13
      16
      10
       9
      18
      20
      13
      16
       8
      13
      16
      17
      14
      12
      12
      20
       6
      14
       7
       8
       8
      14
      13
      17
      13
      15
      14
       9
      14
      12
      15
      13
       8
      19
      12
      13
      12
      12
       8
      12
      11
      11
      14
      16
      13
      16
      12
      14
      11
       6
      12
      11
      23
      12
       7
      16
      17
      13
      12
      13
      14
      10
      14
       9
      13
      14
      14
      12
      15
      17
      13
      14
      13
      14
      10
      14
      19
      12
       8
      11
       9
      16
      12
      10
      16
      15
      12
      17
       8
      15
       9
       8
      16
      17
      15
      17
      16
      12
      13
      13
      10
      14
      17
      17
       8
      15
      17
      12
      13
      11
      10
      12
      18
      19
       9
      20
      15
      15
       9
      17
      16
      12
      17
      14
      16
      11
      12
      19
      13
      14
      20
      12
      13
      12
      12
      10
       7
      18
      16
      13
      19
      16
      16
      14
      15
      11
      13
      10
      11
      14
      17
      14
      12
      18
      13
      23
      14
      20
      12
      15
      12
      11
      17
      13
      22
       7
      13
      14
      10
      14
      13
      15
      19
      14
      11
      14
      13
      14
      16
      12
      13
      10
      14
      18
      12
      16
      10
      13
      10
      19
      21
      17
      16
      16
       7
      18
      19
      11
       9
      15
      14
      10
      15
      15
      17
      13
      13
       9
      11
      10
      15
      13
      15
      22
      16
      12
      12
      19
      17
      14
      12
      13
      14
       9
      19
      19
      12
      13
      13
      21
      14
      11
      19
      15
      13
       9
      15
      16
       6
      10
      20
      19
       8
      11
      24
      13
      19
      11
      17
      18
      17
      18
      10
      17
      13
      10
      10
      20
      12
      20
      13
      11
      11
      17
      13
      15
      15
      14
      10
      15
      10
      15
      13
      19
      22
      12
      12
      16
      15
      17
       9
      10
      17
      14
      15
      20
      12
      13
      11
      10
      12
      18
      19
      16
      17
      19
      20
      14
      22
      11
      17
      15
      14
      14
      13
      10
      14
      14
      21
      20
      19
      11
      15
       9
      18
      19
      10
       9
      12
      21
      14
      15
      29
       8
      12
      11
      11
      23
      14
       9
      16
      15
      19
      11
      11
      12
      21
      18
      11
      24
      14
      11
      16
      17
      12
      12
      16
      14
      19
      18
      28
      17
      19
      16
      14
      12
      15
      16
       7
      12
      16
      17
      21
      15
      15
      11
      16
      20
      17
      15
      17
      12
      14
      14
      10
      18
      13
      11
      19
      16
      16
      23
      16
      16
      12
      12
      19
      22
      13
      13
      19
      16
      20
      19
      23
      18
      20
       9
      20
      19
      10
      22
      17
      12
      16
       9
      35
      17
      19
      19
      14
      12
      21
      16
      15
      18
      11
      18
      12
      19
      16
      18
      15
      24
      14
      15
      12
      18
      10
      13
      19
      17
      26
      19
      13
      15
      22
      13
      17
      18
      23
      20
      17
       9
      10
      18
      22
      14
       9
      16
      15
      20
      20
       6
      13
      17
      21
      30
      12
      15
      12
      14
      13
      14
      14
      16
      13
      19
      16
      17
      15
      20
      18
      18
      19
      21
      16
      17
      18
      18
      12
      15
      17
      24
      19
      18
      14
      17
      27
      19
      15
      16
      15
      17
      30
      22
      18
      16
      16
      13
      16
      21
      16
      26
      15
      13
      22
      22
      16
      11
      17
      27
      19
      16
      17
      16
      13
       9
      12
      15
      15
      23
      18
      23
      20
      16
      20
      21
      15
      18
      17
      20
       9
      12
      15
      17
      14
      16
      12
      13
      13
      23
      17
      14
      15
      18
      14
      23
      16
      22
      13
      12
      14
      12
      26
      20
      15
      20
      19
      18
      20
      28
      17
      11
      15
      24
      21
      10
      13
      11
      17
      11
      29
      14
      30
      17
      23
      14
      16
      19
      19
      25
      21
      14
      21
      21
      20
      22
      19
      19
      12
      14
      20
      14
      22
      16
      29
      29
      19
      16
      15
       9
      27
      23
      16
      20
      21
      14
      32
      22
      13
      13
      20
      20
      17
      11
      17
      29
      19
      15
      28
      13
      12
      16
      19
      15
      17
      17
      18
      20
      19
      17
      23
      21
      16
      23
      17
      13
      19
      16
      22
      24
      20
      20
      26
      20
      18
      28
      24
      18
      20
      16
      21
      16
      26
      16
      17
      24
      20
      26
      16
      21
      20
      20
      22
      14
      19
      25
      23
      24
      16
      27
      15
      18
      16
      28
      17
      14
      23
      25
      19
      17
      21
      24
      28
      25
      21
      20
      23
      20
      14
      22
      16
      22
      20
      16
      18
      16
      22
      24
      22
      23
      13
      22
      23
      26
      25
      21
      19
      23
      15
      23
      23
      27
      18
      23
      25
      27
      22
      24
      28
      28
      26
      22
      15
      23
      22
      22
      12
      25
      24
      16
      32
      19
      22
      18
      20
      30
      30
      15
      16
      28
      17
      24
      26
      29
      22
      14
      18
      20
      27
      21
      20
      21
      13
      21
      18
      18
      25
      27
      19
      18
      26
      22
      29
      24
      19
      19
      29
      17
      17
      19
      24
      18
      26
      28
      23
      19
      19
      22
      20
      25
      26
      25
      22
      25
      26
      27
      24
      21
      14
      22
      30
      19
      19
      19
      28
      21
      20
      35
      19
      21
      15
      24
      19
      16
      22
      16
      21
      23
      21
      24
      34
      27
      26
      25
      25
      18
      26
      23
      19
      28
      14
      23
      23
      23
      27
      26
      28
      21
      23
      19
      19
      25
      34
      16
      23
      17
      21
      28
      31
      21
      27
      30
      18
      20
      26
      33
      24
      23
      24
      20
      29
      24
      15
      18
      21
      20
      17
      14
      20
      28
      29
      21
      20
      19
      27
      32
      23
      29
      35
      34
      16
      20
      26
      26
      24
      22
      26
      21
      17
      25
      16
      20
      22
      25
      34
      27
      22
      19
      27
      17
      27
      27
      22
      20
      28
      28
      26
      23
      20
      26
      30
      22
      19
      19
      21
      14
      17
      25
      22
      26
      20
      19
      18
      16
      16
      16
      16
      19
      25
      15
      29
      22
      17
      19
      25
      22
      17
      23
      17
      18
      19
      16
      21
      20
      20
      27
      19
      25
      13
      15
      18
      25
      17
      15
      27
      15
      15
      21
      15
      18
      11
      14
      20
      15
      13
      15
      15
      16
      16
      17
      17
      11
      18
      13
      12
      18
      14
      17
      16
      15
      19
      19
      16
      18
      22
      19
      20
      17
      11
      11
      17
      14
      15
      10
      10
       9
       9
      16
      15
      20
      13
      16
      16
      14
      15
      11
      15
      24
      12
       9
      15
      13
      15
      20
      14
      12
      12
      18
       8
      21
       5
       9
      13
       9
      15
      13
      14
      14
      11
      19
      13
      12
       8
       9
      15
      13
      17
      10
      18
      15
      12
      18
      15
      12
      18
       8
       9
       9
      11
      15
      15
      10
       7
      12
      10
       8
      12
      10
      11
      13
      12
      12
      12
      13
      12
      11
      17
      11
      11
       7
      17
       7
      13
      11
      13
       3
      19
      10
      13
      14
      10
      12
      13
      12
      12
      14
      12
      13
      11
      17
       7
      30
       8
       8
      15
       4
      12
      13
       4
      11
      13
       4
      11
       9
       9
      16
      12
      14
      14
      12
      11
       9
      10
       7
       9
      16
      10
      13
       9
      13
       8
      14
      16
       8
       8
      14
      10
      13
      13
       7
      16
       9
      13
       8
       8
       8
      10
       9
       8
      13
      12
      10
      11
      12
       9
      11
      11
      10
       9
      17
      13
      10
      13
       7
       8
       8
      10
       8
       9
      12
      11
      11
      13
       9
       8
      13
      16
      10
      15
       9
      13
       7
       8
       7
      14
      15
      17
      11
       6
      13
       7
       8
       8
       8
      10
       8
       8
       8
       7
       9
      14
      10
      11
      18
      11
       8
       9
       9
      12
      11
       6
      10
      11
       5
       8
       7
       7
       7
      12
       9
       9
       8
       9
      11
      17
       7
       8
      14
      10
       7
       7
       4
       6
      12
      13
      12
       5
      10
      11
       5
       7
       9
       7
       9
       6
      10
      11
       7
       6
      13
      13
       7
       3
      13
      11
       9
      10
      10
       7
       8
       8
       9
       4
       7
      14
      13
       9
       9
       8
      10
       8
       7
       8
      11
      13
       8
       6
       6
      10
       7
       5
       9
       3
       9
       7
      11
       8
       7
       8
      10
       7
       9
       9
      12
       9
       5
       8
      13
      10
       7
      10
       5
       4
      12
       9
       8
       7
       7
       5
      14
       8
      12
       8
       6
       7
      10
       6
       5
       5
       8
       8
      11
       6
       3
       6
       6
      10
       6
       8
       8
       9
       6
       5
       7
       7
       5
       6
       6
       3
       8
       8
       8
       8
       9
       8
      12
       7
       8
      10
       7
      11
       7
       4
       4
       8
       8
       5
       9
       8
      12
      15
       7
       7
       7
       9
       5
       5
       6
       9
       2
       7
       9
      13
       6
       5
       8
      10
       5
       7
       4
       7
       7
      13
       6
       8
       5
      13
       3
       8
       5
       5
       4
       9
       6
       4
       8
       4
       6
       4
      12
       3
       4
       7
       7
       4
       4
       6
      11
       5
       3
       3
       7
       8
      10
       8
       6
       4
       3
       5
       7
       8
       2
       4
       2
       4
       5
       4
       3
       5
       7
       4
       5
       8
       9
       3
       1
       6
       3
       6
       5
       6
       5
       3
      10
       2
      11
       6
       2
       3
       3
       4
       6
       3
       5
       6
       2
       4
       5
       3
       4
       7
       6
       1
       7
       4
       5
       3
       5
       2
       7
       6
       5
       9
       4
       9
       3
       5
       4
       9
       4
       2
       2
       4
       5
       4
       7
       4
       5
       6
       7
       3
       6
       3
       7
       2
       3
       3
       1
       9
       4
       4
       5
       6
       6
       1
       5
       2
       5
       7
       4
       3
       4
       6
       4
       3
       5
       5
       5
       4
       4
       4
       3
       4
       2
       3
       4
       1
       3
       4
       6
       2
       4
       5
       2
       6
       3
       4
       1
       8
       3
       1
       3
       5
       2
       2
       5
       6
       2
       4
       1
       4
       8
       6
       2
       5
       3
       6
       2
       4
       2
       3
       6
       1
       1
       4
       1
       1
       2
       4
       1
       6
       5
       3
       3
       2
       7
       3
       2
       4
       3
       3
       6
       5
       6
       6
       5
       3
       6
       3
       5
       3
       3
       3
       2
       0
       2
       9
       1
       2
       4
       4
       4
       4
       2
       0
       4
       3
       4
       3
       2
       2
       4
       7
       1
       1
       3
       1
       5
       1
       2
       5
       8
       3
       3
       0
       4
       3
       3
       3
       4
       3
       3
       1
       1
       1
       4
       2
       3
       6
       4
       4
       1
       3
       3
       0
       2
       3
       4
       4
       0
       1
       1
       1
       1
       1
       3
       6
       1
       2
       2
       5
       2
       1
       3
       2
       1
       3
       2
       3
       2
       0
       3
       1
       0
       1
       4
       4
       3
       0
       1
       5
       3
       4
       0
       2
       0
       1
       1
       3
       3
       0
       4
       5
       2
       1
       3
       1
       3
       4
       1
       2
       4
       1
       1
       2
       2
       2
       0
       6
       1
       2
       0
       1
       1
       4
       3
       3
       2
       3
       1
       1
       2
       0
       2
       4
       2
       4
       2
       1
       3
       1
       1
       2
       2
       2
       2
       3
       1
       2
       1
       2
       6
       1
       2
       0
       4
       2
       4
       2
       1
       2
       4
       1
       3
       2
       3
       3
       2
       3
       3
       1
       3
       2
       0
       1
       3
       3
       3
       1
       2
       2
       4
       4
       3
       5
       2
       2
       1
       2
       2
       0
       2
       5
       1
       2
       1
       0
       2
       3
       0
       5
       0
       1
       2
       3
       2
       1
       1
       2
       5
       2
       1
       1
       0
       2
       2
       0
       2
       0
       2
       2
       1
       1
       3
       1
       3
       0
       3
       3
       5
       2
       0
       1
       2
       2
       0
       3
       0
       1
       0
       2
       3
       1
       2
       2
       1
       3
       1
       2
       0
       3
       2
       1
       6
       3
       1
       0
       1
       1
       2
       4
       2
       3
       1
       2
       3
       4
       0
       4
       2
       1
       2
       4
       2
       5
       1
       1
       1
       1
       2
       2
       2
       2
       1
       2
       1
       3
       2
       3
       1
       2
       1
       1
       1
       2
       2
       3
       1
       1
       3
       1
       3
       6
       3
       4
       4
       1
       1
       0
       0
       4
       3
       3
       0
       3
       2
       1
       3
       1
       2
       3
       1
       3
       1
       0
       2
       2
       4
       5
       4
       1
       2
       3
       3
       1
       4
       2
       1
       2
       3
       4
       1
       2
       3
       3
       5
       1
       1
       4
       1
       2
       2
       0
       2
       4
       1
       4
       1
       0
       2
       2
       1
       5
       2
       4
       1
       1
       2
       1
       4
       4
       2
       1
       0
       4
       4
       3
       1
       9
       2
       8
       4
       3
       7
       2
       4
       5
       2
       5
       5
       4
       2
       8
       0
       3
       6
       3
       0
       8
       2
       3
       5
       6
       5
       2
       4
       1
       7
       5
       3
       2
       4
       4
       3
       3
       5
       7
       6
       9
       6
       6
       5
       7
       6
       4
       4
       7
       6
       7
      14
      11
       9
       9
       7
       7
      12
      11
      12
       8
      14
      16
      15
       8
      15
      18
      13
      13
      20
      12
      24
      27
      27
      27
      18
      19
      24
      26
      34
      28
      25
      26
      41
      44
      40
      40
      42
      48
      34
      64
      45
      75
      72
      83
      92
      80
      52
      88
      93
     102
     115
     101
      93
     100
     113
     116
     132
     137
     137
     120
     139
     130
     115
     123
     135
     134
     122
     147
     134
     141
     120
     126
     128
     150
     138
     144
     152
     145
     148
     140
     137
     148
     156
      97
     143
     151
     138
     155
     141
     152
     127
     159
     148
     155
     141
     167
     149
     152
     164
     152
     158
     132
     148
     146
     129
     164
     153
     143
     145
     121
     134
     122
     121
      99
      91
      87
      92
      80
      75
      58
      61
      50
      65
      56
      50
      35
      24
      37
      26
      27
      19
      19
      20
      17
      10
      12
      16
      14
       5
       4
       7
       1
       1
       2
       3
       5
       1
       3
       1
       0
       4
       1
       0
       2
       0
       0
       0
       0
       0
       0
       0
       1
       0
       0
       1
       2
       0
       1
       1
       0
       1
       1
       2
       0
       1
       1
       2
       2
       1
       1
       0
       0
       0
       0
       0
       1
       0
       0
       2
       0
       1
       1
       0
       0
       3
       0
       0
       0
       0
       0
       0
       0
       0
       1
       0
       0
       0
       1
       0
       0
       0
       0
       0
       1
       0
       0
       0
       1
       0
       2
       2
       1
       1
       1
       1
       1
       0
       0
       1
       0
       2
       0
       0
       2
       0
       0
       2
       0
       0
       1
       0
       0
       1
       2
       0
       3
       1
       0
       1
       0
       2
       0
       2
       0
       2
       0
       2
       0
       0
       0
       0
       0
       0
       0
       0
       0
       0
       0
       2
       2
       0
       3
       0
       1
       2
       0
       0
       1
       1
       0
       1
       1
       1
       0
       1
       0
       0
       2
       1
       1
       2
       0
       2
       0
       1
       1
       0
       3
       0
       0
       0
       1
       0
       0
       1
       0
       0
       0
       0
       2
       1
       0
       1
       0
       0
       1
       0
       0
       0
       0
       1
       1
       0
       1
       3
       0
       0
       0
       0
       1
       0
       0
       2
       0
       0
       0
       1
       0
       1
       0
       0
       2
       0
       1
       2
       0
       0
       0
       0
       1
       1
       1
       1
       1
       1
       1
       1
       1
       1
       1
       0
       2
       0
       0
       1
       1
       0
       1
       1
       1
       0
       1
       0
       0
       1
       1
       1
       1
       1
       0
       1
       0
       2
       2
       1
       0
       1
       0
       0
       2
       0
       0
       0
       0
       0
       2
       0
       0
       0
       1
       0
       0
       1
       0
       1
       1
       0
       1
       0
       1
       0
       2
       0
       0
       0
       2
       0
       0
       1
       0
       1
       0
       3
       0
       1
       2
       0
       0
       0
       0
       0
       2
       1
       1
       1
       0
       0
       1
       0
       1
       1
       1
       0
       0
       1
       1
       0
       1
       2
       0
       0
       0
       0
       1
       0
       2
       2
       1
       0
       1
       1
       0
       0
       0
       0
       0
       0
       0
       1
       0
       4
       0
       0
       2
       1
       0
       0
       1
       0
       1
       3
       1
       0
       0
       2
       1
       1
       0
       0
       1
       0
       0
       0
       0
       0
       0
       1
       1
       0
       0
       2
       0
       0
       0
       0
       0
       0
       0
       1
       2
       0
       0
       0
       1
       1
       1
       0
       0
       2
       0
       0
       0
       1
       1
       0
       1
       0
       0
       0
       2
       1
       0
       2
       0
       0
       1
       0
       0
       0
       1
       2
       1
       0
       2
       0
       1
       2
       0
       0
       0
       0
       0
       0
       1
       1
       0
       1
       1
       0
       0
       0
       0
       1
       0
       1
       0
       2
       2
       1
       0
       0
       0
       0
       0
       1
       1
       1
       0
       0
       0
       0
       1
       1
       1
       0
       0
       0
       0
       1
       1
       0
       1
       0
       1
       0
       1
       0
       0
       0
       0
       1
       1
       1
       1
       0
       0
       0
       0
       0
       0
       0
       0
       0
       1
       0
       1
       0
       1
       0
       1
       0
       2
       0
       0
       0
       1
       0
       1
       0
       0
       1
       0
       0
       0
       1
       0
       1
       0
       0
       0
       1
       2
       0
       0
       1
       0
       1
       1
       0
       0
       0
       1
       1
       1
       0
       0
       0
       0
       1
       0
       1
       0
       0
       1
       0
       0
       1
       0
       0
       0
       1
       1
       1
       0
       0
       0
       0
       1
       0
       0
       0
       0
       0
       0
       0
       0
       0
       2
       0
       1
       0
       0
       1
       0
       0
       1
       0
       0
       0
       1
       0
       0
       0
       1
       0
       0
       1
       0
       0
       1
       1
       0
       0
       0
       0
       0
       0
       1
       1
       1
       1
       1
       0
       0
       0
       1
       0
       1
       0
       1
       0
       0
       0
       0
       2
       0
       0
       3
       0
       1
       0
       1
       0
       0
       1
       0
       0
       1
       0
       1
       0
       2
       0
       0
       0
       1
       0
       1
       2
       0
       0
       0
       0
       0
       0
       0
       0
       0
       0
       0
       0
       0
       0
       0
       1
       1
       1
       0
       1
       0
       0
       0
       0
       0
       0
       0
       2
       3
       0
       0
       2
       1
       0
       2
       0
       0
       0
       1
       0
       2
       0
       0
       0
       1
       0
       0
       1
       0
       1
       1
       0
       0
       1
       0
       0
       0
       0
       0
       4
       1
       0
       1
       0
       0
       0
       0
       0
       0
       0
       0
       0
       1
       1
       0
       1
       0
       0
       1
       0
       1
       0
       0
       0
       1
       0
       0
       0
       1
       0
       0
       0
       0
       1
       1
       0
       0
       1
       0
       0
       1
       2
       2
       3
       1
       0
       1
       1
       1
       1
       0
       0
       0
       1
       2
       1
       0
       1
       0
       0
       0
       3
       0
       1
       2
       0
       0
       2
       0
       1
       0
       0
       0
       0
       0
       0
       1
       1
       2
       0
       0
       0
       1
       0
       0
       0
       3
       0
       1
       0
       0
       0
       1
       0
       1
       1
       0
       2
       0
       0
       1
       4
       2
       1
       0
       0
       0
       0
       0
       3
       0
       2
       0
       0
       2
       0
       1
       0
       2
       1
       0
       2
       1
       0
       2
       3
       0
       1
       2
       2
       2
       1
       2
       1
       0
       1
       0
       0
       2
       1
       3
       0
       1
       1
       0
       2
       1
       0
       1
       1
       0
       1
       1
       1
       1
       2
       0
       0
       3
       0
       1
       1
       1
       0
       1
       2
       1
       0
       0
       3
       0
       1
       0
       1
       0
       2
       0
       0
       1
       1
       1
       0
       1
       2
       1
       1
       1
       0
       1
       2
       1
       0
       3
       0
       3
       0
       0
       2
       2
       0
       0
       1
       1
       0
       2
       1
       1
       0
       0
       0
       2
       1
       1
       0
       0
       0
       0
       1
       0
       0
       0
       0
       2
       0
       2
       1
       4
       3
       1
       3
       1
       0
       0
       0
       2
       0
       2
       0
       3
       0
       3
       0
       1
       1
       1
       1
       1
       1
       1
       1
       2
       0
       1
       1
       0
       0
       0
       1
       1
       1
       0
       2
       2
       1
       2
       2
       0
       1
       2
       2
       0
       0
       3
       2
       1
       0
       1
       1
       1
       0
       0
       0
       1
       1
       0
       2
       0
       0
       2
       0
       0
       1
       1
       5
       0
       2
       4
       2
       1
       2
       0
       2
       0
       1
       0
       2
       1
       1
       0
       1
       2
       2
       0
       1
       0
       1
       1
       2
       2
       1
       0
       2
       0
       3
       2
       0
       1
       1
       2
       1
       2
       1
       1
       1
       0
       1
       1
       1
       0
       1
       0
       1
       2
       0
       2
       2
       2
       0
       0
       0
       2
       1
       1
       1
       0
       1
       1
       0
       0
       2
       4
       0
       0
       2
       2
       1
       4
       2
       1
       1
       0
       0
       2
       0
       2
       1
       2
       0
       1
       1
       2
       2
       2
       2
       1
       1
       0
       1
       1
       2
       1
       1
       0
       0
       1
       0
       2
       0
       1
       1
       3
       0
       1
       0
       1
       2
       1
       3
       3
       3
       0
       2
       0
       2
       2
       4
       0
       0
       1
       1
       3
       0
       1
       3
       3
       0
       2
       1
       2
       0
       0
       2
       1
       2
       1
       0
       1
       1
       1
       0
       2
       3
       1
       1
       0
       0
       3
       3
       0
       7
       3
       2
       5
       3
       3
       3
       4
       5
       5
       4
       1
       1
       4
       3
       1
       1
       5
       3
       2
       3
       1
       2
       1
       1
       1
       2
       2
       1
       4
       3
       2
       4
       1
       1
       1
       0
       3
       1
       1
       4
       0
       1
       5
       3
       0
       2
       4
       2
       3
       0
       3
       0
       1
       0
       1
       4
       1
       1
       0
       2
       3
       3
       0
       3
       1
       2
       1
       3
       1
       6
       0
       3
       1
       0
       0
       2
       4
       0
       4
       0
       4
       2
       2
       1
       0
       0
       0
       2
       1
       5
       0
       3
       2
       0
       5
       0
       2
       0
       1
       2
       0
       1
       1
       2
       0
       3
       1
       2
       1
       1
       5
       0
       2
       1
       2
       2
       2
       4
       3
       1
       3
       2
       2
       2
       0
       2
       0
       3
       0
       5
       2
       1
       1
       1
       0
       3
       1
       0
       1
       1
       2
       1
       3
       3
       0
       2
       2
       1
       3
       0
       0
       2
       0
       2
       1
       1
       1
       1
       1
       1
       2
       2
       0
       1
       0
       1
       3
       0
       2
       1
       0
       1
       4
       3
       1
       1
       0
       1
       0
       0
       1
       1
       0
$ROI:
5
349 399
960 988
992 1050
1491 1501
5157 5169
$PRESETS:
None
0
0
$ENER_FIT:
0.000000 0.186875
$MCA_CAL:
3
0.000000E+000 1.868748E-001 0.000000E+000 keV
$SHAPE_CAL:
3
0.000000E+000 0.000000E+000 0.000000E+000
