$SPEC_ID:
No sample description was entered.
$SPEC_REM:
DET# 1
DETDESC# DLAB-PHY-L3-49 926 Right
AP# Maestro Version 7.01
$DATE_MEA:
10/18/2024 15:04:33
$MEAS_TIM:
201 301
$DATA:
0 8191
       2
       2
       1
       1
       2
       2
       1
       3
       1
       1
       3
       2
       1
       4
       1
       1
       4
       2
       6
       0
       4
       4
       0
       2
       4
       4
      19
      28
      99
     182
     334
     537
     781
    1123
    1265
    1592
    1967
    2439
    2733
    3207
    3494
    3963
    4052
    4304
    4515
    4438
    4519
    4329
    4403
    4424
    4315
    4437
    4264
    4408
    4316
    4355
    4378
    4333
    4313
    4150
    4265
    4210
    4257
    4220
    4181
    4194
    4193
    4231
    4170
    4152
    4064
    4093
    4154
    4179
    4101
    4181
    4027
    4129
    4079
    4109
    4195
    4176
    4187
    4131
    4053
    4181
    4077
    4078
    4120
    4150
    4059
    4243
    4144
    4096
    4033
    4066
    4079
    4156
    4002
    4146
    4250
    4349
    4404
    4312
    4509
    4660
    4754
    5137
    5064
    5192
    5446
    5363
    5260
    5439
    5505
    5257
    5249
    5020
    4928
    4801
    4539
    4348
    4402
    4334
    4319
    4262
    4263
    4265
    4325
    4340
    4454
    4610
    4531
    4549
    4789
    4682
    4746
    4594
    4493
    4440
    4410
    4215
    4262
    4181
    4179
    4013
    3905
    3856
    3841
    3944
    3887
    3794
    3833
    3754
    3756
    3792
    3671
    3751
    3781
    3765
    3760
    3635
    3733
    3732
    3739
    3597
    3757
    3760
    3723
    3685
    3658
    3691
    3630
    3588
    3703
    3760
    3574
    3622
    3682
    3685
    3628
    3616
    3661
    3799
    3669
    3634
    3699
    3667
    3796
    3658
    3746
    3634
    3641
    3631
    3650
    3604
    3634
    3718
    3655
    3701
    3627
    3653
    3688
    3648
    3685
    3648
    3610
    3679
    3611
    3618
    3607
    3620
    3590
    3566
    3609
    3546
    3623
    3746
    3734
    3718
    3643
    3775
    3737
    3567
    3648
    3675
    3616
    3683
    3775
    3636
    3689
    3621
    3690
    3836
    3573
    3704
    3625
    3617
    3531
    3676
    3777
    3689
    3592
    3622
    3699
    3663
    3694
    3826
    3735
    3685
    3588
    3604
    3629
    3679
    3711
    3700
    3651
    3642
    3644
    3687
    3694
    3581
    3665
    3450
    3757
    3693
    3636
    3605
    3686
    3658
    3700
    3650
    3650
    3659
    3736
    3768
    3736
    3694
    3734
    3629
    3639
    3657
    3784
    3718
    3620
    3710
    3589
    3619
    3766
    3638
    3567
    3741
    3658
    3571
    3675
    3604
    3592
    3523
    3620
    3643
    3679
    3744
    3633
    3601
    3650
    3731
    3569
    3601
    3729
    3586
    3659
    3642
    3612
    3603
    3529
    3691
    3706
    3638
    3734
    3590
    3609
    3545
    3527
    3582
    3668
    3592
    3556
    3739
    3541
    3491
    3608
    3663
    3528
    3596
    3648
    3678
    3753
    3557
    3624
    3635
    3540
    3587
    3582
    3593
    3627
    3616
    3679
    3613
    3518
    3489
    3579
    3666
    3502
    3578
    3663
    3503
    3454
    3601
    3661
    3533
    3528
    3539
    3650
    3515
    3508
    3674
    3450
    3513
    3521
    3515
    3546
    3487
    3660
    3512
    3709
    3723
    3570
    3512
    3521
    3596
    3641
    3618
    3512
    3682
    3642
    3622
    3725
    3690
    3658
    3623
    3718
    3776
    3725
    3805
    3777
    3977
    3805
    3841
    3853
    3914
    3999
    3800
    3953
    3917
    3977
    3984
    3854
    4105
    3984
    3997
    4004
    4049
    4081
    4108
    4131
    4022
    3968
    3989
    4045
    4007
    4145
    3998
    3954
    4179
    4076
    3949
    3831
    3877
    3786
    3986
    3946
    4004
    3849
    3813
    3888
    3828
    3938
    3879
    3864
    3834
    3943
    3795
    3816
    3856
    3868
    3867
    3671
    3895
    3800
    3814
    3843
    3807
    3796
    3730
    3782
    3827
    3718
    3717
    3673
    3692
    3766
    3817
    3721
    3690
    3709
    3691
    3660
    3729
    3614
    3819
    3726
    3641
    3719
    3844
    3795
    3774
    3686
    3739
    3701
    3694
    3652
    3646
    3690
    3619
    3682
    3747
    3574
    3587
    3709
    3704
    3735
    3685
    3588
    3591
    3791
    3572
    3666
    3568
    3639
    3575
    3553
    3563
    3668
    3598
    3611
    3686
    3637
    3588
    3528
    3603
    3543
    3670
    3443
    3574
    3629
    3500
    3533
    3561
    3505
    3510
    3588
    3597
    3475
    3521
    3505
    3516
    3589
    3545
    3435
    3568
    3419
    3414
    3407
    3502
    3508
    3582
    3483
    3471
    3401
    3423
    3450
    3486
    3481
    3447
    3497
    3424
    3455
    3470
    3444
    3473
    3582
    3509
    3531
    3420
    3516
    3388
    3411
    3427
    3445
    3430
    3508
    3362
    3465
    3462
    3455
    3388
    3434
    3455
    3434
    3412
    3377
    3408
    3439
    3408
    3456
    3501
    3267
    3438
    3381
    3444
    3346
    3302
    3274
    3367
    3354
    3314
    3312
    3352
    3296
    3353
    3381
    3266
    3479
    3367
    3447
    3397
    3469
    3519
    3449
    3499
    3523
    3450
    3503
    3412
    3461
    3376
    3383
    3405
    3392
    3386
    3333
    3291
    3363
    3193
    3268
    3313
    3287
    3352
    3242
    3244
    3298
    3215
    3220
    3259
    3383
    3238
    3261
    3277
    3152
    3273
    3295
    3264
    3246
    3351
    3321
    3269
    3304
    3199
    3254
    3309
    3196
    3206
    3191
    3087
    3238
    3091
    3155
    3241
    3191
    3192
    3240
    3275
    3169
    3295
    3156
    3121
    3134
    3210
    3168
    3119
    3163
    3152
    3216
    3199
    3142
    3159
    3003
    3101
    3084
    3156
    3109
    3124
    3169
    3071
    3122
    3185
    3109
    3171
    3097
    2989
    3106
    3073
    3149
    3179
    3128
    3055
    3047
    3094
    3127
    2974
    2997
    3156
    3016
    3101
    3161
    3115
    3044
    3110
    3095
    2999
    3152
    3011
    3112
    3027
    3065
    3062
    3014
    3106
    3075
    3089
    3079
    2978
    3019
    2984
    3042
    3005
    2963
    2958
    3032
    3044
    2998
    3057
    3048
    2990
    2874
    2903
    2943
    2905
    2867
    2990
    2956
    3025
    2986
    2931
    3028
    2965
    2999
    2981
    2982
    2923
    3029
    2831
    2955
    2937
    2984
    2961
    2935
    2951
    2935
    3018
    2874
    2886
    2919
    2873
    2877
    2902
    2952
    2878
    2823
    2900
    2924
    2958
    2850
    2879
    2897
    2896
    2937
    2908
    2879
    2947
    2836
    2896
    2878
    2877
    2880
    2775
    2866
    2824
    2932
    2854
    2840
    2855
    2740
    2870
    2793
    2858
    2863
    2752
    2775
    2866
    2859
    2801
    2807
    2802
    2749
    2847
    2770
    2831
    2814
    2774
    2819
    2866
    2733
    2737
    2735
    2817
    2695
    2842
    2747
    2775
    2733
    2845
    2826
    2820
    2796
    2712
    2768
    2742
    2860
    2781
    2765
    2760
    2704
    2672
    2725
    2727
    2758
    2734
    2767
    2664
    2840
    2823
    2724
    2782
    2744
    2758
    2857
    2816
    2774
    2648
    2736
    2769
    2798
    2729
    2816
    2570
    2686
    2633
    2720
    2640
    2660
    2677
    2657
    2662
    2742
    2686
    2696
    2683
    2725
    2586
    2696
    2732
    2620
    2669
    2665
    2644
    2719
    2581
    2637
    2656
    2647
    2543
    2564
    2737
    2671
    2610
    2667
    2598
    2711
    2664
    2650
    2649
    2624
    2594
    2650
    2686
    2650
    2705
    2606
    2632
    2624
    2642
    2560
    2635
    2691
    2607
    2519
    2633
    2615
    2541
    2584
    2703
    2610
    2694
    2644
    2561
    2544
    2547
    2636
    2584
    2660
    2559
    2654
    2562
    2524
    2653
    2582
    2562
    2590
    2571
    2606
    2620
    2628
    2558
    2527
    2528
    2579
    2559
    2569
    2538
    2627
    2605
    2546
    2558
    2477
    2554
    2606
    2437
    2587
    2462
    2529
    2523
    2496
    2544
    2590
    2584
    2603
    2549
    2470
    2546
    2435
    2649
    2565
    2506
    2589
    2596
    2452
    2446
    2532
    2477
    2546
    2460
    2504
    2554
    2450
    2508
    2469
    2613
    2503
    2425
    2577
    2494
    2563
    2461
    2401
    2513
    2463
    2414
    2524
    2524
    2458
    2413
    2571
    2509
    2407
    2457
    2539
    2412
    2527
    2571
    2483
    2443
    2444
    2499
    2448
    2353
    2461
    2508
    2456
    2389
    2447
    2534
    2493
    2479
    2525
    2516
    2477
    2577
    2596
    2565
    2635
    2571
    2686
    2734
    2724
    2715
    2673
    2765
    2802
    2707
    2615
    2715
    2644
    2668
    2701
    2586
    2566
    2604
    2515
    2557
    2426
    2468
    2488
    2439
    2581
    2403
    2457
    2482
    2401
    2433
    2414
    2471
    2397
    2340
    2384
    2356
    2323
    2374
    2425
    2401
    2416
    2374
    2330
    2536
    2395
    2310
    2449
    2360
    2362
    2396
    2321
    2374
    2346
    2326
    2391
    2430
    2429
    2378
    2373
    2457
    2420
    2322
    2357
    2383
    2395
    2363
    2443
    2466
    2434
    2387
    2396
    2343
    2373
    2330
    2398
    2413
    2346
    2338
    2471
    2350
    2351
    2317
    2300
    2340
    2398
    2303
    2416
    2350
    2407
    2282
    2340
    2392
    2399
    2368
    2400
    2327
    2259
    2349
    2357
    2322
    2355
    2321
    2352
    2366
    2328
    2350
    2256
    2379
    2369
    2362
    2355
    2307
    2324
    2388
    2352
    2299
    2379
    2356
    2298
    2372
    2279
    2383
    2477
    2298
    2345
    2387
    2371
    2268
    2311
    2259
    2240
    2329
    2282
    2271
    2382
    2381
    2371
    2347
    2308
    2345
    2358
    2310
    2369
    2380
    2368
    2335
    2354
    2246
    2363
    2335
    2342
    2371
    2364
    2255
    2262
    2304
    2269
    2305
    2373
    2329
    2349
    2368
    2227
    2388
    2324
    2416
    2375
    2350
    2350
    2234
    2290
    2350
    2347
    2278
    2277
    2290
    2298
    2329
    2342
    2423
    2298
    2352
    2368
    2355
    2329
    2418
    2292
    2329
    2380
    2335
    2281
    2290
    2310
    2376
    2281
    2353
    2302
    2347
    2307
    2355
    2280
    2302
    2310
    2396
    2348
    2299
    2295
    2361
    2302
    2346
    2388
    2275
    2318
    2294
    2307
    2379
    2292
    2304
    2284
    2372
    2299
    2181
    2353
    2295
    2367
    2312
    2362
    2239
    2312
    2284
    2348
    2306
    2356
    2275
    2320
    2409
    2252
    2345
    2348
    2298
    2251
    2334
    2291
    2316
    2269
    2293
    2338
    2284
    2401
    2302
    2283
    2281
    2324
    2393
    2213
    2282
    2272
    2317
    2306
    2274
    2323
    2326
    2382
    2302
    2283
    2338
    2337
    2237
    2274
    2211
    2360
    2396
    2319
    2303
    2319
    2251
    2279
    2310
    2285
    2399
    2261
    2368
    2321
    2262
    2321
    2298
    2307
    2208
    2288
    2276
    2301
    2311
    2257
    2342
    2322
    2335
    2292
    2309
    2299
    2343
    2308
    2259
    2230
    2326
    2333
    2360
    2406
    2298
    2287
    2357
    2268
    2392
    2348
    2317
    2369
    2315
    2338
    2337
    2372
    2259
    2337
    2428
    2318
    2320
    2390
    2301
    2299
    2265
    2380
    2372
    2350
    2446
    2472
    2342
    2353
    2374
    2391
    2307
    2290
    2331
    2285
    2355
    2359
    2326
    2282
    2379
    2371
    2443
    2457
    2356
    2337
    2304
    2359
    2262
    2325
    2299
    2418
    2313
    2247
    2391
    2270
    2365
    2324
    2432
    2374
    2368
    2323
    2386
    2406
    2376
    2317
    2329
    2334
    2319
    2286
    2415
    2394
    2332
    2359
    2362
    2257
    2368
    2310
    2342
    2336
    2374
    2403
    2324
    2368
    2436
    2410
    2329
    2444
    2356
    2342
    2383
    2408
    2311
    2371
    2369
    2443
    2394
    2354
    2441
    2371
    2297
    2362
    2369
    2372
    2405
    2422
    2414
    2320
    2379
    2383
    2334
    2377
    2430
    2367
    2383
    2401
    2410
    2418
    2444
    2317
    2411
    2386
    2422
    2391
    2413
    2417
    2455
    2368
    2433
    2304
    2429
    2396
    2332
    2343
    2422
    2410
    2427
    2393
    2491
    2413
    2365
    2439
    2398
    2359
    2539
    2381
    2423
    2454
    2455
    2445
    2441
    2365
    2361
    2419
    2427
    2464
    2359
    2494
    2402
    2369
    2457
    2375
    2382
    2387
    2433
    2357
    2448
    2450
    2430
    2421
    2493
    2453
    2458
    2497
    2507
    2483
    2443
    2433
    2496
    2473
    2459
    2464
    2420
    2510
    2553
    2455
    2429
    2448
    2496
    2457
    2525
    2442
    2526
    2431
    2336
    2389
    2472
    2474
    2478
    2457
    2514
    2433
    2483
    2403
    2451
    2432
    2425
    2388
    2524
    2462
    2490
    2544
    2524
    2527
    2457
    2551
    2357
    2452
    2367
    2538
    2499
    2489
    2492
    2469
    2497
    2432
    2398
    2474
    2484
    2488
    2543
    2501
    2606
    2479
    2559
    2555
    2527
    2542
    2556
    2516
    2587
    2515
    2541
    2489
    2570
    2488
    2504
    2555
    2465
    2619
    2684
    2555
    2603
    2651
    2586
    2723
    2569
    2575
    2605
    2527
    2576
    2657
    2635
    2643
    2598
    2535
    2566
    2583
    2566
    2609
    2589
    2500
    2558
    2628
    2568
    2528
    2654
    2519
    2597
    2665
    2638
    2564
    2605
    2556
    2659
    2631
    2626
    2652
    2667
    2639
    2618
    2737
    2616
    2601
    2593
    2571
    2609
    2627
    2667
    2670
    2691
    2678
    2556
    2627
    2634
    2651
    2712
    2744
    2657
    2730
    2612
    2708
    2732
    2700
    2673
    2697
    2635
    2640
    2661
    2735
    2687
    2694
    2658
    2639
    2729
    2788
    2648
    2697
    2689
    2745
    2824
    2721
    2852
    2690
    2769
    2896
    2787
    2828
    2800
    2724
    2745
    2802
    2813
    2913
    2782
    2869
    2678
    2871
    2840
    2899
    2904
    2899
    2869
    2851
    2877
    2912
    2810
    2850
    2796
    2806
    2760
    2839
    2723
    2854
    2844
    2831
    2854
    2948
    2920
    2845
    2868
    2855
    2812
    2775
    2792
    2859
    2784
    2835
    2801
    2897
    2750
    2843
    2906
    2880
    2826
    2901
    2836
    2825
    2949
    2880
    2866
    2906
    2941
    2881
    2918
    2913
    2894
    2935
    2977
    2894
    2816
    2833
    2962
    2938
    2964
    2959
    3018
    2853
    2928
    2891
    2856
    2924
    2902
    2889
    2867
    2994
    2910
    3003
    2932
    3014
    2908
    3049
    2950
    2966
    3016
    3028
    3003
    3077
    3130
    3106
    3136
    3009
    3075
    3040
    3023
    3002
    2937
    3009
    2974
    3014
    3113
    3097
    3134
    3093
    3048
    3129
    3088
    3118
    3231
    3132
    3232
    3172
    3144
    3091
    3135
    3188
    3078
    3184
    3144
    3070
    3239
    3236
    3260
    3193
    3215
    3146
    3190
    3158
    3157
    3146
    3292
    3287
    3293
    3182
    3330
    3191
    3229
    3168
    3299
    3320
    3316
    3255
    3294
    3276
    3333
    3312
    3299
    3281
    3355
    3328
    3320
    3410
    3367
    3398
    3359
    3289
    3434
    3389
    3442
    3435
    3359
    3314
    3469
    3452
    3532
    3402
    3450
    3445
    3410
    3517
    3423
    3429
    3482
    3476
    3469
    3433
    3522
    3502
    3583
    3541
    3643
    3581
    3438
    3541
    3580
    3448
    3571
    3650
    3545
    3599
    3646
    3625
    3562
    3642
    3644
    3670
    3697
    3653
    3740
    3644
    3614
    3658
    3676
    3801
    3682
    3799
    3776
    3778
    3715
    3774
    3806
    3796
    3791
    3782
    3877
    3771
    3882
    3846
    3816
    3711
    3774
    3948
    3897
    3910
    4017
    3853
    3906
    3786
    3918
    3897
    3921
    3843
    3942
    3987
    3915
    3950
    3926
    3900
    4056
    3983
    4016
    3887
    3993
    3982
    4018
    4097
    4055
    3949
    4042
    4066
    4024
    4082
    4159
    4100
    4063
    4099
    4089
    4133
    4013
    4165
    4061
    4262
    4177
    4229
    4181
    4259
    4182
    4113
    4190
    4143
    4130
    4160
    4137
    4338
    4191
    4132
    4124
    4227
    4212
    4002
    4215
    4263
    4196
    4065
    4172
    4146
    4200
    4112
    4080
    4041
    4155
    4169
    4060
    4006
    3917
    3966
    4029
    3988
    3866
    3982
    3749
    3777
    3841
    3695
    3721
    3646
    3624
    3439
    3571
    3424
    3430
    3376
    3215
    3358
    3436
    3267
    3155
    3323
    3249
    3177
    3226
    3129
    3102
    3197
    3116
    3025
    3167
    3034
    3129
    3033
    3057
    3067
    3007
    2985
    3003
    3059
    3024
    3088
    2990
    3023
    3000
    2977
    2919
    2914
    2934
    2957
    3042
    2922
    2937
    2956
    2927
    2926
    2966
    2879
    2889
    2851
    2731
    2938
    2839
    2978
    2972
    2841
    2981
    2900
    2826
    2845
    2857
    2842
    2871
    2969
    2922
    2817
    2756
    2931
    2873
    2718
    2895
    2876
    2867
    2794
    2833
    2763
    2849
    2881
    2865
    2924
    2746
    2805
    2780
    2813
    2795
    2824
    2761
    2806
    2758
    2725
    2884
    2787
    2846
    2807
    2769
    2667
    2724
    2784
    2760
    2755
    2792
    2816
    2703
    2841
    2722
    2799
    2756
    2745
    2742
    2699
    2815
    2648
    2724
    2753
    2681
    2740
    2761
    2712
    2761
    2635
    2707
    2634
    2800
    2663
    2745
    2673
    2678
    2647
    2685
    2679
    2697
    2615
    2720
    2624
    2700
    2668
    2730
    2660
    2671
    2644
    2730
    2686
    2619
    2650
    2564
    2624
    2618
    2532
    2616
    2698
    2585
    2775
    2628
    2579
    2697
    2691
    2571
    2582
    2562
    2663
    2577
    2616
    2570
    2544
    2636
    2572
    2625
    2583
    2483
    2629
    2655
    2524
    2624
    2553
    2547
    2560
    2587
    2614
    2559
    2554
    2531
    2508
    2565
    2582
    2588
    2562
    2583
    2496
    2525
    2584
    2668
    2515
    2555
    2525
    2476
    2540
    2495
    2544
    2536
    2538
    2512
    2579
    2397
    2508
    2540
    2559
    2574
    2589
    2551
    2535
    2597
    2516
    2551
    2585
    2531
    2448
    2536
    2617
    2507
    2612
    2556
    2520
    2716
    2615
    2579
    2602
    2664
    2612
    2572
    2600
    2538
    2602
    2679
    2687
    2669
    2595
    2660
    2768
    2714
    2592
    2687
    2666
    2695
    2676
    2667
    2557
    2657
    2579
    2521
    2632
    2685
    2749
    2733
    2659
    2566
    2623
    2707
    2769
    2729
    2677
    2505
    2774
    2687
    2760
    2653
    2683
    2751
    2612
    2722
    2716
    2720
    2654
    2755
    2698
    2703
    2728
    2676
    2781
    2721
    2769
    2685
    2820
    2784
    2743
    2726
    2745
    2815
    2771
    2799
    2757
    2830
    2707
    2713
    2794
    2703
    2669
    2759
    2786
    2675
    2640
    2720
    2618
    2673
    2564
    2492
    2628
    2655
    2521
    2592
    2526
    2467
    2472
    2468
    2301
    2387
    2346
    2346
    2387
    2244
    2252
    2203
    2151
    2078
    2120
    2034
    2019
    1954
    2006
    1976
    1931
    1866
    1851
    1881
    1824
    1816
    1746
    1884
    1721
    1716
    1722
    1726
    1728
    1677
    1596
    1633
    1690
    1604
    1626
    1589
    1701
    1558
    1545
    1617
    1544
    1542
    1513
    1529
    1519
    1546
    1555
    1516
    1535
    1506
    1491
    1437
    1442
    1453
    1495
    1428
    1508
    1402
    1442
    1491
    1501
    1467
    1539
    1412
    1364
    1461
    1521
    1454
    1504
    1466
    1533
    1488
    1554
    1597
    1516
    1579
    1595
    1661
    1581
    1580
    1663
    1719
    1802
    1838
    1812
    1894
    1981
    2063
    2137
    2215
    2225
    2464
    2537
    2777
    2987
    3228
    3433
    3888
    4321
    4749
    5388
    6138
    6780
    7830
    8745
    9805
   10969
   12105
   13300
   14375
   15035
   16162
   16938
   17583
   18014
   18544
   18989
   19186
   19354
   19399
   19792
   19927
   19740
   19705
   19393
   19087
   18611
   17730
   16767
   15691
   14298
   12883
   11288
   10007
    8506
    7028
    6002
    4841
    4025
    3375
    2638
    2182
    1910
    1674
    1411
    1311
    1196
    1077
    1014
     977
     974
     899
     937
     833
     889
     872
     817
     859
     822
     852
     858
     918
     856
     850
     782
     782
     787
     852
     811
     744
     758
     736
     772
     764
     725
     758
     704
     711
     726
     719
     711
     681
     694
     668
     617
     681
     635
     629
     668
     641
     650
     629
     650
     608
     616
     584
     579
     603
     593
     597
     582
     570
     597
     550
     536
     577
     505
     510
     551
     489
     512
     488
     517
     509
     466
     508
     480
     421
     459
     479
     492
     466
     464
     449
     444
     436
     457
     434
     451
     441
     466
     403
     458
     440
     403
     440
     369
     408
     420
     437
     414
     394
     375
     423
     390
     377
     396
     365
     368
     361
     364
     359
     346
     347
     340
     381
     370
     364
     327
     338
     330
     326
     326
     320
     302
     312
     331
     356
     333
     314
     290
     293
     308
     300
     298
     311
     303
     322
     284
     315
     284
     287
     307
     262
     284
     300
     283
     278
     269
     280
     266
     277
     269
     274
     283
     263
     260
     250
     274
     280
     246
     243
     263
     269
     225
     261
     258
     261
     262
     252
     267
     270
     248
     238
     239
     218
     229
     246
     233
     250
     239
     220
     261
     244
     282
     251
     230
     249
     258
     219
     267
     245
     237
     244
     221
     238
     243
     245
     264
     261
     244
     222
     240
     232
     228
     234
     224
     222
     231
     225
     215
     231
     225
     212
     207
     230
     236
     217
     234
     196
     240
     221
     215
     215
     209
     212
     224
     221
     215
     227
     222
     223
     218
     221
     197
     228
     230
     211
     239
     236
     232
     237
     214
     265
     262
     242
     260
     237
     241
     256
     245
     264
     297
     301
     278
     315
     316
     298
     311
     324
     344
     349
     331
     420
     431
     425
     427
     478
     509
     470
     593
     606
     664
     647
     700
     717
     889
     905
     981
    1119
    1116
    1237
    1382
    1570
    1825
    2050
    2350
    2589
    3063
    3391
    3917
    4676
    5413
    5952
    6755
    7722
    8355
    9404
   10304
   10985
   11672
   12272
   12632
   13102
   13606
   14002
   14045
   14322
   14577
   14814
   14793
   14951
   15057
   15073
   15273
   15282
   15049
   14885
   14314
   13929
   13228
   12321
   11057
    9856
    9067
    7676
    6721
    5566
    4599
    3662
    2903
    2267
    1760
    1348
    1062
     796
     533
     452
     343
     287
     228
     188
     175
     149
     141
     148
     133
     118
     139
     118
     125
     118
     132
     128
     117
     119
     122
     118
      98
     117
      92
     124
      96
     104
      90
     103
     105
      93
     125
     102
      95
      98
      95
     104
      99
     106
     105
      88
     126
     103
     114
      87
      89
      97
     100
      97
      95
      96
      86
     103
      95
      91
      97
      95
      87
      73
      98
      83
      69
      95
      82
      93
      79
      83
      96
      84
      98
      83
      65
      83
      94
     101
      92
      72
      83
      83
      79
     102
      79
      89
      92
     100
     100
      83
      85
      82
      98
      89
      72
      75
      83
      76
      74
      84
      79
      75
      82
      74
      71
      76
      94
      79
      69
      83
      80
      75
      89
      80
      95
      85
      82
      85
      66
      87
      82
      96
      89
      85
      68
      72
      82
      70
      83
      92
      94
      91
      90
      78
      77
      73
      73
      86
      80
      78
      60
      81
      89
     104
      81
      64
      67
      67
      78
      72
      75
      80
      79
      84
      77
      81
      61
      91
      75
      78
      88
      77
      66
      81
      76
      64
      68
      72
      82
      61
      75
      75
      79
      79
      75
      79
      81
      81
      72
      67
      79
      74
      61
      79
      82
      63
      70
      69
      65
      68
      64
      77
      65
      66
      64
      83
      73
      61
      73
      63
      72
      51
      59
      67
      69
      77
      78
      70
      83
      63
      62
      68
      75
      73
      62
      72
      71
      77
      84
      73
      54
      63
      61
      70
      69
      67
      65
      70
      65
      68
      61
      61
      62
      74
      70
      51
      76
      65
      72
      66
      54
      64
      51
      83
      74
      67
      56
      76
      64
      87
      74
      56
      51
      77
      78
      77
      51
      73
      73
      60
      78
      63
      52
      71
      74
      71
      69
      70
      67
      65
      72
      53
      64
      72
      72
      55
      61
      73
      69
      64
      67
      54
      76
      51
      54
      70
      60
      56
      58
      75
      60
      70
      71
      69
      64
      60
      65
      63
      70
      51
      63
      59
      52
      56
      57
      52
      74
      60
      49
      64
      53
      59
      59
      51
      60
      56
      46
      59
      54
      68
      51
      52
      61
      68
      67
      66
      61
      65
      65
      57
      60
      68
      70
      62
      66
      53
      63
      52
      48
      70
      53
      53
      38
      62
      58
      55
      47
      57
      55
      56
      54
      67
      66
      52
      57
      67
      59
      50
      49
      67
      62
      59
      64
      57
      72
      58
      75
      57
      65
      49
      63
      67
      60
      68
      66
      57
      50
      59
      43
      58
      60
      62
      57
      52
      64
      57
      60
      59
      64
      47
      65
      55
      48
      49
      71
      56
      49
      71
      68
      64
      58
      47
      50
      58
      73
      61
      53
      55
      58
      63
      76
      63
      57
      65
      65
      60
      49
      72
      53
      49
      66
      48
      65
      59
      55
      52
      60
      63
      58
      57
      46
      65
      49
      52
      57
      51
      62
      61
      42
      47
      54
      58
      64
      75
      68
      44
      50
      43
      62
      48
      63
      64
      54
      60
      49
      61
      52
      55
      57
      50
      60
      36
      44
      57
      53
      53
      59
      52
      67
      55
      54
      61
      49
      49
      68
      59
      57
      57
      56
      44
      65
      59
      57
      56
      47
      42
      53
      58
      55
      52
      45
      59
      51
      53
      42
      50
      47
      56
      51
      61
      57
      54
      55
      60
      47
      58
      44
      38
      50
      59
      62
      52
      53
      67
      54
      50
      49
      58
      61
      51
      51
      51
      64
      55
      56
      42
      48
      63
      41
      55
      56
      39
      62
      61
      45
      54
      58
      55
      51
      54
      54
      52
      66
      59
      49
      46
      47
      53
      55
      47
      38
      50
      48
      44
      52
      65
      50
      53
      59
      41
      47
      57
      54
      63
      42
      67
      60
      63
      37
      49
      50
      44
      46
      50
      61
      41
      47
      45
      64
      53
      57
      58
      47
      51
      46
      45
      45
      49
      43
      58
      51
      53
      33
      56
      50
      41
      38
      55
      41
      35
      50
      57
      47
      61
      49
      53
      40
      42
      44
      42
      43
      52
      46
      50
      48
      58
      46
      51
      42
      47
      44
      45
      49
      46
      43
      47
      55
      52
      46
      45
      41
      58
      45
      44
      38
      42
      48
      58
      54
      49
      41
      49
      40
      46
      49
      47
      35
      57
      45
      57
      43
      52
      40
      59
      48
      47
      46
      50
      55
      47
      51
      58
      50
      49
      44
      57
      51
      44
      59
      53
      47
      35
      53
      50
      51
      48
      47
      47
      55
      34
      42
      45
      65
      47
      49
      50
      39
      52
      36
      53
      40
      42
      47
      46
      56
      45
      36
      45
      51
      47
      53
      51
      48
      46
      55
      53
      53
      58
      52
      62
      53
      36
      48
      42
      60
      57
      47
      41
      45
      45
      48
      49
      45
      53
      68
      53
      58
      54
      38
      57
      36
      42
      56
      50
      58
      38
      43
      52
      41
      43
      33
      52
      50
      43
      43
      54
      46
      46
      43
      44
      51
      50
      39
      65
      56
      60
      46
      44
      38
      37
      52
      42
      47
      52
      37
      51
      36
      49
      47
      50
      44
      40
      42
      48
      61
      48
      39
      43
      37
      43
      41
      49
      48
      63
      39
      46
      53
      51
      41
      41
      45
      40
      45
      44
      44
      45
      43
      51
      43
      48
      49
      58
      48
      36
      51
      42
      47
      39
      31
      36
      39
      55
      35
      39
      55
      51
      48
      59
      45
      59
      42
      51
      44
      41
      47
      54
      43
      45
      47
      48
      49
      41
      49
      54
      48
      43
      39
      44
      48
      27
      37
      37
      34
      40
      49
      39
      52
      43
      34
      37
      40
      42
      42
      41
      36
      57
      48
      52
      35
      49
      47
      42
      34
      46
      37
      56
      43
      48
      43
      43
      34
      51
      52
      38
      67
      44
      40
      34
      42
      51
      41
      52
      54
      48
      42
      32
      52
      41
      37
      32
      48
      27
      52
      36
      43
      57
      37
      34
      42
      38
      45
      47
      40
      43
      42
      40
      47
      31
      40
      41
      50
      50
      42
      48
      46
      44
      40
      46
      41
      45
      53
      39
      38
      28
      47
      39
      30
      33
      47
      44
      43
      47
      36
      44
      38
      52
      46
      40
      29
      48
      44
      33
      56
      48
      43
      40
      38
      38
      33
      42
      41
      33
      41
      48
      47
      37
      47
      46
      40
      39
      40
      37
      41
      48
      35
      46
      41
      52
      33
      50
      37
      41
      37
      47
      42
      43
      54
      42
      47
      51
      44
      34
      37
      38
      45
      40
      50
      45
      52
      44
      50
      32
      39
      31
      45
      39
      32
      43
      41
      48
      42
      44
      39
      41
      38
      41
      25
      55
      60
      37
      31
      43
      42
      28
      45
      34
      44
      33
      44
      51
      39
      58
      38
      58
      51
      37
      40
      51
      40
      51
      39
      44
      46
      46
      63
      40
      38
      48
      46
      31
      41
      38
      35
      32
      50
      45
      49
      58
      54
      33
      39
      40
      45
      47
      41
      53
      35
      39
      49
      48
      47
      47
      37
      52
      36
      36
      36
      33
      47
      49
      35
      48
      30
      43
      26
      42
      42
      28
      36
      46
      47
      36
      39
      38
      37
      46
      44
      31
      38
      41
      39
      50
      39
      34
      32
      47
      30
      46
      23
      41
      40
      39
      48
      48
      38
      40
      47
      43
      40
      41
      41
      39
      43
      42
      46
      40
      39
      45
      38
      37
      39
      45
      40
      42
      43
      31
      31
      41
      38
      41
      33
      52
      44
      42
      45
      37
      37
      35
      38
      50
      40
      38
      39
      43
      41
      42
      27
      41
      36
      45
      42
      34
      42
      37
      37
      38
      35
      37
      28
      49
      40
      45
      50
      40
      39
      24
      47
      36
      46
      33
      30
      39
      36
      43
      44
      41
      27
      35
      49
      37
      40
      42
      35
      45
      40
      47
      50
      54
      33
      48
      46
      45
      39
      37
      41
      43
      40
      46
      43
      42
      35
      30
      31
      49
      35
      34
      43
      41
      32
      50
      34
      41
      31
      35
      51
      41
      30
      51
      40
      32
      28
      45
      28
      44
      40
      32
      33
      34
      35
      40
      46
      49
      34
      41
      32
      45
      36
      34
      43
      34
      39
      37
      37
      30
      32
      34
      35
      32
      34
      44
      31
      31
      40
      34
      46
      36
      32
      31
      46
      42
      27
      38
      37
      42
      39
      34
      29
      43
      46
      32
      34
      30
      42
      33
      32
      30
      35
      29
      46
      35
      29
      34
      28
      34
      25
      35
      33
      32
      34
      31
      41
      41
      34
      29
      40
      32
      42
      27
      48
      43
      31
      39
      29
      43
      37
      34
      35
      41
      29
      31
      35
      34
      30
      41
      31
      33
      42
      39
      40
      35
      45
      30
      39
      38
      34
      44
      37
      40
      43
      37
      32
      37
      40
      46
      32
      42
      34
      46
      34
      38
      41
      34
      40
      33
      44
      39
      43
      26
      27
      31
      35
      21
      33
      29
      41
      37
      35
      35
      40
      40
      39
      29
      33
      43
      33
      38
      31
      39
      44
      36
      31
      36
      29
      41
      31
      31
      33
      38
      36
      38
      44
      34
      36
      48
      27
      44
      25
      35
      42
      37
      36
      38
      33
      33
      34
      28
      40
      30
      35
      42
      37
      30
      33
      24
      28
      43
      37
      26
      29
      39
      30
      35
      42
      30
      38
      41
      26
      45
      32
      42
      38
      33
      36
      46
      41
      33
      38
      38
      32
      22
      33
      33
      38
      37
      37
      27
      37
      30
      43
      29
      33
      31
      43
      37
      39
      34
      43
      30
      34
      35
      32
      35
      34
      47
      42
      36
      26
      35
      18
      35
      33
      30
      41
      24
      35
      29
      35
      24
      29
      36
      30
      33
      36
      37
      41
      31
      37
      35
      30
      21
      29
      29
      24
      34
      24
      39
      51
      34
      27
      43
      41
      32
      29
      22
      37
      45
      28
      33
      37
      35
      34
      26
      25
      37
      23
      30
      22
      35
      33
      36
      28
      31
      36
      36
      37
      25
      21
      31
      24
      35
      36
      29
      35
      33
      27
      34
      39
      28
      34
      32
      40
      23
      38
      31
      18
      28
      29
      23
      24
      32
      30
      23
      36
      22
      38
      24
      35
      28
      27
      32
      34
      43
      38
      24
      37
      35
      31
      34
      27
      34
      25
      39
      30
      23
      29
      27
      37
      36
      29
      31
      32
      30
      22
      26
      38
      38
      33
      35
      28
      36
      34
      25
      34
      24
      27
      28
      34
      31
      36
      30
      27
      29
      37
      28
      23
      26
      29
      39
      26
      35
      31
      24
      33
      29
      28
      28
      24
      33
      36
      22
      29
      29
      31
      30
      35
      29
      20
      32
      25
      31
      31
      32
      36
      26
      28
      25
      20
      32
      30
      22
      31
      28
      29
      39
      23
      27
      18
      29
      27
      28
      33
      33
      26
      31
      25
      38
      23
      28
      29
      23
      30
      23
      31
      38
      23
      21
      36
      27
      30
      22
      24
      25
      31
      35
      22
      29
      35
      33
      29
      24
      41
      28
      21
      27
      30
      20
      26
      21
      28
      24
      30
      35
      21
      27
      26
      21
      27
      22
      28
      24
      34
      29
      26
      21
      37
      22
      25
      28
      21
      25
      26
      27
      20
      21
      30
      31
      22
      24
      37
      26
      30
      26
      30
      24
      21
      24
      21
      30
      23
      28
      35
      25
      20
      28
      24
      21
      25
      26
      19
      28
      31
      24
      33
      25
      29
      29
      23
      27
      27
      22
      29
      27
      24
      29
      23
      32
      37
      31
      20
      22
      23
      30
      27
      31
      31
      24
      30
      37
      23
      25
      31
      25
      25
      28
      25
      31
      38
      29
      30
      25
      33
      24
      29
      20
      22
      27
      25
      27
      23
      26
      19
      25
      22
      31
      21
      25
      28
      26
      21
      32
      22
      25
      25
      27
      22
      23
      18
      29
      24
      31
      36
      44
      21
      34
      32
      26
      28
      25
      38
      29
      31
      28
      23
      30
      19
      24
      27
      23
      23
      30
      23
      21
      25
      21
      19
      31
      23
      28
      32
      28
      20
      25
      21
      26
      27
      29
      25
      25
      26
      34
      29
      25
      33
      19
      29
      23
      22
      31
      13
      32
      25
      29
      31
      26
      34
      28
      35
      29
      36
      24
      26
      30
      23
      15
      29
      36
      21
      22
      32
      19
      27
      19
      37
      27
      27
      38
      31
      26
      27
      29
      32
      22
      19
      20
      29
      17
      21
      29
      32
      26
      24
      16
      25
      22
      18
      28
      21
      27
      25
      21
      24
      36
      28
      26
      28
      23
      25
      20
      24
      25
      29
      24
      30
      26
      27
      33
      26
      12
      31
      22
      40
      18
      19
      28
      20
      25
      22
      19
      25
      28
      24
      20
      30
      24
      27
      28
      14
      27
      29
      22
      23
      25
      26
      22
      22
      20
      24
      21
      26
      23
      21
      23
      21
      27
      28
      21
      12
      25
      20
      23
      21
      20
      20
      21
      24
      25
      20
      17
      15
      18
      20
      21
      24
      19
      25
      24
      21
      20
       9
      25
      21
      25
      16
      19
      22
      22
      25
      23
      27
      22
      17
      24
      20
      28
      22
      18
      17
      26
      13
      16
      23
      14
       9
      18
      18
      19
      23
      17
      20
      18
      23
      23
      16
      16
      12
      14
      13
      10
       7
      21
      20
      18
      14
      19
      20
      16
      21
      14
      16
      19
      10
      16
      10
      23
      14
      20
      11
      15
      22
      18
      16
      19
      17
      14
      17
      20
      15
      18
      16
      10
      13
      15
      16
      17
      18
      16
      15
      27
      13
      15
      13
      12
      14
      16
      16
      14
      23
      19
       8
      11
      15
      21
      12
      19
      10
      13
      12
      17
      18
      20
      17
      21
      15
      12
      12
      18
      13
      17
      13
      11
      13
      17
      18
      11
      10
      11
      15
      13
      14
      11
       8
      10
      16
      22
      13
      13
      24
      13
      20
      11
      10
      17
      11
      12
      10
      10
      16
      11
      16
      14
      14
       8
      11
      13
       6
      17
       8
      10
      10
      12
      14
       4
      11
      12
      12
      12
      12
       7
      13
      10
      11
      12
      12
      12
      12
       5
       7
       7
      10
      12
      10
       5
       7
      10
      11
      12
      10
      11
       8
       9
      10
      13
       9
       9
      13
       8
       7
       7
       6
       9
      14
       8
       4
      14
       2
      11
       8
       6
      10
      11
      15
       5
      13
       6
      10
       3
       9
       7
      10
       8
       6
       6
      10
       7
       4
       8
      15
      10
       7
       9
       8
       8
       8
       8
       3
       6
      12
       6
       8
      11
      10
      11
       4
      10
       7
       8
       5
       6
       5
      13
      10
       8
       8
       9
       8
      10
      10
       7
       9
      12
       7
      12
       7
       6
       4
       8
      10
       5
       6
       9
       3
      17
       7
       6
       7
       5
       6
       6
       9
       5
      11
       9
      10
       8
       7
       5
       5
       6
      11
       7
       5
      14
      12
       7
       2
       8
      14
       8
       5
      11
       7
      10
       7
      13
       6
       7
       8
       7
       9
       3
       8
       8
       4
      10
       3
       7
       5
      11
       3
       9
       9
       9
       5
       6
      11
       5
      10
       8
       6
       3
       9
       8
       7
       6
       5
       3
       5
      10
       4
      10
       8
       7
      14
      10
       5
      10
       8
      11
       7
       5
       7
       6
       8
       8
       9
       9
       7
       4
      10
       3
       7
       9
       6
       4
      12
      15
       5
       9
       7
       6
      10
      16
       4
       9
       5
       8
       7
       8
       8
       7
      11
       9
       3
      12
       8
      12
       8
       8
       9
      10
       8
       7
      11
      10
       3
      19
      10
      14
      16
      16
      21
      14
      18
      15
      17
      12
      24
      15
      21
      18
      14
      24
      19
      18
      22
      21
      20
      28
      24
      35
      25
      38
      25
      26
      27
      26
      26
      26
      40
      32
      23
      25
      27
      26
      26
      31
      29
      31
      26
      43
      18
      27
      25
      20
      24
      27
      30
      30
      32
      24
      24
      28
      30
      14
      16
      12
      19
      15
      14
      13
       9
      16
      16
      12
      10
      15
       3
       8
       7
       9
       4
       8
       7
       3
       1
       4
       0
       1
       2
       1
       1
       1
       2
       1
       3
       1
       1
       1
       1
       1
       1
       3
       2
       2
       1
       6
       1
       4
       5
       3
       3
       0
       1
       3
       3
       2
       1
       4
       2
       3
       3
       2
       3
       5
       5
       2
       3
       0
       2
       1
       2
       3
       3
       1
       0
       2
       3
       3
       1
       1
       0
       2
       1
       1
       2
       2
       1
       1
       3
       2
       1
       3
       1
       1
       1
       0
       0
       2
       0
       1
       3
       2
       1
       4
       2
       0
       0
       2
       2
       4
       5
       3
       1
       2
       1
       4
       2
       3
       1
       2
       1
       3
       1
       2
       3
       3
       4
       3
       2
       4
       2
       1
       3
       0
       3
       1
       2
       0
       0
       2
       0
       1
       0
       2
       1
       1
       2
       1
       2
       1
       0
       0
       0
       1
       0
       2
       2
       1
       1
       0
       2
       3
       0
       1
       3
       2
       3
       1
       3
       2
       0
       3
       3
       0
       1
       1
       0
       4
       2
       3
       0
       2
       2
       0
       0
       5
       4
       3
       3
       1
       2
       3
       2
       1
       1
       3
       3
       0
       1
       2
       3
       4
       4
       4
       4
       1
       3
       4
       1
       0
       2
       2
       3
       0
       0
       2
       2
       1
       1
       0
       6
       1
       1
       2
       1
       2
       2
       3
       3
       2
       2
       1
       2
       2
       4
       1
       3
       1
       3
       4
       4
       3
       1
       2
       2
       1
       3
       5
       2
       3
       1
       0
       3
       3
       1
       3
       1
       1
       0
       3
       2
       1
       1
       2
       3
       2
       0
       1
       4
       2
       1
       4
       6
       0
       2
       3
       0
       3
       3
       5
       4
       2
       4
       3
       4
       3
       3
       4
       3
       1
       4
       4
       3
       1
       1
       4
       4
       6
       3
       4
       7
       4
       6
       4
       4
       4
       5
       2
       1
       7
       3
       2
       6
       4
       2
       5
       4
       2
       4
       1
       5
       5
       1
       3
       3
       2
       1
       6
       4
       1
       2
       3
       1
       2
       3
       1
       2
       1
       3
       0
       0
       1
       2
       2
       1
       1
       0
       1
       1
       1
       1
       0
       0
       2
       1
       1
       0
       1
       1
       0
       0
       0
       0
       1
       0
       0
       1
       1
       0
       2
       0
       0
       2
       0
       0
       1
       0
       0
       1
       1
       1
       1
       0
       1
       0
       2
       3
       0
       0
       0
       2
       0
       1
       0
       0
       2
       0
       0
       0
       2
       0
       0
       0
       2
       2
       3
       2
       0
       1
       0
       0
       2
       0
       0
       2
       1
       0
       0
       0
       1
       0
       1
       1
       1
       0
       0
       0
       1
       0
       2
       1
       1
       0
       0
       1
       0
       1
       0
       1
       0
       1
       0
       0
       0
       1
       0
       0
       0
       1
       0
       0
       1
       1
       1
       0
       1
       2
       0
       2
       0
       1
       0
       0
       1
       1
       1
       2
       0
       0
       0
       1
       1
       0
       1
       1
       0
       2
       0
       0
       0
       2
       0
       0
       2
       1
       1
       2
       0
       1
       0
       0
       0
       2
       0
       1
       1
       2
       0
       2
       0
       0
       3
       0
       1
       0
       0
       0
       0
       0
       1
       0
       0
       0
       0
       1
       0
       0
       1
       2
       0
       3
       1
       0
       0
       2
       0
       2
       1
       1
       0
       1
       0
       0
       0
       0
       0
       1
       2
       2
       0
       0
       1
       1
       1
       0
       0
       1
       0
       2
       0
       0
       0
       0
       0
       2
       0
       0
       1
       0
       0
       0
       0
       0
       1
       0
       0
       0
       0
       0
       0
       2
       3
       1
       0
       0
       2
       1
       0
       1
       0
       0
       0
       2
       0
       0
       0
       0
       1
       0
       0
       2
       1
       0
       0
       0
       0
       0
       0
       0
       1
       0
       1
       0
       0
       1
       0
       0
       1
       4
       1
       3
       0
       0
       0
       0
       0
       1
       1
       1
       1
       0
       3
       0
       0
       0
       0
       0
       0
       1
       0
       1
       0
       2
       0
       0
       0
       0
       0
       0
       0
       0
       0
       0
       0
       0
       0
       0
       0
       0
       1
       1
       0
       0
       1
       0
       3
       1
       1
       0
       1
       0
       1
       0
       0
       0
       0
       1
       2
       0
       0
       3
       1
       1
       0
       0
       0
       1
       1
       0
       0
       2
       1
       0
       0
       0
       0
       0
       0
       1
       0
       0
       1
       0
       0
       0
       1
       1
       1
       0
       0
       1
       2
       0
       0
       0
       0
       0
       0
       1
       0
       0
       0
       0
       0
       0
       0
       1
       0
       0
       1
       0
       0
       0
       0
       1
       1
       2
       1
       0
       0
       0
       0
       0
       0
       1
       0
       0
       2
       1
       0
       0
       0
       1
       1
       0
       0
       0
       0
       0
       1
       0
       0
       0
       2
       0
       0
       0
       0
       0
       1
       1
       2
       0
       1
       0
       1
       1
       0
       1
       1
       1
       0
       0
       0
       1
       1
       0
       0
       2
       0
       1
       0
       0
       1
       0
       0
       0
       0
       0
       0
       0
       0
       0
       0
       0
       0
       0
       0
       0
       2
       0
       0
       1
       0
       0
       0
       0
       0
       0
       1
       1
       1
       0
       0
       0
       0
       1
       0
       0
       0
       0
       0
       0
       0
       0
       0
       1
       0
       1
       1
       3
       0
       0
       1
       2
       1
       0
       0
       0
       1
       2
       0
       0
       1
       0
       0
       1
       0
       0
       1
       0
       0
       0
       1
       0
       0
       1
       1
       2
       0
       1
       1
       0
       0
       0
       0
       1
       0
       0
       0
       0
       1
       0
       0
       1
       0
       0
       1
       1
       1
       0
       0
       1
       0
       0
       0
       0
       1
       0
       1
       1
       1
       1
       1
       0
       0
       0
       0
       1
       1
       0
       1
       0
       0
       0
       1
       0
       0
       0
       0
       0
       2
       1
       0
       1
       1
       0
       0
       0
       1
       0
       0
       0
       0
       0
       1
       0
       0
       0
       1
       0
       0
       1
       1
       0
       0
       1
       0
       1
       0
       0
       0
       1
       0
       1
       0
       0
       0
       0
       1
       0
       0
       0
       1
       0
       1
       0
       2
       1
       0
       1
       1
       2
       0
       0
       2
       0
       1
       0
       0
       0
       0
       0
       0
       2
       0
       1
       0
       0
       0
       1
       0
       1
       0
       0
       1
       0
       0
       1
       1
       2
       1
       0
       0
       0
       0
       0
       0
       1
       0
       0
       0
       0
       0
       1
       0
       0
       1
       0
       0
       0
       0
       0
       0
       3
       0
       0
       0
       0
       0
       0
       0
       0
       0
       0
       0
       0
       0
       0
       0
       0
       2
       0
       0
       1
       1
       2
       0
       0
       0
       1
       1
       0
       0
       0
       1
       2
       0
       0
       0
       0
       1
       0
       0
       0
       1
       0
       1
       0
       0
       0
       0
       0
       0
       1
       0
       1
       0
       0
       0
       0
       0
       0
       0
       0
       2
       0
       0
       0
       0
       0
       0
       0
       1
       0
       0
       0
       0
       0
       0
       0
       1
       0
       0
       0
       0
       0
       0
       0
       0
       1
       1
       0
       0
       0
       1
       1
       0
       1
       0
       1
       1
       1
       0
       0
       0
       0
       0
       0
       1
       0
       0
       1
       0
       0
       0
       0
       0
       0
       0
       0
       0
       0
       0
       1
       1
       1
       0
       0
       0
       0
       0
       0
       0
       0
       0
       0
       0
       0
       0
       0
       0
       0
       1
       0
       0
       2
       3
       0
       1
       0
       0
       0
       0
       0
       0
       0
       0
       1
       1
       1
       1
       0
       0
       0
       1
       0
       0
       0
       0
       1
       1
       1
       0
       1
       2
       0
       0
       0
       0
       1
       0
       1
       1
       0
       0
       0
       1
       0
       0
       0
       0
       0
       1
       0
       1
       0
       0
       0
       0
       0
       0
       1
       1
       1
       1
       0
       0
       0
       0
       0
       0
       0
       1
       0
       1
       0
       0
       0
       0
       0
       0
       0
       0
       1
       1
       0
       1
       1
       0
       2
       0
       0
       1
       0
       0
       0
       0
       1
       0
       0
       1
       0
       0
       0
       0
       0
       0
       0
       0
       0
       0
       1
       0
       0
       0
       0
       0
       0
       0
       0
       1
       0
       0
       2
       0
       1
       0
       0
       0
       0
       0
       0
       1
       2
       0
       0
       1
       0
       0
       0
       1
       0
       0
       1
       0
       0
       0
       0
       1
       1
       0
       0
       1
       1
       0
       0
       0
       0
       0
       1
       1
       0
       1
       0
       0
       1
       0
       0
       0
       0
       0
       1
       1
       0
       2
       1
       1
       0
       0
       0
       2
       0
       0
       0
       0
       0
       0
       1
       1
       3
       0
       0
       0
       1
       1
       2
       0
       0
       0
       0
       0
       0
       0
       0
       0
       0
       0
       0
       1
       0
       0
       0
       0
       0
       0
       2
       0
       0
       0
       0
       0
       0
       0
       0
       2
       1
       1
       1
       1
       0
       0
       1
       1
       0
       0
       0
       0
       0
       0
       1
       1
       1
       0
       1
       0
       0
       0
       0
       0
       0
       0
       1
       0
       1
       1
       0
       0
       0
       0
       1
       0
       0
       0
       0
       0
       1
       1
       1
       2
       0
       1
       0
       0
       1
       0
       0
       0
       0
       2
       0
       0
       2
       0
       0
       0
       1
       1
       0
       0
       0
       0
       1
       0
       1
       0
       0
       0
       0
       0
       0
       0
       0
       0
       1
       0
       0
       0
       0
       0
       1
       0
       1
       0
       0
       0
       0
       0
       0
       0
       1
       0
       0
       0
       0
       1
       0
       0
       1
       0
       0
       0
       1
       1
       0
       0
       0
       0
       0
       0
       0
       0
       0
       1
       0
       1
       0
       0
       0
       0
       1
       0
       0
       1
       0
       0
       0
       1
       0
       0
       0
       0
       0
       1
       0
       0
       0
       2
       0
       0
       1
       0
       0
       1
       0
       0
       0
       0
       0
       2
       1
       0
       0
       2
       0
       0
       0
       0
       0
       0
       0
       0
       0
       1
       0
       0
       0
       0
       1
       0
       0
       0
       1
       0
       0
       1
       1
       0
       0
       0
       0
       0
       0
       0
       0
       0
       0
       0
       0
       0
       0
       0
       0
       0
       0
       0
       0
       1
       0
       0
       0
       0
       0
       0
       1
       1
       0
       0
       0
       0
       1
       0
       0
       1
       0
       2
       1
       0
       0
       1
       0
       0
       0
       0
       0
       0
       0
       1
       0
       0
       0
       0
       1
       0
       0
       0
       0
       2
       0
       0
       0
       0
       0
       0
       1
       0
       0
       0
       0
       0
       1
       0
       0
       1
       1
       1
       0
       0
       0
       0
       0
       0
       1
       0
       1
       1
       0
       0
       0
       0
       0
       0
       0
       0
       0
       1
       0
       0
       0
       0
       1
       0
       0
       0
       0
       0
       0
       0
       0
       0
       2
       0
       0
       0
       0
       0
       0
       0
       0
       0
       0
       0
       0
       0
       0
       0
       0
       0
       0
       0
       1
       0
       0
       0
       0
       0
       0
       0
       0
       0
       1
       0
       0
       1
       0
       1
       1
       0
       0
       0
       0
       0
       1
       0
       0
       0
       0
       0
       0
       0
       0
       0
       1
       1
       0
       0
       0
       1
       0
       0
       0
       0
       0
       0
       0
       0
       0
       0
       0
       0
       0
       0
       0
       0
       0
       0
       1
       0
       0
       0
       1
       0
       0
       0
       0
       0
       0
       1
       0
       0
       0
       0
       0
       0
       0
       0
       0
       1
       0
       0
       0
       0
       0
       0
       0
       1
       0
       0
       0
       0
       0
       0
       0
       0
       0
       0
       1
       0
       0
       0
       0
       0
       0
       0
       0
       0
       1
       0
       0
       0
       0
       0
       0
       0
       0
       0
       0
       0
       0
       0
       0
       0
       0
       0
       1
       0
       0
       0
       1
       0
       0
       1
       0
       0
       0
       0
       0
       0
       1
       0
       0
       0
       0
       0
       0
       0
       0
       0
       0
       0
       1
       0
       0
       1
       1
       1
       0
       0
       0
       0
       1
       0
       0
       0
       0
       0
       0
       0
       0
       0
       1
       0
       1
       0
       0
       1
       0
       0
       0
       1
       1
       0
       0
       0
       0
       0
       0
       0
       0
       0
       0
       1
       0
       0
       0
       0
       0
       0
       0
       1
       0
       0
       0
       1
       0
       0
       0
       1
       0
       0
       0
       0
       1
       0
       0
       0
       0
       1
       0
       0
       0
       0
       0
       0
       0
       0
       1
       0
       0
       0
       0
       0
       0
       0
       0
       0
       0
       1
       0
       0
       0
       0
       0
       0
       0
       0
       0
       0
       0
       0
       0
       0
       0
       0
       0
       0
       0
       0
       0
       0
       0
       1
       0
       0
       0
       0
       0
       0
       0
       0
       0
       0
       0
       0
       0
       0
       0
       0
       1
       1
       0
       0
       0
       0
       0
       0
       0
       0
       0
       0
       0
       0
       0
       0
       0
       0
       0
       0
       0
       0
       0
       0
       0
       1
       0
       0
       0
       0
       0
       0
       0
       0
       0
       0
       0
       0
       0
       0
       0
       0
       0
       0
       0
       0
       0
       0
       0
       0
       0
       0
       0
       0
       0
       0
       0
       0
       0
       0
       1
       1
       0
       0
       0
       0
       0
       0
       0
       0
       0
       0
       0
       0
       0
       0
       0
       0
       0
       0
       0
       0
       0
       0
       1
       0
       0
       0
       0
       0
       0
       0
       0
       0
       0
       0
       0
       0
       0
       0
       0
       0
       0
       0
       0
       1
       0
       0
       0
       0
       1
       0
       0
       0
       0
       1
       1
       0
       0
       0
       0
       1
       0
       0
       0
       0
       0
       0
       0
       0
       0
       1
       0
       0
       0
       0
       0
       0
       0
       0
       0
       2
       0
       0
       0
       0
       0
       0
       0
       0
       0
       0
       1
       0
       0
       0
       0
       0
       0
       0
       0
       0
       0
       0
       0
       0
       0
       0
       0
       0
       0
       0
       0
       0
       0
       0
       0
       0
       0
       0
       1
       0
       0
       0
       0
       0
       0
       0
       0
       0
       0
       0
       0
       0
       0
       0
       0
       0
       0
       0
       1
       0
       0
       0
       1
       0
       0
       1
       0
       0
       1
       0
       1
       0
       0
       0
       0
       0
       0
       0
       0
       0
       1
       0
       0
       0
       1
       0
       0
       0
       0
       0
       0
       0
       0
       0
       0
       0
       0
       0
       0
       0
       0
       0
       0
       0
       0
       0
       0
       0
       0
       0
       1
       0
       0
       0
       0
       0
       0
       1
       0
       0
       0
       0
       0
       0
       0
       1
       0
       0
       0
       0
       0
       0
       0
       0
       0
       0
       0
       0
       0
       0
       0
       0
       0
       0
       0
       1
       0
       0
       0
       0
       0
       0
       0
       0
       0
       0
       0
       0
       0
       0
       0
       1
       0
       0
       0
       0
       0
       0
       0
       0
       0
       0
       0
       0
       0
       0
       0
       0
       0
       0
       0
       0
       0
       0
       0
       0
       0
       0
       0
       0
       0
       0
       0
       0
       0
       0
       0
       0
       0
       0
       0
       0
       0
       0
       0
       0
       0
       0
       0
       0
       0
       0
       0
       0
       0
       0
       0
       0
       0
       0
       0
       0
       0
       0
       0
       0
       0
       0
       0
       0
       0
       0
       0
       0
       0
       0
       0
       0
       0
       0
       0
       0
       0
       0
       0
       0
       0
       0
       0
       0
       0
       0
       0
       0
       0
       0
       0
       0
       0
       0
       0
       0
       0
       0
       0
       0
       0
       0
       0
       0
       0
       0
       0
       0
       0
       0
       0
       0
       0
       0
       0
       0
       0
       0
       0
       0
       0
       0
       0
       1
       0
       0
       0
       0
       0
       0
       0
       0
       0
       0
       0
       0
       0
       0
       0
       0
       0
       0
       0
       0
       0
       0
       0
       0
       0
       0
       0
       0
       0
       0
       0
       0
       0
       0
       0
       0
       0
       0
       0
       0
       0
       0
       0
       0
       0
       0
       1
       0
       0
       0
       0
       0
       0
       0
       0
       0
       0
       0
       0
       0
       0
       0
       0
       0
       0
       0
       0
       0
       0
       0
       0
       0
       0
       0
       0
       0
       0
       0
       0
       0
       0
       0
       0
       0
       1
       0
       0
       0
       0
       0
       0
       0
       0
       0
       0
       0
       0
       0
       0
       0
       0
       0
       0
       0
       0
       0
       0
       0
       0
       0
       0
       0
       0
       0
       0
       0
       0
       0
       0
       0
       0
       0
       0
       0
       0
       0
       0
       0
       0
       1
       0
       0
       0
       0
       0
       0
       0
       0
       0
       0
       0
       0
       0
       0
       0
       0
       0
       0
       0
       0
       1
       0
       0
       0
       0
       0
       0
       0
       0
       0
       0
       0
       0
       0
       0
       0
       0
       0
       0
       0
       0
       0
       0
       0
       0
       0
       0
       0
       0
       0
       0
       0
       0
       1
       0
       0
       0
       0
       0
       0
       0
       0
       0
       0
       0
       0
       0
       0
       0
       0
       0
       0
       0
       0
       0
       0
       0
       0
       1
       0
       0
       0
       0
       0
       0
       0
       0
       0
       0
       0
       0
       0
       0
       0
       0
       0
       0
       0
       0
       0
       0
       0
       0
       0
       0
       0
       0
       0
       0
       0
       0
       0
       0
       0
       0
       0
       0
       0
       0
       0
       0
       0
       0
       0
       0
       0
       0
       0
       0
       0
       0
       0
       0
       0
       0
       0
       0
       0
       0
       0
       0
       0
       0
       0
       0
       0
       0
       0
       0
       0
       0
       0
       0
       0
       0
       0
       0
       0
       0
       0
       0
       0
       0
       0
       0
       0
       0
       0
       0
       0
       0
       0
       0
       0
       0
       0
       0
       0
       0
       0
       0
       0
       0
       0
       0
       0
       0
       0
       0
       0
       0
       0
       0
       0
       0
       0
       0
       0
       0
       0
       0
       0
       0
       0
       0
       0
       0
       0
       0
       0
       0
       0
       0
       0
       0
       0
       0
       0
       0
       0
       0
       0
       0
       0
       0
       0
       0
       0
       0
       0
       0
       0
       0
       0
       0
       0
       0
       0
       0
       0
       0
       0
       0
       0
       0
       0
       0
       0
       0
       0
       0
       0
       0
       0
       0
       0
       0
       0
       0
       0
       0
       0
       0
       0
       0
       0
       0
       0
       0
       0
       0
       0
       0
       0
       0
       0
       0
       0
       0
       0
       1
       0
       0
       0
       0
       0
       0
       0
       0
       0
       0
       0
       0
       0
       0
       0
       0
       0
       0
       0
       0
       0
       0
       0
       0
       0
       0
       0
       0
       1
       0
       0
       5
       1
       0
       0
       0
       1
       0
       0
       0
       0
       2
       0
       0
       0
       0
       0
       0
       0
       0
       1
       1
       2
       1
       1
       0
       0
       1
       0
       1
       1
       1
       0
       0
       3
       0
       2
       0
       0
       1
       0
       0
       0
       0
       0
       0
       0
       1
       0
       1
       1
       0
       1
       1
       3
       1
       1
       0
       1
       0
       1
       0
       0
       1
       0
       0
       1
       0
       1
       0
       0
       0
       2
       0
       0
       0
       0
       1
       2
       1
       1
       1
       0
       2
       0
       0
       0
       0
       1
       1
       0
       0
       1
       0
       0
       0
       2
       0
       2
       1
       0
       0
       0
       1
       1
       0
       0
       0
       1
       0
       1
       2
       0
       0
       1
       1
       1
       1
       0
       0
       0
       0
       0
       1
       1
       0
       1
       0
       2
       0
       0
       1
       0
       1
       1
       0
       1
       0
       0
       1
       0
       0
       1
       2
       0
       0
       0
       0
       0
       1
       0
       0
       0
       1
       0
       1
       1
       1
       0
       0
       0
       1
       1
       0
       0
       0
       0
       0
       0
       0
       0
       2
       0
       0
       0
       1
       0
       1
       1
       0
       0
       0
       0
$ROI:
4
349 399
960 988
992 1050
1491 1501
$PRESETS:
None
0
0
$ENER_FIT:
0.000000 0.488274
$MCA_CAL:
3
0.000000E+000 4.882741E-001 0.000000E+000 keV
$SHAPE_CAL:
3
0.000000E+000 0.000000E+000 0.000000E+000
