$SPEC_ID:
No sample description was entered.
$SPEC_REM:
DET# 1
DETDESC# DLAB-PHY-L3-49 926 Right
AP# Maestro Version 7.01
$DATE_MEA:
10/18/2024 15:10:11
$MEAS_TIM:
202 301
$DATA:
0 8191
       1
       2
       0
       0
       1
       1
       0
       1
       0
       0
       0
       0
       1
       0
       4
       1
       1
       3
       2
       2
       2
       2
       0
       3
       2
       1
       9
      30
      84
     191
     312
     562
     738
    1068
    1378
    1648
    2027
    2447
    2743
    3187
    3489
    3721
    4110
    4340
    4312
    4548
    4366
    4442
    4385
    4483
    4440
    4349
    4377
    4415
    4249
    4294
    4398
    4358
    4283
    4466
    4417
    4248
    4324
    4169
    4273
    4173
    4260
    4265
    4111
    4304
    4194
    4234
    4089
    4246
    4105
    4205
    4119
    4051
    4173
    4122
    4122
    4024
    4012
    4127
    4194
    4235
    4073
    4045
    3982
    4181
    4058
    4115
    4228
    4162
    4131
    4056
    4106
    4230
    4224
    4158
    4252
    4241
    4205
    4366
    4529
    4625
    4705
    4923
    5062
    5201
    5431
    5532
    5429
    5379
    5344
    5391
    5177
    5120
    4832
    4815
    4634
    4537
    4257
    4243
    4304
    4261
    4339
    4222
    4304
    4443
    4317
    4476
    4545
    4633
    4747
    4739
    4765
    4577
    4624
    4507
    4488
    4381
    4343
    4265
    4155
    4020
    3945
    3947
    3869
    3858
    3910
    3708
    3793
    3768
    3864
    3657
    3680
    3672
    3703
    3727
    3754
    3736
    3784
    3705
    3725
    3753
    3524
    3817
    3778
    3738
    3718
    3641
    3647
    3758
    3698
    3779
    3638
    3787
    3726
    3711
    3806
    3720
    3719
    3757
    3598
    3765
    3754
    3582
    3550
    3727
    3582
    3801
    3703
    3654
    3660
    3730
    3586
    3593
    3685
    3572
    3595
    3713
    3751
    3670
    3601
    3718
    3799
    3573
    3620
    3610
    3708
    3561
    3744
    3588
    3668
    3667
    3682
    3721
    3675
    3738
    3687
    3694
    3704
    3620
    3694
    3493
    3641
    3592
    3683
    3635
    3584
    3620
    3624
    3620
    3594
    3733
    3625
    3573
    3679
    3819
    3685
    3604
    3633
    3617
    3580
    3659
    3651
    3612
    3650
    3619
    3637
    3669
    3629
    3574
    3620
    3652
    3742
    3760
    3612
    3657
    3718
    3714
    3621
    3707
    3699
    3642
    3673
    3630
    3638
    3750
    3628
    3641
    3739
    3774
    3755
    3657
    3710
    3773
    3676
    3628
    3687
    3613
    3697
    3619
    3627
    3764
    3655
    3755
    3599
    3642
    3634
    3703
    3777
    3598
    3599
    3708
    3708
    3765
    3676
    3628
    3696
    3478
    3745
    3637
    3708
    3584
    3630
    3606
    3618
    3548
    3726
    3525
    3618
    3679
    3677
    3600
    3648
    3619
    3510
    3736
    3580
    3569
    3716
    3587
    3615
    3692
    3555
    3585
    3636
    3597
    3537
    3586
    3597
    3576
    3531
    3630
    3604
    3594
    3636
    3616
    3748
    3651
    3679
    3588
    3575
    3477
    3636
    3509
    3575
    3466
    3533
    3569
    3569
    3536
    3530
    3458
    3607
    3619
    3590
    3574
    3596
    3558
    3615
    3625
    3627
    3534
    3419
    3580
    3582
    3590
    3638
    3604
    3676
    3576
    3556
    3575
    3689
    3545
    3527
    3617
    3620
    3653
    3536
    3540
    3575
    3620
    3643
    3701
    3715
    3796
    3682
    3846
    3691
    3795
    3799
    3725
    3881
    3987
    3850
    3933
    3891
    3982
    3995
    4003
    4030
    3961
    4107
    4093
    4090
    4034
    3996
    4196
    4028
    4043
    3903
    4123
    4055
    4107
    4112
    4007
    3944
    3964
    3950
    4041
    3986
    4046
    3995
    3958
    3893
    3857
    3906
    3879
    4026
    3922
    3867
    4017
    3914
    3910
    3869
    3865
    3942
    3858
    3839
    3746
    3763
    3816
    3850
    3707
    3856
    3905
    3847
    3767
    3814
    3769
    3832
    3773
    3738
    3745
    3804
    3813
    3809
    3674
    3756
    3674
    3747
    3829
    3689
    3746
    3765
    3799
    3820
    3675
    3863
    3733
    3811
    3701
    3741
    3654
    3668
    3694
    3699
    3558
    3660
    3623
    3749
    3682
    3541
    3655
    3556
    3659
    3717
    3684
    3549
    3666
    3719
    3615
    3727
    3610
    3636
    3653
    3611
    3591
    3516
    3680
    3596
    3574
    3632
    3596
    3559
    3625
    3528
    3539
    3544
    3634
    3415
    3625
    3595
    3608
    3517
    3545
    3569
    3467
    3611
    3577
    3507
    3489
    3584
    3641
    3531
    3524
    3560
    3591
    3487
    3601
    3501
    3445
    3517
    3578
    3517
    3455
    3535
    3494
    3464
    3480
    3459
    3459
    3456
    3410
    3398
    3426
    3523
    3438
    3412
    3453
    3449
    3313
    3405
    3460
    3488
    3564
    3513
    3320
    3400
    3397
    3475
    3359
    3293
    3346
    3413
    3387
    3363
    3392
    3363
    3331
    3389
    3401
    3393
    3397
    3323
    3292
    3343
    3343
    3347
    3363
    3406
    3401
    3334
    3383
    3332
    3320
    3431
    3324
    3337
    3343
    3370
    3351
    3388
    3372
    3378
    3448
    3577
    3550
    3470
    3512
    3562
    3453
    3555
    3461
    3433
    3373
    3309
    3345
    3443
    3379
    3301
    3200
    3259
    3254
    3314
    3279
    3329
    3247
    3280
    3216
    3182
    3237
    3167
    3341
    3220
    3232
    3353
    3342
    3228
    3288
    3209
    3229
    3311
    3236
    3283
    3134
    3239
    3203
    3262
    3227
    3112
    3255
    3092
    3274
    3236
    3133
    3015
    3277
    3237
    3153
    3126
    3172
    3193
    3172
    3208
    3144
    3135
    3086
    3155
    3199
    3111
    3081
    3180
    3179
    3295
    3138
    3088
    3283
    3264
    3162
    3115
    3095
    3174
    3083
    3067
    3150
    3131
    3152
    3122
    3097
    3036
    3090
    3121
    3031
    3187
    3073
    3087
    3007
    3077
    3040
    3134
    3037
    3059
    3023
    3011
    2995
    3105
    3179
    3024
    3049
    2937
    3049
    3121
    3050
    3068
    3021
    3053
    2946
    2964
    3081
    2991
    3024
    3073
    2974
    3043
    3009
    3007
    2955
    2913
    3007
    3010
    3096
    2942
    2931
    2986
    3015
    3042
    3043
    2965
    3002
    2923
    3009
    2977
    2939
    3027
    2954
    2926
    2915
    2911
    2962
    2876
    2916
    2979
    2989
    2953
    2870
    3003
    2947
    2952
    2838
    2967
    2945
    2844
    2858
    2848
    2861
    2919
    2924
    2908
    2899
    2744
    2910
    2824
    2862
    2869
    2925
    2851
    2835
    2917
    2840
    2814
    2742
    2878
    2880
    2823
    2953
    2771
    2878
    2849
    2744
    2860
    2874
    2826
    2806
    2809
    2823
    2814
    2814
    2940
    2862
    2825
    2870
    2820
    2844
    2780
    2901
    2760
    2839
    2778
    2843
    2890
    2770
    2758
    2822
    2843
    2782
    2763
    2828
    2735
    2753
    2841
    2836
    2781
    2763
    2807
    2752
    2792
    2730
    2731
    2701
    2757
    2732
    2883
    2801
    2704
    2806
    2810
    2704
    2717
    2719
    2723
    2705
    2667
    2787
    2740
    2765
    2785
    2721
    2658
    2687
    2704
    2740
    2721
    2748
    2788
    2727
    2706
    2697
    2747
    2692
    2646
    2657
    2704
    2654
    2738
    2558
    2740
    2696
    2681
    2649
    2597
    2602
    2730
    2701
    2630
    2705
    2714
    2631
    2601
    2699
    2657
    2730
    2749
    2676
    2629
    2614
    2664
    2516
    2621
    2689
    2573
    2667
    2587
    2704
    2666
    2606
    2597
    2710
    2612
    2609
    2716
    2765
    2570
    2589
    2626
    2520
    2544
    2604
    2536
    2539
    2547
    2615
    2610
    2518
    2606
    2630
    2570
    2597
    2574
    2587
    2578
    2484
    2611
    2581
    2560
    2543
    2541
    2453
    2623
    2513
    2556
    2524
    2555
    2596
    2552
    2548
    2653
    2543
    2543
    2615
    2628
    2618
    2572
    2587
    2522
    2531
    2449
    2397
    2516
    2526
    2536
    2537
    2491
    2505
    2584
    2525
    2436
    2552
    2523
    2569
    2525
    2597
    2539
    2508
    2526
    2460
    2549
    2443
    2502
    2512
    2490
    2557
    2400
    2539
    2462
    2537
    2616
    2459
    2446
    2440
    2430
    2470
    2436
    2412
    2528
    2544
    2528
    2516
    2461
    2442
    2519
    2411
    2429
    2414
    2422
    2463
    2503
    2491
    2435
    2479
    2565
    2499
    2452
    2449
    2444
    2459
    2449
    2440
    2470
    2546
    2486
    2562
    2556
    2555
    2607
    2634
    2567
    2577
    2671
    2800
    2679
    2673
    2756
    2749
    2716
    2787
    2680
    2702
    2685
    2706
    2622
    2614
    2686
    2532
    2590
    2531
    2588
    2483
    2475
    2413
    2510
    2455
    2552
    2349
    2379
    2390
    2462
    2422
    2385
    2451
    2404
    2459
    2316
    2420
    2483
    2332
    2447
    2348
    2451
    2349
    2370
    2263
    2420
    2500
    2345
    2410
    2339
    2427
    2454
    2292
    2340
    2314
    2391
    2467
    2396
    2325
    2431
    2329
    2392
    2399
    2370
    2329
    2372
    2416
    2375
    2404
    2366
    2388
    2320
    2420
    2375
    2430
    2359
    2316
    2311
    2412
    2363
    2346
    2337
    2310
    2350
    2407
    2365
    2351
    2375
    2439
    2274
    2394
    2370
    2323
    2443
    2337
    2273
    2423
    2324
    2310
    2328
    2359
    2337
    2362
    2301
    2342
    2304
    2433
    2317
    2292
    2320
    2309
    2426
    2413
    2364
    2343
    2369
    2382
    2367
    2375
    2491
    2417
    2275
    2295
    2305
    2397
    2287
    2416
    2332
    2319
    2311
    2281
    2334
    2347
    2357
    2322
    2354
    2351
    2286
    2243
    2350
    2320
    2306
    2335
    2323
    2301
    2306
    2304
    2318
    2242
    2291
    2393
    2369
    2376
    2388
    2321
    2327
    2324
    2406
    2355
    2324
    2316
    2320
    2270
    2313
    2329
    2332
    2360
    2283
    2313
    2272
    2362
    2407
    2259
    2353
    2291
    2326
    2298
    2348
    2205
    2333
    2271
    2336
    2346
    2299
    2292
    2310
    2304
    2242
    2334
    2311
    2253
    2425
    2302
    2309
    2303
    2265
    2289
    2208
    2282
    2324
    2270
    2297
    2325
    2251
    2306
    2291
    2317
    2275
    2302
    2317
    2306
    2380
    2277
    2254
    2313
    2321
    2243
    2380
    2195
    2242
    2402
    2351
    2298
    2389
    2380
    2291
    2338
    2362
    2288
    2273
    2321
    2339
    2365
    2333
    2357
    2358
    2320
    2327
    2277
    2264
    2229
    2328
    2320
    2282
    2366
    2304
    2282
    2248
    2304
    2290
    2393
    2340
    2281
    2247
    2392
    2327
    2308
    2354
    2390
    2315
    2319
    2347
    2380
    2297
    2273
    2249
    2319
    2300
    2319
    2322
    2309
    2354
    2310
    2329
    2315
    2328
    2370
    2287
    2330
    2247
    2352
    2272
    2338
    2385
    2310
    2294
    2193
    2322
    2366
    2295
    2369
    2325
    2338
    2361
    2381
    2273
    2252
    2268
    2325
    2337
    2318
    2350
    2340
    2265
    2375
    2448
    2271
    2364
    2268
    2374
    2364
    2306
    2350
    2284
    2262
    2300
    2342
    2352
    2294
    2435
    2250
    2424
    2362
    2334
    2338
    2468
    2387
    2342
    2332
    2322
    2357
    2375
    2348
    2428
    2346
    2340
    2356
    2336
    2298
    2202
    2383
    2281
    2279
    2443
    2395
    2330
    2352
    2361
    2337
    2301
    2289
    2356
    2300
    2286
    2368
    2345
    2328
    2314
    2379
    2362
    2421
    2389
    2327
    2256
    2278
    2378
    2303
    2371
    2289
    2413
    2408
    2393
    2431
    2335
    2403
    2292
    2345
    2408
    2370
    2316
    2338
    2319
    2380
    2339
    2390
    2494
    2338
    2362
    2365
    2401
    2408
    2399
    2312
    2366
    2412
    2301
    2312
    2431
    2439
    2361
    2331
    2281
    2395
    2366
    2405
    2365
    2429
    2474
    2403
    2412
    2326
    2361
    2432
    2343
    2472
    2453
    2416
    2339
    2407
    2406
    2387
    2453
    2308
    2373
    2379
    2386
    2382
    2400
    2431
    2467
    2436
    2370
    2446
    2475
    2453
    2382
    2403
    2434
    2386
    2387
    2390
    2435
    2410
    2438
    2499
    2345
    2407
    2378
    2398
    2480
    2416
    2432
    2436
    2399
    2375
    2478
    2427
    2383
    2382
    2498
    2387
    2420
    2419
    2452
    2429
    2409
    2399
    2463
    2380
    2422
    2396
    2442
    2403
    2457
    2381
    2444
    2493
    2464
    2463
    2471
    2484
    2554
    2467
    2411
    2484
    2443
    2383
    2527
    2410
    2478
    2517
    2540
    2446
    2463
    2523
    2381
    2456
    2526
    2496
    2504
    2451
    2454
    2549
    2503
    2365
    2484
    2455
    2402
    2486
    2447
    2481
    2514
    2483
    2491
    2474
    2506
    2501
    2452
    2397
    2418
    2539
    2520
    2526
    2401
    2448
    2597
    2476
    2559
    2526
    2438
    2519
    2511
    2591
    2515
    2471
    2469
    2557
    2481
    2505
    2620
    2598
    2575
    2584
    2476
    2509
    2522
    2619
    2503
    2537
    2519
    2566
    2568
    2554
    2673
    2499
    2595
    2613
    2591
    2592
    2558
    2529
    2625
    2589
    2559
    2526
    2548
    2652
    2543
    2596
    2606
    2530
    2605
    2608
    2595
    2546
    2647
    2522
    2680
    2537
    2615
    2600
    2554
    2611
    2656
    2667
    2528
    2697
    2636
    2632
    2505
    2605
    2558
    2640
    2655
    2639
    2666
    2590
    2606
    2634
    2645
    2617
    2642
    2755
    2719
    2525
    2695
    2679
    2628
    2537
    2703
    2671
    2652
    2681
    2554
    2624
    2746
    2679
    2720
    2713
    2672
    2688
    2657
    2760
    2742
    2693
    2694
    2645
    2703
    2796
    2717
    2693
    2804
    2730
    2665
    2696
    2657
    2730
    2719
    2775
    2831
    2789
    2870
    2707
    2870
    2778
    2829
    2787
    2900
    2815
    2792
    2902
    2861
    2881
    2845
    2809
    2913
    2820
    2848
    2850
    2821
    2844
    2941
    2812
    2841
    2861
    2841
    2862
    2795
    2730
    2785
    2795
    2801
    2789
    2796
    2861
    2860
    2828
    2814
    2841
    2771
    2833
    2822
    2852
    2875
    2786
    2909
    2922
    2917
    2883
    2856
    2821
    2786
    2871
    2864
    2865
    2807
    2925
    2918
    2885
    2907
    2914
    2944
    2881
    2949
    2984
    2977
    2978
    2955
    2985
    2990
    2886
    2871
    2939
    2960
    2879
    2991
    3081
    3033
    2956
    2926
    2996
    3017
    2878
    3015
    2989
    2937
    2948
    2995
    2964
    2942
    3093
    3025
    3064
    2967
    3091
    3022
    3054
    2948
    3112
    3069
    3102
    3040
    3045
    3070
    3089
    3180
    3032
    2954
    2959
    3164
    3024
    3159
    3167
    3067
    3074
    3150
    3171
    3211
    3149
    3181
    3167
    3255
    3240
    3290
    3141
    3189
    3147
    3227
    3196
    3185
    3211
    3239
    3210
    3234
    3156
    3137
    3306
    3227
    3219
    3323
    3177
    3236
    3294
    3282
    3310
    3347
    3323
    3235
    3347
    3330
    3305
    3332
    3321
    3294
    3283
    3357
    3436
    3387
    3360
    3479
    3332
    3410
    3360
    3417
    3427
    3420
    3465
    3424
    3379
    3467
    3455
    3517
    3385
    3468
    3413
    3540
    3509
    3521
    3471
    3559
    3356
    3419
    3592
    3672
    3420
    3567
    3629
    3462
    3587
    3488
    3626
    3740
    3639
    3600
    3581
    3581
    3595
    3567
    3607
    3681
    3630
    3704
    3615
    3658
    3563
    3687
    3664
    3676
    3760
    3739
    3736
    3748
    3785
    3665
    3733
    3878
    3647
    3604
    3826
    3871
    3767
    3814
    3788
    3774
    3882
    3860
    3899
    3842
    3854
    3957
    3797
    3866
    3929
    3794
    3830
    4007
    3872
    3890
    3974
    3902
    4000
    4032
    4099
    4005
    3957
    3901
    3935
    3992
    4061
    3964
    3976
    4107
    4022
    4002
    4061
    4119
    4126
    4008
    4117
    4112
    4066
    4137
    4097
    4152
    4108
    4223
    4190
    4096
    4070
    4148
    4185
    4185
    4294
    4215
    4283
    4111
    4225
    4282
    4249
    4264
    4261
    4191
    4256
    4309
    4143
    4210
    4209
    4198
    4216
    4145
    4268
    4230
    4212
    4114
    4164
    4288
    4128
    4072
    4157
    4081
    4079
    4013
    3984
    3984
    3867
    3766
    3766
    3823
    3724
    3715
    3713
    3605
    3684
    3565
    3588
    3480
    3512
    3352
    3331
    3368
    3329
    3265
    3156
    3219
    3165
    3240
    3206
    3005
    3175
    3015
    3117
    3087
    3073
    2996
    3030
    3058
    2996
    2987
    2951
    3013
    2889
    3095
    3052
    2908
    3019
    3015
    3038
    2966
    3015
    2960
    3014
    3026
    2987
    2954
    2935
    2913
    2903
    2963
    2964
    2969
    2988
    2944
    2827
    2869
    2972
    2909
    2926
    2898
    2914
    2945
    2921
    2946
    2875
    2839
    2851
    2838
    2884
    2740
    2885
    2777
    2849
    2806
    2831
    2889
    2870
    2807
    2926
    2914
    2857
    2794
    2901
    2758
    2720
    2864
    2876
    2765
    2783
    2819
    2884
    2743
    2771
    2817
    2791
    2806
    2791
    2737
    2874
    2893
    2804
    2756
    2825
    2811
    2739
    2778
    2727
    2731
    2690
    2768
    2754
    2752
    2707
    2748
    2696
    2804
    2768
    2651
    2755
    2686
    2655
    2684
    2820
    2672
    2738
    2718
    2723
    2690
    2788
    2704
    2719
    2665
    2622
    2711
    2611
    2701
    2691
    2706
    2671
    2726
    2583
    2688
    2771
    2622
    2620
    2639
    2612
    2605
    2622
    2551
    2643
    2649
    2728
    2727
    2729
    2719
    2621
    2673
    2697
    2618
    2630
    2555
    2564
    2603
    2578
    2616
    2592
    2641
    2596
    2679
    2635
    2620
    2630
    2634
    2630
    2612
    2665
    2576
    2605
    2580
    2615
    2561
    2526
    2624
    2548
    2597
    2606
    2465
    2574
    2550
    2525
    2512
    2578
    2456
    2560
    2607
    2478
    2556
    2541
    2593
    2507
    2645
    2529
    2579
    2549
    2480
    2508
    2628
    2503
    2540
    2472
    2481
    2524
    2492
    2467
    2579
    2503
    2517
    2496
    2529
    2571
    2577
    2615
    2574
    2622
    2572
    2540
    2541
    2537
    2635
    2546
    2525
    2518
    2576
    2702
    2699
    2573
    2602
    2578
    2593
    2587
    2633
    2638
    2702
    2646
    2648
    2753
    2590
    2596
    2574
    2618
    2711
    2690
    2661
    2626
    2726
    2597
    2713
    2734
    2712
    2655
    2673
    2675
    2617
    2683
    2677
    2685
    2636
    2732
    2717
    2656
    2682
    2808
    2762
    2741
    2778
    2730
    2738
    2729
    2701
    2895
    2671
    2778
    2745
    2782
    2765
    2733
    2724
    2730
    2750
    2801
    2707
    2713
    2756
    2742
    2786
    2681
    2758
    2761
    2809
    2724
    2782
    2792
    2726
    2739
    2677
    2568
    2774
    2633
    2673
    2569
    2530
    2614
    2491
    2592
    2433
    2501
    2375
    2432
    2347
    2325
    2370
    2267
    2252
    2203
    2126
    2127
    2058
    2063
    2002
    1943
    2010
    1913
    1897
    1846
    1808
    1851
    1756
    1767
    1802
    1716
    1683
    1748
    1679
    1697
    1692
    1711
    1723
    1592
    1635
    1520
    1581
    1566
    1618
    1567
    1510
    1624
    1539
    1567
    1539
    1464
    1570
    1556
    1494
    1420
    1548
    1505
    1518
    1467
    1475
    1530
    1416
    1487
    1535
    1402
    1514
    1461
    1538
    1400
    1439
    1480
    1468
    1490
    1474
    1538
    1381
    1492
    1422
    1434
    1536
    1438
    1531
    1457
    1541
    1556
    1583
    1536
    1583
    1609
    1720
    1681
    1755
    1698
    1745
    1753
    1898
    2029
    2114
    2340
    2336
    2474
    2626
    2876
    3161
    3468
    3841
    4408
    4868
    5530
    6239
    7110
    8238
    9356
   10599
   11574
   12991
   14316
   15582
   16745
   17477
   18401
   19384
   19837
   20395
   20761
   20992
   21294
   21777
   21604
   21434
   21164
   20718
   20472
   19343
   18258
   16881
   15388
   13937
   12384
   10365
    8961
    7379
    6152
    4991
    4273
    3456
    2701
    2264
    1890
    1601
    1422
    1264
    1180
    1113
    1074
     961
     936
     927
     932
     946
     907
     913
     917
     900
     929
     837
     836
     777
     894
     811
     842
     757
     788
     795
     783
     814
     772
     781
     782
     767
     688
     722
     727
     797
     737
     698
     753
     699
     671
     706
     698
     687
     677
     672
     659
     653
     649
     656
     663
     648
     550
     636
     616
     627
     619
     548
     546
     570
     604
     562
     555
     538
     583
     498
     576
     571
     562
     530
     523
     486
     509
     538
     493
     518
     468
     467
     511
     487
     486
     499
     504
     461
     454
     435
     450
     439
     437
     461
     404
     410
     456
     442
     406
     394
     435
     398
     385
     386
     382
     388
     370
     393
     412
     385
     363
     360
     372
     366
     329
     341
     372
     352
     354
     307
     315
     362
     292
     347
     328
     296
     302
     320
     314
     308
     322
     318
     309
     310
     310
     288
     287
     287
     317
     320
     262
     296
     294
     281
     286
     263
     277
     309
     259
     294
     316
     256
     273
     283
     282
     275
     279
     239
     252
     275
     286
     277
     259
     260
     248
     273
     269
     244
     263
     239
     242
     240
     280
     287
     239
     258
     246
     236
     246
     250
     281
     234
     245
     233
     252
     232
     258
     252
     255
     233
     238
     247
     224
     237
     233
     240
     262
     227
     243
     272
     233
     221
     224
     229
     227
     262
     237
     229
     256
     218
     260
     241
     230
     241
     253
     206
     203
     249
     253
     229
     226
     217
     209
     230
     213
     210
     212
     243
     203
     241
     227
     217
     219
     207
     195
     192
     233
     212
     215
     232
     231
     218
     206
     219
     190
     196
     218
     227
     243
     226
     211
     242
     230
     246
     255
     261
     275
     264
     264
     241
     295
     293
     293
     291
     336
     336
     316
     357
     377
     363
     416
     410
     432
     478
     524
     522
     571
     644
     651
     674
     767
     844
     889
     957
    1078
    1193
    1317
    1547
    1680
    1954
    2126
    2527
    2841
    3448
    3973
    4552
    5282
    6031
    7044
    7814
    8619
    9755
   10690
   11560
   12324
   13283
   13845
   14087
   14847
   15388
   15671
   16034
   16184
   16476
   16552
   16820
   16880
   16609
   16387
   16125
   15809
   15124
   14327
   13372
   12298
   11035
    9654
    8339
    7105
    5901
    4785
    3852
    3109
    2341
    1809
    1380
    1071
     799
     553
     429
     342
     283
     250
     175
     182
     145
     143
     131
     105
     120
     125
     108
     118
     123
     133
     112
     116
     116
      92
      96
     105
     121
     123
     106
      80
      85
      98
     114
     102
      92
      94
      88
      99
     101
     111
     108
     104
      85
     103
     101
      95
      92
     100
      99
      78
      96
      84
      93
      92
      88
      84
      71
      87
     106
      92
      92
      80
      81
      97
     101
      91
     104
      90
      73
      84
     101
      74
      91
      90
      92
      81
      99
     100
      93
      82
      78
      91
      82
      85
      69
      77
      91
     102
      97
      90
      88
      88
      77
      80
      90
      90
     113
      93
      86
      88
      80
      86
      86
      72
      81
      83
      68
      76
      86
      77
      84
      92
      70
      63
      83
      78
      72
      70
      75
      70
      66
      83
      93
      81
      87
      82
      88
      79
      67
      87
      72
      82
      76
      73
      73
      84
      66
      88
      79
      72
      87
      84
      85
      76
      85
      64
      82
      74
      61
      71
     104
      74
      80
      96
      77
      64
      69
      72
      60
      74
      63
      78
      71
      68
      95
      73
      81
      75
      90
      75
      73
      75
      73
      77
      67
      69
      72
      65
      67
      64
      61
      73
      78
      81
      74
      68
      86
      71
      62
      70
      72
      73
      91
      59
      82
      65
      67
      75
      65
      63
      75
      76
      69
      67
      57
      74
      68
      74
      55
      68
      73
      62
      48
      70
      69
      61
      79
      78
      70
      91
      66
      69
      67
      57
      72
      78
      52
      65
      59
      82
      71
      59
      64
      61
      71
      68
      73
      56
      76
      79
      71
      68
      60
      52
      56
      59
      66
      69
      70
      66
      59
      57
      70
      65
      81
      64
      74
      59
      67
      58
      82
      65
      67
      71
      65
      57
      69
      70
      57
      63
      60
      66
      64
      73
      58
      64
      55
      63
      58
      56
      62
      56
      67
      55
      43
      56
      48
      71
      62
      78
      60
      53
      66
      68
      60
      55
      50
      57
      69
      54
      76
      50
      47
      64
      73
      60
      57
      68
      58
      61
      62
      76
      60
      68
      55
      63
      53
      48
      66
      51
      66
      47
      58
      69
      67
      67
      58
      51
      48
      60
      52
      60
      55
      57
      52
      54
      45
      65
      70
      54
      59
      76
      60
      53
      45
      55
      60
      55
      63
      67
      63
      53
      53
      71
      62
      67
      59
      53
      43
      62
      58
      62
      60
      65
      65
      61
      65
      63
      58
      65
      56
      70
      63
      51
      53
      57
      60
      53
      65
      49
      54
      54
      60
      46
      67
      59
      59
      55
      69
      66
      57
      49
      71
      60
      55
      49
      48
      71
      57
      57
      59
      64
      63
      54
      60
      70
      46
      61
      70
      63
      46
      49
      74
      48
      62
      55
      47
      52
      65
      52
      61
      69
      62
      49
      62
      53
      50
      72
      43
      57
      56
      48
      55
      48
      56
      44
      61
      60
      48
      47
      66
      66
      64
      48
      63
      52
      54
      59
      78
      39
      55
      66
      50
      56
      52
      51
      59
      64
      54
      50
      52
      48
      64
      63
      53
      51
      60
      62
      51
      58
      48
      63
      50
      59
      53
      54
      58
      57
      72
      56
      53
      54
      47
      33
      75
      57
      51
      49
      42
      41
      60
      54
      60
      39
      47
      47
      49
      50
      52
      57
      49
      55
      58
      60
      58
      44
      53
      40
      55
      54
      53
      58
      46
      50
      56
      49
      53
      57
      59
      53
      57
      53
      44
      60
      68
      63
      35
      51
      46
      41
      45
      50
      55
      50
      39
      45
      41
      50
      69
      48
      52
      45
      55
      55
      53
      40
      51
      63
      40
      40
      52
      62
      53
      59
      50
      49
      47
      47
      43
      51
      53
      51
      51
      63
      49
      56
      40
      40
      41
      44
      49
      42
      59
      59
      59
      52
      44
      44
      46
      56
      34
      55
      56
      46
      47
      41
      56
      41
      57
      65
      49
      38
      65
      52
      48
      46
      46
      51
      64
      59
      53
      40
      43
      53
      51
      44
      54
      52
      55
      55
      45
      63
      67
      47
      47
      47
      50
      52
      49
      61
      40
      45
      53
      48
      51
      33
      53
      38
      59
      44
      38
      56
      61
      47
      48
      53
      54
      59
      59
      42
      51
      50
      41
      43
      49
      50
      48
      38
      35
      44
      51
      53
      60
      35
      65
      44
      45
      49
      45
      48
      62
      52
      44
      49
      54
      52
      54
      48
      46
      44
      52
      56
      51
      49
      62
      49
      52
      50
      55
      57
      45
      34
      41
      49
      38
      51
      54
      37
      51
      44
      52
      42
      53
      52
      41
      57
      43
      50
      46
      53
      53
      48
      47
      36
      45
      49
      33
      49
      40
      38
      47
      33
      49
      57
      39
      46
      48
      42
      37
      40
      35
      40
      55
      48
      38
      51
      37
      49
      44
      38
      53
      45
      38
      56
      52
      46
      44
      44
      40
      36
      45
      48
      50
      49
      33
      36
      46
      45
      45
      44
      49
      48
      39
      51
      53
      43
      34
      50
      35
      46
      39
      52
      39
      45
      49
      53
      36
      42
      42
      42
      38
      52
      52
      50
      58
      40
      58
      46
      51
      48
      45
      42
      52
      50
      41
      45
      41
      48
      49
      36
      49
      58
      63
      45
      50
      46
      44
      48
      39
      52
      34
      43
      46
      37
      50
      39
      45
      41
      50
      47
      38
      41
      30
      48
      38
      46
      54
      37
      46
      41
      51
      43
      37
      33
      44
      48
      43
      50
      43
      43
      43
      39
      32
      43
      43
      54
      38
      49
      34
      51
      57
      41
      48
      36
      42
      55
      56
      45
      40
      31
      36
      45
      46
      52
      38
      48
      33
      45
      56
      58
      42
      27
      48
      56
      52
      35
      47
      44
      55
      38
      45
      43
      38
      48
      47
      38
      35
      36
      37
      48
      41
      39
      44
      47
      40
      50
      53
      47
      42
      37
      46
      41
      50
      47
      33
      42
      54
      41
      31
      51
      42
      40
      43
      48
      37
      42
      44
      42
      41
      32
      37
      47
      37
      42
      46
      37
      37
      40
      52
      49
      47
      43
      50
      43
      32
      37
      49
      43
      40
      41
      53
      40
      43
      47
      47
      41
      45
      49
      44
      46
      51
      40
      33
      47
      46
      42
      34
      44
      38
      49
      34
      46
      44
      50
      39
      46
      47
      44
      39
      33
      33
      52
      50
      35
      37
      30
      46
      46
      42
      41
      44
      45
      36
      51
      31
      39
      40
      49
      44
      39
      42
      46
      49
      46
      42
      41
      42
      41
      35
      44
      51
      32
      60
      34
      42
      42
      36
      36
      36
      40
      39
      43
      39
      28
      34
      38
      38
      48
      46
      44
      43
      29
      40
      32
      47
      41
      40
      46
      38
      35
      46
      41
      40
      42
      46
      37
      46
      41
      34
      42
      45
      38
      41
      49
      47
      40
      47
      40
      39
      37
      43
      46
      42
      41
      48
      49
      28
      37
      41
      61
      30
      46
      32
      38
      37
      48
      42
      41
      23
      52
      42
      38
      44
      33
      36
      37
      46
      48
      32
      43
      36
      41
      30
      41
      43
      55
      44
      29
      41
      40
      52
      39
      44
      37
      29
      32
      34
      36
      41
      42
      43
      37
      48
      52
      29
      39
      47
      47
      40
      37
      32
      40
      29
      41
      42
      35
      41
      43
      43
      34
      42
      36
      42
      39
      32
      44
      51
      34
      41
      44
      47
      34
      40
      41
      30
      38
      26
      51
      39
      34
      45
      56
      32
      41
      34
      36
      28
      36
      48
      38
      36
      36
      39
      29
      40
      48
      38
      35
      33
      42
      46
      46
      44
      44
      52
      35
      28
      52
      36
      37
      35
      38
      36
      39
      36
      45
      42
      45
      39
      39
      48
      31
      43
      39
      38
      35
      35
      34
      36
      47
      56
      37
      35
      45
      38
      26
      42
      41
      38
      45
      33
      28
      28
      32
      34
      35
      55
      36
      26
      37
      44
      39
      37
      32
      34
      29
      33
      52
      36
      35
      36
      36
      35
      30
      27
      37
      37
      46
      38
      33
      35
      49
      41
      41
      41
      44
      46
      35
      39
      51
      40
      33
      42
      38
      43
      33
      35
      39
      29
      35
      35
      44
      45
      45
      45
      39
      37
      37
      33
      37
      29
      33
      39
      39
      39
      32
      36
      42
      34
      39
      32
      45
      47
      36
      32
      37
      37
      41
      39
      43
      39
      35
      29
      41
      26
      34
      34
      33
      44
      32
      42
      34
      34
      34
      38
      28
      32
      34
      39
      32
      40
      34
      27
      50
      38
      50
      47
      40
      38
      34
      30
      41
      37
      40
      35
      22
      42
      42
      40
      35
      42
      32
      29
      27
      38
      36
      48
      44
      32
      42
      43
      38
      42
      27
      41
      29
      25
      42
      33
      39
      44
      31
      22
      39
      35
      41
      48
      30
      46
      37
      29
      38
      43
      48
      38
      47
      35
      30
      29
      42
      44
      47
      25
      32
      36
      38
      42
      38
      34
      32
      40
      44
      22
      46
      40
      21
      26
      29
      41
      38
      30
      39
      44
      40
      36
      39
      37
      35
      35
      42
      28
      35
      39
      38
      32
      26
      34
      39
      34
      30
      39
      35
      40
      25
      34
      34
      29
      30
      25
      36
      38
      42
      35
      43
      39
      35
      30
      28
      31
      35
      41
      30
      24
      41
      33
      37
      28
      35
      40
      28
      36
      37
      40
      31
      33
      30
      30
      39
      35
      34
      36
      32
      25
      36
      27
      32
      22
      37
      41
      33
      37
      23
      38
      37
      34
      31
      27
      38
      35
      35
      45
      28
      33
      33
      42
      40
      30
      44
      37
      36
      28
      34
      45
      28
      32
      33
      35
      27
      23
      38
      28
      39
      24
      33
      33
      38
      25
      37
      35
      36
      36
      29
      37
      29
      39
      47
      28
      29
      42
      33
      37
      39
      33
      26
      26
      52
      34
      34
      37
      39
      41
      26
      25
      32
      46
      27
      29
      38
      32
      35
      31
      30
      36
      24
      37
      33
      43
      39
      38
      27
      30
      21
      35
      25
      26
      32
      40
      29
      26
      24
      24
      24
      36
      40
      32
      20
      26
      27
      41
      19
      29
      29
      28
      35
      29
      30
      28
      24
      26
      19
      33
      42
      33
      36
      49
      25
      28
      33
      33
      31
      34
      29
      28
      29
      25
      30
      34
      25
      30
      30
      35
      34
      31
      26
      35
      39
      31
      40
      25
      26
      28
      27
      26
      24
      30
      25
      25
      31
      25
      38
      28
      22
      35
      29
      38
      35
      18
      30
      31
      27
      35
      32
      27
      29
      24
      35
      19
      35
      25
      32
      33
      30
      35
      35
      29
      34
      39
      27
      25
      32
      26
      39
      28
      25
      34
      27
      25
      17
      21
      23
      39
      24
      35
      35
      31
      31
      24
      25
      25
      27
      25
      26
      32
      30
      21
      28
      27
      38
      32
      36
      32
      30
      31
      24
      23
      19
      26
      31
      26
      30
      27
      28
      27
      31
      23
      21
      19
      37
      31
      26
      30
      38
      24
      22
      31
      29
      27
      32
      21
      22
      29
      31
      21
      30
      30
      29
      30
      27
      23
      15
      29
      21
      24
      31
      16
      29
      25
      32
      31
      23
      36
      27
      25
      23
      22
      27
      28
      21
      34
      24
      33
      26
      28
      27
      20
      34
      24
      21
      36
      23
      23
      42
      24
      24
      29
      32
      28
      25
      28
      29
      25
      26
      24
      32
      24
      26
      33
      34
      22
      28
      20
      29
      32
      26
      27
      30
      20
      20
      29
      26
      26
      20
      24
      24
      23
      25
      28
      27
      26
      27
      30
      35
      24
      31
      24
      26
      20
      18
      27
      23
      17
      32
      31
      23
      25
      25
      22
      37
      32
      27
      23
      21
      20
      18
      18
      27
      34
      23
      29
      44
      35
      28
      22
      28
      17
      23
      31
      28
      32
      24
      37
      31
      31
      36
      30
      35
      26
      26
      34
      16
      23
      27
      27
      34
      25
      33
      22
      27
      25
      18
      26
      31
      32
      25
      25
      22
      27
      34
      20
      19
      20
      19
      35
      28
      34
      21
      28
      31
      21
      26
      19
      25
      21
      26
      38
      26
      26
      18
      27
      33
      23
      22
      32
      21
      25
      25
      41
      24
      26
      21
      26
      21
      32
      25
      32
      26
      24
      16
      39
      24
      22
      27
      24
      30
      23
      30
      23
      33
      20
      26
      31
      24
      28
      20
      30
      26
      30
      34
      19
      28
      26
      21
      25
      26
      23
      26
      29
      20
      26
      29
      26
      21
      17
      20
      19
      29
      23
      37
      24
      31
      29
      17
      25
      23
      30
      24
      40
      34
      34
      31
      34
      18
      21
      25
      16
      19
      27
      26
      22
      25
      20
      32
      25
      27
      19
      28
      20
      27
      25
      28
      27
      26
      23
      28
      30
      27
      26
      31
      19
      27
      18
      24
      23
      24
      28
      14
      16
      21
      19
      26
      23
      21
      24
      15
      20
      26
      24
      22
      22
      25
      19
      17
      16
      22
      20
      21
      25
      21
      18
      14
      19
      24
      18
      16
      22
      18
      17
      21
      13
      25
      13
      12
      19
      21
      14
      21
      17
      24
      17
      14
      18
       9
      24
      19
      22
      12
      24
      16
      16
      16
      12
      17
      12
      22
      13
      11
      24
      19
      15
      19
      18
       8
      14
      14
      18
      14
      13
      12
      20
      20
      19
      16
      11
      19
      19
      13
      14
      14
       9
      17
      15
      23
      12
      21
      22
      20
      18
      20
      21
      18
      14
      23
      12
      18
      10
      12
      16
      14
      14
      18
      21
      18
       9
      17
      12
      18
      23
      14
      20
      17
      10
      18
      14
      13
      15
      12
      14
      16
      18
      19
      18
      20
      14
      18
      18
      14
      20
      16
      13
       6
      14
      11
      14
      17
      12
      13
      17
      13
      14
      10
      12
      16
      12
      15
      16
      15
       7
       8
      12
      13
       9
      11
      10
       8
      15
      13
      17
      17
      17
      10
       9
       6
      14
       9
      13
       6
      15
      15
       9
      12
      12
      16
       9
       7
      14
      15
       6
       4
       5
       8
       7
      11
       7
       8
      12
       9
      10
      10
      15
      11
       9
       7
      14
       9
      11
      13
      12
       6
       6
      10
      11
       9
      10
      13
      10
      11
       9
       6
      13
      14
      10
      11
       7
       8
      12
       5
      12
       8
      11
       6
       9
       7
       9
      10
      12
       6
       8
       8
       3
      12
       1
       8
       8
       8
       8
      10
      16
       8
       4
       4
       7
      12
       7
       6
       8
       4
      11
       9
       7
       6
      10
       8
       6
      12
       7
      10
       3
       5
       8
       7
       8
       4
      11
       7
       9
       9
       4
      11
       8
       4
      10
       4
       7
       7
       8
       3
       6
       8
       7
       5
       5
      15
      11
       6
       9
       8
      10
      10
      13
       4
       8
      11
       6
       5
       8
       9
       8
       2
       7
       9
       4
      12
       5
       3
       6
      11
      12
       9
       6
       8
       6
       4
       7
      12
       6
       6
       3
       9
      10
       6
       7
       5
       5
       3
       7
       8
       8
       6
       7
       5
       5
       9
       3
       4
       6
       5
       9
      10
       7
       8
       4
      11
       8
       8
      10
       4
       7
       6
       7
      11
       5
       7
       3
       7
      10
       9
       7
       3
       5
       7
       8
       6
       7
       7
       8
       4
      10
       5
      10
      10
       8
      11
       6
       8
       9
       9
       4
       5
       9
       9
       8
       7
       5
      11
       5
       9
      11
       4
      11
       8
      12
      16
       5
       5
      13
       9
      11
      14
       5
       9
       8
      11
       9
      13
      13
      12
      11
      14
      10
       9
      11
      11
      20
      13
       7
      14
      13
      14
      15
      16
      19
      16
      20
      26
      19
      16
      22
      22
      20
      18
      18
      21
      26
      30
      30
      33
      32
      25
      31
      30
      24
      34
      35
      28
      24
      34
      33
      25
      38
      33
      38
      38
      33
      40
      33
      29
      43
      34
      30
      28
      32
      26
      37
      28
      25
      27
      17
      22
      28
      27
      18
      16
      20
      18
      16
      11
      12
      13
       6
       7
       9
       7
       5
       5
       6
       5
       4
       2
       4
       0
       4
       3
       0
       0
       1
       5
       4
       2
       3
       2
       4
       3
       2
       2
       1
       1
       0
       1
       3
       4
       0
       1
       0
       1
       0
       3
       1
       4
       2
       2
       5
       7
       1
       2
       3
       4
       2
       2
       3
       2
       3
       4
       0
       3
       4
       7
       2
       0
       2
       2
       3
       0
       0
       1
       1
       2
       2
       3
       0
       3
       1
       3
       1
       0
       2
       2
       4
       4
       3
       0
       2
       1
       0
       1
       6
       4
       0
       1
       3
       5
       1
       1
       3
       0
       5
       3
       2
       5
       0
       2
       2
       0
       1
       0
       1
       2
       2
       3
       0
       1
       1
       2
       2
       4
       2
       1
       0
       1
       1
       4
       2
       3
       2
       0
       1
       2
       1
       2
       1
       0
       1
       3
       1
       3
       2
       4
       2
       4
       1
       1
       2
       0
       1
       0
       1
       1
       2
       0
       3
       4
       0
       3
       2
       0
       0
       3
       2
       3
       1
       0
       1
       2
       2
       1
       0
       1
       1
       3
       2
       2
       2
       3
       1
       1
       2
       7
       4
       2
       2
       0
       2
       4
       2
       3
       2
       3
       0
       1
       2
       2
       3
       2
       3
       1
       5
       2
       0
       2
       0
       0
       2
       2
       4
       0
       1
       4
       1
       2
       3
       5
       1
       2
       1
       2
       1
       5
       2
       1
       3
       1
       3
       0
       1
       2
       2
       1
       1
       4
       1
       1
       2
       2
       4
       4
       1
       1
       0
       1
       2
       2
       0
       1
       2
       4
       3
       4
       4
       1
       1
       2
       0
       3
       1
       4
       1
       3
       1
       2
       1
       2
       2
       2
       2
       1
       1
       3
       1
       2
       6
       1
       7
       0
       1
       3
       5
       1
       1
       3
       2
       5
       7
       8
       6
       2
       6
       3
       1
       5
       1
       1
       2
       3
       7
       4
       1
       1
       5
       3
       4
       3
       0
       3
       7
       4
       9
       4
       5
       4
       0
       2
       1
       6
       1
       1
       2
       2
       2
       0
       2
       1
       4
       3
       1
       4
       1
       1
       4
       2
       0
       0
       1
       1
       0
       2
       2
       0
       0
       0
       0
       0
       1
       0
       1
       0
       1
       1
       1
       0
       0
       1
       0
       0
       1
       0
       1
       2
       2
       0
       1
       1
       0
       2
       1
       1
       0
       1
       0
       2
       0
       0
       0
       0
       0
       0
       0
       0
       1
       0
       0
       1
       0
       1
       1
       1
       1
       0
       1
       0
       1
       1
       0
       0
       1
       1
       1
       0
       0
       2
       0
       0
       1
       0
       1
       2
       1
       0
       0
       0
       1
       0
       0
       1
       0
       0
       0
       1
       1
       0
       0
       1
       0
       1
       0
       1
       0
       1
       2
       1
       1
       0
       1
       0
       1
       0
       0
       1
       0
       2
       1
       1
       0
       0
       2
       0
       1
       0
       0
       0
       0
       3
       3
       0
       2
       1
       2
       1
       1
       0
       1
       0
       1
       1
       0
       1
       1
       1
       0
       0
       0
       1
       1
       0
       1
       1
       0
       0
       1
       1
       0
       1
       1
       0
       0
       0
       0
       2
       1
       0
       1
       0
       0
       0
       0
       2
       1
       1
       0
       0
       0
       1
       1
       0
       0
       1
       0
       0
       1
       0
       3
       1
       0
       0
       1
       1
       1
       2
       0
       1
       0
       1
       2
       0
       1
       0
       0
       1
       0
       2
       1
       0
       2
       0
       0
       2
       0
       1
       0
       0
       1
       1
       0
       1
       2
       0
       0
       1
       1
       0
       0
       0
       0
       1
       0
       0
       1
       1
       0
       0
       1
       1
       0
       0
       2
       3
       1
       2
       3
       0
       0
       0
       0
       2
       1
       0
       2
       0
       0
       0
       0
       1
       1
       2
       0
       0
       1
       1
       0
       2
       0
       0
       1
       2
       1
       0
       0
       0
       0
       1
       1
       0
       0
       0
       0
       0
       0
       0
       0
       0
       0
       0
       0
       1
       1
       0
       1
       0
       0
       1
       2
       0
       0
       1
       0
       1
       1
       0
       1
       1
       1
       2
       0
       3
       0
       1
       1
       0
       2
       2
       2
       2
       0
       1
       0
       0
       2
       1
       1
       3
       1
       1
       2
       3
       0
       1
       0
       1
       3
       0
       0
       0
       0
       0
       0
       1
       1
       1
       0
       1
       1
       1
       1
       1
       0
       0
       2
       0
       1
       0
       0
       0
       0
       1
       0
       0
       0
       2
       0
       0
       0
       0
       0
       0
       1
       1
       1
       2
       0
       0
       0
       0
       0
       1
       0
       1
       0
       0
       1
       0
       1
       0
       0
       2
       0
       1
       0
       1
       1
       1
       0
       0
       0
       0
       2
       1
       0
       1
       1
       0
       1
       0
       0
       2
       0
       0
       2
       0
       0
       2
       0
       2
       0
       0
       1
       0
       0
       0
       0
       2
       0
       0
       0
       0
       0
       0
       0
       0
       0
       0
       0
       0
       1
       2
       0
       2
       0
       1
       1
       0
       1
       1
       1
       2
       0
       0
       1
       0
       0
       0
       0
       0
       0
       0
       0
       3
       0
       0
       0
       0
       1
       0
       0
       0
       0
       0
       1
       1
       2
       0
       2
       0
       0
       0
       0
       2
       0
       0
       0
       0
       1
       0
       0
       0
       0
       2
       0
       0
       0
       1
       0
       1
       0
       0
       1
       0
       0
       0
       0
       1
       0
       0
       1
       1
       0
       0
       0
       0
       1
       0
       0
       0
       0
       0
       2
       1
       0
       0
       0
       1
       0
       0
       0
       1
       2
       0
       0
       0
       0
       1
       0
       1
       2
       1
       0
       1
       0
       0
       0
       1
       0
       0
       1
       1
       0
       1
       0
       0
       1
       0
       0
       0
       0
       0
       0
       0
       0
       1
       0
       2
       0
       0
       1
       0
       0
       0
       0
       0
       0
       0
       0
       2
       0
       1
       0
       0
       1
       1
       0
       2
       1
       0
       0
       0
       0
       1
       0
       1
       1
       0
       0
       0
       0
       0
       1
       1
       1
       0
       0
       0
       0
       1
       0
       0
       1
       0
       0
       0
       0
       0
       0
       0
       1
       0
       0
       1
       0
       1
       0
       0
       0
       1
       0
       0
       1
       1
       0
       1
       1
       0
       0
       0
       1
       2
       1
       0
       0
       1
       0
       1
       0
       1
       1
       0
       0
       1
       0
       1
       0
       0
       0
       0
       0
       1
       0
       0
       0
       1
       1
       0
       0
       1
       0
       0
       1
       0
       0
       0
       1
       1
       0
       0
       0
       0
       0
       2
       1
       0
       1
       1
       1
       0
       0
       0
       0
       1
       0
       1
       0
       1
       0
       0
       2
       0
       0
       0
       3
       1
       0
       1
       0
       0
       0
       0
       0
       0
       0
       1
       0
       1
       3
       0
       0
       0
       0
       0
       1
       1
       1
       0
       0
       1
       1
       1
       1
       0
       0
       1
       0
       0
       0
       0
       0
       1
       0
       0
       0
       0
       0
       1
       0
       1
       0
       0
       0
       2
       0
       0
       0
       1
       0
       2
       1
       1
       0
       0
       0
       0
       1
       0
       0
       0
       1
       0
       0
       0
       1
       0
       0
       1
       0
       1
       0
       1
       0
       0
       0
       0
       0
       1
       0
       1
       0
       0
       0
       1
       0
       0
       2
       0
       1
       0
       3
       2
       1
       0
       0
       1
       0
       1
       1
       0
       0
       1
       0
       0
       0
       0
       0
       0
       0
       0
       0
       0
       0
       0
       0
       1
       0
       1
       0
       1
       0
       0
       0
       0
       0
       1
       1
       1
       1
       0
       0
       1
       0
       0
       0
       0
       1
       1
       0
       1
       0
       0
       0
       1
       0
       1
       0
       0
       1
       0
       0
       1
       0
       0
       1
       1
       0
       1
       1
       0
       1
       0
       0
       0
       0
       0
       0
       1
       0
       0
       0
       0
       1
       0
       0
       1
       2
       0
       0
       0
       0
       0
       0
       0
       0
       0
       1
       0
       0
       0
       0
       1
       0
       0
       0
       0
       0
       0
       0
       0
       0
       0
       0
       1
       0
       0
       0
       1
       0
       1
       0
       0
       0
       0
       0
       0
       0
       0
       0
       0
       2
       0
       0
       0
       1
       0
       0
       0
       0
       0
       2
       0
       0
       0
       0
       0
       0
       0
       1
       0
       1
       0
       1
       1
       0
       0
       0
       1
       0
       0
       0
       0
       0
       0
       0
       0
       0
       0
       0
       0
       1
       0
       0
       0
       3
       0
       0
       0
       0
       0
       0
       0
       1
       0
       0
       0
       0
       0
       0
       1
       1
       0
       0
       0
       0
       0
       0
       0
       1
       0
       0
       0
       0
       0
       0
       0
       0
       1
       0
       0
       0
       0
       0
       0
       0
       0
       0
       0
       0
       0
       0
       0
       1
       1
       1
       0
       0
       0
       0
       0
       0
       0
       1
       0
       1
       0
       0
       0
       0
       0
       0
       0
       1
       0
       1
       0
       0
       0
       0
       0
       0
       0
       0
       0
       1
       0
       0
       0
       1
       0
       1
       0
       0
       1
       0
       0
       0
       0
       0
       1
       0
       1
       0
       0
       1
       0
       1
       0
       0
       0
       0
       1
       1
       1
       1
       0
       0
       0
       1
       0
       1
       0
       0
       0
       0
       0
       0
       0
       0
       2
       0
       0
       0
       0
       0
       0
       0
       0
       1
       0
       0
       0
       0
       0
       0
       0
       0
       0
       0
       0
       1
       1
       0
       0
       0
       0
       2
       0
       1
       1
       0
       0
       0
       0
       0
       1
       0
       0
       0
       0
       0
       0
       0
       0
       1
       0
       1
       0
       0
       0
       0
       0
       0
       0
       1
       0
       0
       0
       1
       0
       0
       0
       1
       0
       0
       0
       0
       0
       0
       0
       0
       0
       1
       0
       0
       0
       0
       1
       0
       0
       0
       0
       0
       0
       0
       0
       0
       0
       0
       0
       1
       0
       1
       0
       0
       1
       0
       0
       1
       1
       0
       0
       0
       0
       1
       0
       0
       0
       0
       0
       0
       0
       0
       0
       0
       0
       0
       1
       0
       0
       0
       1
       0
       1
       1
       0
       0
       0
       1
       0
       0
       0
       1
       0
       1
       0
       0
       0
       0
       0
       0
       0
       0
       1
       1
       0
       0
       0
       0
       0
       0
       1
       1
       0
       1
       0
       0
       0
       1
       0
       0
       0
       0
       0
       0
       0
       0
       0
       0
       0
       1
       0
       0
       0
       1
       0
       0
       1
       0
       0
       0
       0
       0
       0
       0
       0
       0
       0
       0
       0
       1
       0
       0
       0
       0
       0
       1
       0
       0
       0
       0
       0
       0
       0
       0
       0
       0
       0
       0
       0
       0
       0
       0
       0
       0
       0
       0
       0
       0
       1
       0
       0
       2
       0
       0
       0
       0
       0
       0
       0
       0
       0
       0
       1
       0
       0
       1
       1
       0
       1
       0
       0
       0
       1
       1
       0
       1
       0
       0
       0
       0
       1
       0
       0
       0
       0
       0
       0
       0
       0
       0
       0
       1
       0
       0
       0
       0
       0
       0
       0
       1
       0
       0
       0
       0
       0
       0
       1
       0
       0
       0
       0
       0
       0
       0
       0
       1
       0
       0
       1
       0
       1
       1
       0
       0
       0
       0
       0
       0
       0
       0
       0
       0
       0
       0
       0
       0
       0
       0
       0
       0
       1
       0
       0
       0
       0
       0
       0
       1
       0
       0
       0
       0
       0
       0
       0
       0
       0
       0
       0
       0
       0
       1
       0
       1
       0
       0
       0
       0
       0
       0
       0
       0
       0
       0
       0
       0
       0
       0
       1
       0
       0
       1
       1
       0
       0
       0
       0
       0
       0
       0
       0
       0
       0
       0
       0
       0
       0
       0
       1
       1
       0
       0
       0
       0
       0
       0
       1
       0
       0
       0
       0
       0
       1
       0
       0
       0
       0
       0
       0
       0
       0
       0
       0
       0
       0
       0
       0
       0
       0
       0
       0
       1
       1
       0
       0
       0
       0
       0
       1
       0
       0
       0
       0
       1
       0
       0
       1
       0
       1
       0
       0
       0
       0
       0
       1
       0
       0
       0
       0
       0
       0
       1
       0
       0
       0
       0
       0
       0
       0
       1
       0
       0
       0
       0
       0
       0
       0
       0
       0
       0
       0
       0
       0
       0
       0
       0
       0
       0
       1
       0
       1
       0
       2
       0
       0
       0
       1
       0
       0
       0
       0
       1
       2
       0
       0
       0
       0
       0
       0
       0
       0
       0
       0
       0
       1
       0
       0
       0
       0
       1
       1
       0
       1
       0
       0
       0
       1
       0
       0
       0
       0
       0
       0
       1
       1
       0
       0
       0
       0
       0
       0
       0
       0
       0
       0
       0
       0
       0
       0
       1
       0
       0
       0
       0
       1
       0
       1
       0
       1
       1
       0
       0
       0
       0
       0
       0
       0
       0
       0
       0
       0
       0
       0
       0
       0
       0
       0
       0
       0
       0
       0
       0
       0
       0
       0
       0
       0
       0
       0
       0
       0
       0
       0
       0
       0
       0
       0
       0
       0
       0
       0
       1
       1
       0
       0
       0
       0
       0
       0
       0
       0
       0
       0
       0
       0
       0
       0
       0
       0
       0
       0
       0
       0
       0
       0
       0
       0
       0
       0
       0
       0
       0
       0
       0
       0
       1
       0
       0
       0
       0
       0
       0
       0
       0
       0
       0
       0
       0
       0
       0
       0
       0
       0
       0
       0
       0
       0
       0
       0
       0
       0
       0
       0
       0
       0
       0
       0
       0
       0
       0
       0
       0
       0
       0
       0
       0
       0
       0
       0
       0
       0
       1
       0
       0
       0
       0
       0
       0
       0
       0
       0
       0
       0
       0
       0
       0
       0
       0
       0
       0
       0
       0
       0
       0
       0
       0
       0
       0
       0
       0
       0
       0
       0
       1
       0
       0
       0
       0
       0
       0
       0
       0
       0
       0
       0
       0
       0
       0
       0
       0
       0
       0
       0
       0
       0
       0
       0
       0
       0
       0
       0
       0
       1
       0
       0
       0
       0
       0
       0
       1
       0
       0
       0
       0
       0
       0
       0
       0
       0
       0
       1
       0
       1
       0
       0
       0
       0
       0
       0
       0
       0
       0
       0
       0
       0
       0
       0
       0
       0
       0
       0
       1
       0
       0
       0
       1
       0
       0
       0
       0
       0
       0
       0
       0
       0
       0
       0
       1
       0
       0
       0
       0
       0
       0
       0
       0
       0
       0
       0
       0
       0
       0
       0
       0
       0
       0
       1
       0
       0
       0
       0
       0
       0
       0
       0
       0
       0
       0
       0
       0
       0
       0
       0
       1
       0
       0
       0
       0
       0
       0
       0
       0
       0
       0
       0
       0
       0
       0
       0
       0
       0
       0
       0
       0
       1
       0
       0
       0
       0
       0
       0
       0
       0
       0
       0
       0
       0
       0
       0
       0
       0
       0
       0
       0
       0
       0
       0
       0
       0
       0
       0
       0
       0
       0
       0
       0
       0
       0
       0
       0
       0
       0
       0
       0
       0
       0
       0
       0
       0
       0
       0
       0
       0
       0
       0
       0
       0
       0
       0
       0
       0
       0
       0
       0
       0
       0
       0
       0
       0
       0
       0
       0
       0
       0
       0
       0
       0
       0
       0
       0
       0
       0
       0
       0
       0
       1
       0
       0
       0
       0
       0
       0
       0
       0
       0
       0
       0
       1
       0
       0
       0
       0
       0
       0
       0
       0
       0
       0
       0
       0
       0
       0
       0
       0
       0
       0
       0
       0
       0
       0
       0
       0
       0
       0
       0
       0
       0
       0
       0
       0
       0
       0
       0
       1
       0
       0
       0
       0
       0
       0
       0
       0
       0
       0
       0
       0
       0
       0
       0
       0
       0
       0
       0
       0
       0
       0
       0
       0
       0
       1
       0
       0
       0
       0
       0
       0
       0
       0
       0
       0
       0
       0
       0
       0
       0
       0
       0
       0
       0
       0
       0
       1
       0
       0
       0
       0
       0
       0
       0
       0
       0
       0
       0
       0
       0
       0
       0
       0
       0
       0
       0
       1
       0
       0
       0
       0
       0
       0
       0
       0
       0
       0
       0
       0
       0
       0
       0
       0
       0
       0
       1
       0
       0
       0
       0
       0
       0
       0
       0
       0
       0
       0
       0
       0
       0
       0
       0
       0
       0
       0
       0
       0
       0
       0
       0
       0
       0
       0
       0
       0
       0
       0
       0
       0
       0
       0
       0
       0
       0
       0
       0
       0
       0
       0
       0
       0
       0
       0
       0
       0
       0
       0
       0
       1
       0
       0
       0
       1
       0
       0
       0
       0
       0
       0
       0
       0
       0
       0
       0
       0
       0
       0
       0
       0
       0
       0
       0
       0
       0
       0
       0
       0
       0
       0
       0
       0
       0
       0
       0
       0
       0
       0
       0
       0
       0
       0
       0
       1
       0
       0
       0
       1
       0
       0
       0
       0
       0
       0
       0
       0
       0
       0
       0
       0
       0
       0
       0
       0
       0
       0
       0
       0
       0
       0
       0
       0
       0
       0
       0
       0
       0
       0
       0
       0
       0
       0
       0
       1
       0
       0
       0
       0
       0
       0
       0
       0
       0
       0
       0
       0
       0
       0
       0
       0
       0
       0
       0
       0
       0
       0
       0
       0
       0
       1
       0
       0
       0
       0
       0
       0
       0
       0
       0
       0
       0
       0
       0
       0
       0
       0
       0
       0
       0
       0
       0
       0
       0
       0
       0
       0
       0
       0
       0
       0
       0
       0
       0
       0
       1
       0
       0
       0
       0
       0
       0
       0
       0
       0
       0
       0
       0
       1
       0
       0
       0
       0
       0
       0
       0
       0
       0
       0
       0
       0
       0
       0
       0
       0
       0
       0
       0
       0
       0
       0
       0
       0
       0
       0
       0
       0
       0
       0
       0
       0
       0
       0
       0
       0
       0
       0
       0
       0
       0
       0
       0
       0
       0
       0
       0
       0
       0
       0
       0
       0
       0
       0
       0
       0
       0
       0
       0
       0
       0
       0
       0
       0
       0
       0
       0
       0
       0
       0
       0
       0
       0
       0
       0
       0
       0
       0
       0
       0
       0
       0
       0
       0
       0
       0
       0
       0
       0
       0
       0
       0
       0
       0
       0
       0
       0
       0
       0
       0
       0
       0
       0
       0
       0
       0
       0
       0
       0
       0
       0
       0
       0
       0
       0
       0
       0
       0
       0
       0
       0
       0
       0
       0
       0
       0
       0
       0
       0
       0
       0
       0
       0
       0
       0
       0
       0
       0
       0
       0
       0
       0
       0
       0
       0
       0
       1
       1
       0
       2
       0
       1
       0
       0
       2
       0
       1
       0
       0
       1
       1
       1
       0
       2
       0
       0
       0
       3
       1
       1
       1
       0
       2
       1
       0
       1
       0
       1
       1
       0
       0
       0
       0
       1
       1
       1
       0
       1
       1
       0
       3
       1
       0
       0
       0
       0
       0
       0
       1
       0
       1
       0
       1
       1
       0
       0
       2
       1
       0
       1
       2
       2
       0
       1
       1
       0
       0
       0
       2
       2
       1
       0
       0
       1
       1
       1
       0
       0
       1
       0
       0
       1
       1
       0
       0
       1
       0
       1
       1
       1
       1
       0
       1
       2
       1
       0
       3
       0
       0
       0
       2
       1
       0
       3
       0
       4
       2
       0
       1
       1
       0
       0
       0
       0
       1
       1
       0
       1
       0
       1
       1
       1
       0
       0
       0
       1
       1
       0
       0
       1
       0
       0
       1
       1
       1
       1
       1
       1
       0
       1
       1
       1
       0
       1
       1
       0
       1
       0
       1
       1
       1
       0
       0
       0
       0
       0
       0
       1
       0
       0
       0
       0
       2
       0
       0
       0
       0
       0
       0
       0
       0
       0
       1
       0
       0
       2
       0
       0
       2
       0
       0
$ROI:
4
349 399
960 988
992 1050
1491 1501
$PRESETS:
None
0
0
$ENER_FIT:
0.000000 0.488274
$MCA_CAL:
3
0.000000E+000 4.882741E-001 0.000000E+000 keV
$SHAPE_CAL:
3
0.000000E+000 0.000000E+000 0.000000E+000
