$SPEC_ID:
No sample description was entered.
$SPEC_REM:
DET# 1
DETDESC# DLAB-PHY-L3-49 926 Right
AP# Maestro Version 7.01
$DATE_MEA:
10/18/2024 15:15:37
$MEAS_TIM:
203 302
$DATA:
0 8191
       0
       2
       3
       1
       3
       3
       0
       1
       1
       2
       2
       2
       0
       1
       4
       0
       2
       4
       6
       4
       7
       4
       2
       4
       6
       8
      13
      31
     101
     202
     360
     527
     799
    1054
    1235
    1595
    2018
    2423
    2736
    3189
    3517
    3792
    4063
    4251
    4455
    4495
    4485
    4434
    4542
    4473
    4359
    4393
    4299
    4391
    4405
    4334
    4393
    4251
    4284
    4392
    4228
    4364
    4340
    4280
    4238
    4287
    4313
    4062
    4217
    4148
    4373
    4038
    4035
    4099
    4190
    4158
    4092
    4161
    4067
    3990
    3952
    4253
    4246
    4102
    4057
    4144
    4106
    4030
    4174
    4091
    4196
    4072
    3966
    4122
    4079
    4193
    4042
    4153
    4194
    4273
    4187
    4180
    4390
    4362
    4619
    4688
    4785
    5017
    4948
    5224
    5386
    5461
    5477
    5523
    5442
    5383
    5282
    5178
    4972
    4889
    4659
    4540
    4461
    4310
    4384
    4302
    4410
    4177
    4285
    4328
    4480
    4665
    4611
    4643
    4675
    4725
    4701
    4729
    4555
    4526
    4318
    4366
    4359
    4160
    4134
    4026
    4017
    3936
    3811
    3898
    3911
    3880
    3817
    3667
    3918
    3746
    3809
    3868
    3746
    3742
    3844
    3675
    3758
    3845
    3781
    3653
    3836
    3714
    3792
    3766
    3773
    3769
    3663
    3723
    3625
    3594
    3678
    3835
    3747
    3566
    3669
    3636
    3707
    3653
    3633
    3602
    3748
    3746
    3663
    3713
    3645
    3682
    3619
    3672
    3678
    3703
    3684
    3781
    3612
    3705
    3750
    3659
    3623
    3724
    3714
    3717
    3645
    3682
    3553
    3580
    3686
    3671
    3589
    3693
    3708
    3582
    3614
    3689
    3723
    3717
    3607
    3757
    3759
    3674
    3623
    3706
    3690
    3629
    3652
    3546
    3734
    3700
    3700
    3770
    3678
    3699
    3620
    3684
    3721
    3718
    3643
    3690
    3772
    3712
    3760
    3669
    3616
    3650
    3615
    3741
    3702
    3661
    3816
    3752
    3702
    3722
    3739
    3647
    3695
    3761
    3724
    3761
    3742
    3688
    3642
    3731
    3776
    3800
    3708
    3657
    3687
    3718
    3617
    3666
    3783
    3836
    3804
    3706
    3690
    3732
    3709
    3669
    3621
    3704
    3562
    3615
    3594
    3643
    3588
    3658
    3713
    3549
    3588
    3705
    3668
    3686
    3729
    3683
    3701
    3617
    3639
    3730
    3603
    3712
    3616
    3609
    3662
    3712
    3590
    3660
    3598
    3586
    3680
    3647
    3569
    3527
    3599
    3649
    3586
    3790
    3615
    3686
    3578
    3634
    3595
    3580
    3706
    3631
    3614
    3624
    3508
    3583
    3569
    3507
    3697
    3550
    3656
    3565
    3637
    3550
    3500
    3533
    3551
    3667
    3582
    3672
    3800
    3571
    3527
    3613
    3600
    3677
    3619
    3562
    3760
    3656
    3666
    3660
    3614
    3617
    3639
    3560
    3566
    3577
    3594
    3615
    3529
    3733
    3610
    3523
    3600
    3603
    3557
    3617
    3625
    3642
    3620
    3557
    3540
    3583
    3529
    3574
    3575
    3591
    3613
    3589
    3474
    3647
    3682
    3745
    3791
    3725
    3696
    3788
    3780
    3871
    3865
    3898
    3999
    3883
    3921
    3901
    4035
    4094
    3942
    4016
    3995
    4083
    4088
    4147
    3988
    4011
    4199
    4012
    4156
    4018
    4075
    4133
    3957
    3965
    4026
    4029
    3955
    3967
    4030
    4088
    4074
    4015
    3996
    4023
    3933
    4011
    3812
    3947
    4040
    3883
    3861
    3951
    3855
    3861
    3914
    3905
    3850
    3887
    3863
    3877
    3871
    3894
    3823
    3912
    3887
    3802
    3899
    3691
    3703
    3826
    3775
    3753
    3687
    3669
    3766
    3847
    3718
    3779
    3801
    3766
    3841
    3865
    3749
    3611
    3640
    3740
    3833
    3778
    3628
    3608
    3747
    3671
    3740
    3746
    3657
    3729
    3654
    3733
    3629
    3625
    3639
    3840
    3696
    3632
    3676
    3727
    3678
    3722
    3631
    3673
    3615
    3739
    3656
    3580
    3616
    3644
    3720
    3628
    3592
    3695
    3708
    3606
    3654
    3616
    3471
    3534
    3532
    3640
    3602
    3605
    3536
    3519
    3508
    3556
    3607
    3560
    3577
    3605
    3622
    3543
    3517
    3512
    3528
    3543
    3511
    3533
    3514
    3628
    3515
    3513
    3506
    3401
    3514
    3471
    3456
    3490
    3540
    3378
    3427
    3525
    3434
    3444
    3382
    3433
    3408
    3509
    3557
    3540
    3432
    3456
    3566
    3517
    3373
    3355
    3571
    3433
    3454
    3330
    3442
    3561
    3343
    3405
    3333
    3433
    3447
    3300
    3358
    3406
    3348
    3354
    3485
    3409
    3459
    3372
    3415
    3321
    3339
    3498
    3376
    3431
    3389
    3446
    3343
    3277
    3304
    3333
    3363
    3373
    3506
    3391
    3431
    3465
    3507
    3520
    3371
    3551
    3373
    3453
    3580
    3454
    3509
    3441
    3424
    3345
    3417
    3418
    3333
    3242
    3373
    3299
    3364
    3288
    3290
    3316
    3311
    3371
    3362
    3324
    3285
    3278
    3151
    3281
    3314
    3301
    3167
    3302
    3352
    3204
    3258
    3195
    3279
    3305
    3165
    3211
    3289
    3115
    3224
    3186
    3235
    3136
    3168
    3174
    3218
    3252
    3269
    3213
    3350
    3207
    3166
    3203
    3202
    3148
    3271
    3150
    3208
    3278
    3239
    3145
    3286
    3265
    3236
    3201
    3144
    3163
    3180
    3095
    3119
    3110
    3144
    3212
    3185
    3066
    3190
    3079
    3080
    3127
    3155
    3100
    3225
    3102
    3149
    3228
    3147
    3134
    3122
    3071
    3084
    3223
    2983
    3128
    3181
    3003
    3047
    3151
    3093
    3064
    3040
    3129
    3021
    3117
    3056
    3081
    3132
    3063
    3023
    3064
    3025
    3060
    3087
    3095
    2978
    2945
    3032
    3084
    3091
    3100
    3051
    2947
    3014
    3019
    2958
    2937
    3019
    3049
    2933
    2935
    3045
    3000
    2918
    3031
    3038
    2919
    2961
    3044
    3036
    3024
    3019
    2868
    2974
    2984
    2899
    3021
    2957
    2987
    3025
    2941
    2953
    3005
    2914
    3043
    2997
    2908
    2911
    2941
    2851
    2946
    2893
    2935
    2896
    2929
    2992
    2809
    2913
    2787
    2939
    2910
    3018
    2966
    2980
    2915
    2838
    2912
    2814
    2977
    2903
    2825
    2931
    2824
    2915
    2894
    2794
    2848
    2816
    2924
    2798
    2892
    2796
    2885
    2883
    2866
    2853
    2879
    2861
    2870
    2973
    2754
    2974
    2830
    2758
    2837
    2816
    2844
    2937
    2773
    2674
    2765
    2795
    2825
    2743
    2824
    2839
    2760
    2742
    2758
    2747
    2801
    2682
    2734
    2810
    2726
    2792
    2828
    2818
    2746
    2743
    2720
    2758
    2761
    2848
    2695
    2823
    2702
    2787
    2614
    2754
    2735
    2619
    2714
    2644
    2764
    2692
    2658
    2720
    2691
    2681
    2694
    2728
    2757
    2749
    2730
    2718
    2707
    2665
    2677
    2738
    2784
    2669
    2695
    2734
    2694
    2718
    2750
    2663
    2690
    2783
    2662
    2664
    2554
    2672
    2567
    2590
    2754
    2665
    2655
    2712
    2595
    2716
    2666
    2580
    2652
    2672
    2603
    2717
    2561
    2727
    2683
    2708
    2632
    2541
    2608
    2521
    2696
    2747
    2544
    2566
    2597
    2621
    2665
    2668
    2612
    2664
    2649
    2538
    2711
    2565
    2658
    2654
    2621
    2520
    2566
    2672
    2605
    2629
    2560
    2593
    2662
    2581
    2602
    2623
    2554
    2549
    2543
    2497
    2566
    2689
    2512
    2545
    2645
    2508
    2579
    2538
    2508
    2626
    2591
    2560
    2539
    2514
    2606
    2524
    2540
    2527
    2571
    2633
    2553
    2579
    2598
    2605
    2441
    2631
    2471
    2474
    2551
    2507
    2631
    2538
    2571
    2437
    2591
    2485
    2544
    2464
    2472
    2525
    2535
    2534
    2511
    2425
    2468
    2589
    2511
    2466
    2456
    2545
    2538
    2432
    2505
    2474
    2438
    2452
    2508
    2434
    2492
    2556
    2551
    2488
    2578
    2521
    2479
    2502
    2537
    2409
    2426
    2462
    2502
    2544
    2458
    2470
    2437
    2435
    2583
    2463
    2514
    2610
    2522
    2705
    2621
    2664
    2649
    2631
    2778
    2782
    2790
    2704
    2821
    2691
    2673
    2704
    2740
    2697
    2731
    2682
    2580
    2518
    2505
    2555
    2449
    2488
    2505
    2498
    2556
    2405
    2436
    2453
    2417
    2458
    2378
    2457
    2410
    2279
    2442
    2437
    2407
    2385
    2438
    2428
    2348
    2324
    2334
    2402
    2421
    2475
    2497
    2361
    2483
    2468
    2391
    2467
    2407
    2457
    2395
    2399
    2506
    2356
    2400
    2366
    2403
    2345
    2391
    2459
    2444
    2361
    2361
    2427
    2347
    2264
    2393
    2367
    2441
    2403
    2344
    2386
    2236
    2381
    2491
    2321
    2334
    2368
    2398
    2315
    2416
    2391
    2451
    2369
    2291
    2417
    2370
    2434
    2421
    2365
    2397
    2474
    2328
    2398
    2414
    2399
    2442
    2324
    2400
    2322
    2306
    2360
    2315
    2423
    2277
    2335
    2369
    2286
    2268
    2458
    2397
    2388
    2398
    2276
    2339
    2316
    2382
    2319
    2379
    2332
    2376
    2379
    2382
    2344
    2311
    2391
    2410
    2326
    2415
    2292
    2376
    2427
    2364
    2385
    2384
    2299
    2295
    2403
    2347
    2386
    2362
    2379
    2406
    2286
    2328
    2399
    2350
    2350
    2256
    2316
    2357
    2384
    2334
    2392
    2351
    2381
    2292
    2333
    2333
    2301
    2406
    2279
    2335
    2290
    2356
    2330
    2320
    2336
    2391
    2295
    2348
    2344
    2332
    2303
    2275
    2335
    2323
    2345
    2322
    2366
    2328
    2336
    2366
    2373
    2276
    2300
    2300
    2362
    2317
    2369
    2345
    2319
    2446
    2300
    2315
    2324
    2297
    2361
    2324
    2242
    2292
    2412
    2252
    2401
    2337
    2277
    2375
    2315
    2264
    2297
    2317
    2267
    2339
    2360
    2361
    2399
    2291
    2295
    2315
    2399
    2291
    2386
    2410
    2253
    2306
    2309
    2357
    2301
    2339
    2355
    2243
    2282
    2306
    2340
    2479
    2408
    2333
    2275
    2365
    2318
    2367
    2306
    2345
    2340
    2311
    2308
    2288
    2349
    2326
    2293
    2309
    2271
    2256
    2409
    2353
    2403
    2285
    2408
    2329
    2352
    2405
    2299
    2366
    2376
    2346
    2451
    2386
    2338
    2417
    2368
    2405
    2438
    2421
    2394
    2263
    2322
    2318
    2353
    2318
    2260
    2329
    2329
    2330
    2291
    2341
    2296
    2279
    2327
    2338
    2340
    2360
    2314
    2392
    2330
    2316
    2309
    2430
    2443
    2299
    2324
    2288
    2297
    2366
    2288
    2284
    2352
    2418
    2321
    2365
    2351
    2366
    2427
    2331
    2330
    2347
    2309
    2376
    2316
    2385
    2375
    2368
    2339
    2406
    2319
    2391
    2395
    2336
    2377
    2316
    2310
    2347
    2297
    2366
    2331
    2296
    2373
    2309
    2283
    2294
    2474
    2356
    2317
    2279
    2373
    2436
    2338
    2311
    2391
    2329
    2379
    2304
    2314
    2401
    2272
    2283
    2361
    2437
    2385
    2374
    2330
    2360
    2392
    2406
    2357
    2380
    2368
    2361
    2423
    2378
    2338
    2335
    2463
    2327
    2267
    2354
    2408
    2390
    2382
    2399
    2426
    2382
    2338
    2321
    2325
    2296
    2352
    2380
    2376
    2436
    2380
    2351
    2302
    2412
    2394
    2393
    2353
    2258
    2441
    2403
    2381
    2450
    2476
    2439
    2393
    2375
    2406
    2449
    2401
    2369
    2382
    2461
    2440
    2466
    2399
    2336
    2424
    2411
    2444
    2449
    2377
    2416
    2370
    2460
    2462
    2370
    2369
    2465
    2434
    2395
    2431
    2373
    2406
    2342
    2382
    2403
    2420
    2403
    2409
    2411
    2495
    2392
    2450
    2424
    2393
    2368
    2445
    2341
    2382
    2448
    2374
    2440
    2419
    2373
    2475
    2466
    2462
    2419
    2425
    2332
    2532
    2528
    2472
    2387
    2396
    2537
    2414
    2462
    2393
    2456
    2374
    2453
    2459
    2519
    2386
    2529
    2442
    2472
    2449
    2461
    2453
    2423
    2418
    2441
    2499
    2412
    2476
    2503
    2483
    2445
    2356
    2542
    2425
    2509
    2477
    2444
    2491
    2409
    2522
    2535
    2521
    2523
    2522
    2534
    2522
    2563
    2434
    2534
    2528
    2504
    2508
    2419
    2498
    2504
    2567
    2550
    2570
    2487
    2536
    2517
    2523
    2430
    2517
    2512
    2498
    2536
    2504
    2465
    2539
    2576
    2514
    2487
    2536
    2496
    2581
    2491
    2602
    2595
    2458
    2532
    2594
    2536
    2519
    2530
    2565
    2502
    2542
    2628
    2540
    2532
    2546
    2543
    2450
    2550
    2627
    2471
    2625
    2578
    2584
    2611
    2545
    2559
    2582
    2645
    2656
    2515
    2547
    2649
    2503
    2578
    2625
    2618
    2573
    2682
    2618
    2607
    2613
    2578
    2535
    2580
    2674
    2500
    2546
    2715
    2631
    2660
    2641
    2556
    2664
    2666
    2692
    2666
    2703
    2625
    2613
    2597
    2632
    2708
    2537
    2595
    2644
    2684
    2664
    2625
    2628
    2706
    2704
    2739
    2674
    2622
    2733
    2699
    2713
    2706
    2720
    2745
    2616
    2598
    2765
    2609
    2601
    2664
    2698
    2751
    2644
    2657
    2712
    2675
    2671
    2760
    2656
    2844
    2743
    2735
    2773
    2732
    2712
    2742
    2814
    2810
    2759
    2811
    2812
    2853
    2738
    2800
    2856
    2895
    2929
    2873
    2889
    2991
    2800
    2871
    2860
    2865
    2812
    2958
    2788
    2915
    2823
    2696
    2844
    2820
    2790
    2957
    2855
    2846
    2766
    2901
    2880
    2852
    2779
    2821
    2828
    2771
    2857
    2851
    2803
    2836
    2842
    3017
    2868
    2878
    2866
    2831
    2941
    2898
    2776
    2874
    2965
    2920
    2953
    2934
    3015
    2933
    2946
    2948
    2944
    2907
    2967
    2888
    2933
    3023
    2881
    2974
    2952
    2915
    3010
    2938
    3021
    2957
    2987
    3008
    3012
    2953
    3118
    3014
    2996
    2984
    2942
    3057
    2960
    2992
    3065
    3060
    3024
    3093
    2963
    3022
    3021
    3038
    3077
    2915
    3104
    3153
    3084
    3139
    3147
    3215
    3014
    3109
    3113
    3090
    3204
    3078
    3133
    3203
    3219
    3123
    3171
    3159
    3168
    3055
    3202
    3154
    3131
    3156
    3139
    3244
    3141
    3054
    3177
    3306
    3166
    3253
    3251
    3118
    3274
    3173
    3250
    3251
    3172
    3223
    3244
    3274
    3196
    3257
    3270
    3328
    3213
    3354
    3314
    3281
    3422
    3402
    3402
    3276
    3332
    3307
    3399
    3523
    3358
    3346
    3331
    3325
    3283
    3289
    3346
    3500
    3454
    3320
    3384
    3452
    3400
    3376
    3403
    3395
    3451
    3412
    3524
    3471
    3451
    3487
    3426
    3409
    3528
    3504
    3443
    3447
    3491
    3545
    3598
    3567
    3636
    3473
    3615
    3593
    3504
    3596
    3606
    3627
    3674
    3649
    3640
    3572
    3664
    3708
    3689
    3706
    3607
    3712
    3795
    3649
    3829
    3610
    3665
    3778
    3695
    3735
    3750
    3884
    3742
    3699
    3826
    3705
    3760
    3844
    3893
    3810
    3906
    3988
    3810
    3853
    3826
    3892
    3921
    3838
    3874
    3919
    3860
    3844
    4028
    3936
    3922
    3982
    4075
    3898
    4004
    3927
    4039
    4022
    4133
    4069
    4027
    3969
    3950
    4123
    3949
    4090
    4181
    4090
    4088
    4092
    4148
    4018
    4192
    4089
    4178
    4171
    4143
    3953
    4233
    4214
    4106
    4302
    4096
    4259
    4309
    4207
    4250
    4336
    4237
    4245
    4170
    4239
    4193
    4295
    4313
    4145
    4170
    4190
    4207
    4146
    4137
    4118
    4326
    4269
    4192
    4264
    4220
    4230
    4297
    4270
    4169
    4128
    4123
    4196
    4003
    4091
    4049
    3983
    3920
    3792
    3840
    3861
    3787
    3715
    3626
    3627
    3455
    3481
    3541
    3468
    3431
    3386
    3367
    3345
    3327
    3358
    3258
    3194
    3219
    3150
    3257
    3206
    3121
    3158
    3040
    3185
    3083
    3003
    2925
    3040
    3086
    2962
    3094
    2948
    2906
    2939
    3117
    3081
    3061
    2997
    2925
    3009
    2957
    2947
    2881
    2910
    2892
    2963
    2960
    2986
    2927
    2932
    2945
    2983
    3041
    2870
    2990
    2958
    2970
    2894
    2932
    2891
    2913
    2938
    2947
    2930
    2956
    2898
    2885
    2867
    2859
    2831
    2862
    2883
    2874
    2874
    2919
    2808
    2819
    2818
    2897
    2888
    2808
    2962
    2876
    2910
    2828
    2892
    2815
    2855
    2846
    2749
    2759
    2834
    2844
    2792
    2737
    2859
    2785
    2816
    2854
    2736
    2736
    2805
    2827
    2794
    2754
    2696
    2763
    2711
    2755
    2786
    2760
    2767
    2763
    2823
    2671
    2789
    2762
    2762
    2814
    2763
    2756
    2702
    2769
    2740
    2789
    2685
    2797
    2720
    2653
    2723
    2719
    2777
    2653
    2739
    2583
    2568
    2574
    2719
    2564
    2689
    2667
    2581
    2714
    2594
    2608
    2755
    2664
    2763
    2739
    2672
    2689
    2657
    2747
    2709
    2735
    2683
    2653
    2718
    2593
    2569
    2732
    2640
    2659
    2570
    2639
    2634
    2559
    2618
    2595
    2622
    2694
    2629
    2583
    2609
    2590
    2630
    2532
    2617
    2604
    2607
    2567
    2616
    2630
    2542
    2677
    2581
    2535
    2575
    2617
    2604
    2563
    2557
    2613
    2582
    2462
    2648
    2632
    2538
    2598
    2563
    2602
    2578
    2532
    2670
    2619
    2601
    2500
    2578
    2612
    2595
    2565
    2530
    2531
    2641
    2550
    2483
    2560
    2466
    2574
    2567
    2721
    2524
    2664
    2569
    2572
    2522
    2635
    2607
    2618
    2676
    2560
    2634
    2663
    2666
    2627
    2580
    2659
    2599
    2588
    2668
    2638
    2764
    2586
    2681
    2660
    2576
    2624
    2509
    2656
    2690
    2668
    2585
    2590
    2679
    2520
    2642
    2640
    2625
    2758
    2758
    2735
    2724
    2707
    2680
    2717
    2637
    2621
    2619
    2727
    2824
    2677
    2747
    2707
    2690
    2791
    2848
    2748
    2783
    2671
    2796
    2725
    2838
    2792
    2819
    2808
    2748
    2664
    2755
    2799
    2853
    2795
    2814
    2812
    2830
    2755
    2785
    2804
    2741
    2710
    2717
    2871
    2756
    2743
    2741
    2719
    2676
    2671
    2762
    2662
    2573
    2640
    2715
    2506
    2651
    2517
    2544
    2516
    2456
    2365
    2456
    2353
    2321
    2277
    2289
    2218
    2145
    2113
    2086
    2016
    2065
    2092
    1942
    1966
    1941
    1925
    1851
    1821
    1756
    1803
    1768
    1725
    1650
    1742
    1710
    1662
    1720
    1641
    1625
    1616
    1620
    1600
    1602
    1568
    1614
    1607
    1504
    1583
    1559
    1548
    1530
    1552
    1488
    1527
    1531
    1504
    1539
    1573
    1531
    1532
    1514
    1469
    1538
    1461
    1488
    1453
    1449
    1495
    1477
    1455
    1441
    1404
    1540
    1437
    1473
    1425
    1391
    1535
    1444
    1461
    1481
    1459
    1471
    1473
    1524
    1493
    1479
    1569
    1602
    1612
    1605
    1644
    1717
    1708
    1740
    1717
    1852
    1914
    2000
    2023
    2250
    2306
    2375
    2586
    2892
    3060
    3525
    3931
    4337
    5099
    5637
    6646
    7402
    8533
    9863
   11047
   12309
   13308
   15279
   16211
   17585
   18773
   20036
   20471
   21639
   21701
   22306
   22801
   22663
   23034
   22695
   22615
   22139
   21040
   20012
   18919
   17429
   15843
   14031
   12212
   10425
    8753
    7464
    5831
    4888
    3954
    3242
    2519
    2159
    1787
    1606
    1418
    1263
    1215
    1078
    1024
     962
    1001
     898
     942
     879
     946
     912
     877
     907
     899
     894
     881
     829
     849
     827
     787
     808
     847
     820
     767
     784
     798
     772
     780
     812
     778
     777
     756
     732
     716
     715
     705
     743
     713
     713
     681
     666
     701
     703
     669
     661
     656
     647
     680
     604
     625
     640
     558
     625
     581
     568
     567
     606
     563
     579
     557
     524
     573
     537
     563
     526
     533
     496
     517
     525
     485
     515
     550
     518
     491
     492
     518
     478
     481
     482
     478
     470
     479
     426
     432
     445
     439
     430
     430
     427
     416
     399
     413
     460
     401
     376
     382
     394
     388
     402
     345
     371
     377
     395
     367
     376
     389
     349
     381
     346
     370
     371
     331
     339
     354
     315
     334
     333
     358
     345
     338
     301
     328
     323
     278
     332
     313
     307
     341
     327
     334
     298
     305
     283
     286
     304
     299
     283
     284
     298
     290
     300
     246
     278
     259
     284
     257
     261
     264
     277
     250
     280
     248
     267
     239
     236
     271
     266
     276
     256
     261
     283
     269
     250
     258
     276
     247
     257
     226
     242
     252
     235
     257
     252
     257
     259
     235
     239
     224
     228
     235
     227
     240
     264
     262
     271
     247
     235
     228
     261
     248
     227
     228
     215
     217
     237
     272
     225
     211
     239
     248
     248
     236
     253
     262
     245
     248
     235
     240
     241
     225
     220
     244
     214
     209
     197
     214
     248
     222
     215
     214
     203
     208
     237
     228
     231
     244
     223
     184
     217
     218
     226
     235
     219
     202
     239
     218
     238
     204
     202
     216
     218
     231
     254
     227
     233
     224
     216
     235
     237
     256
     236
     244
     268
     263
     259
     255
     250
     278
     304
     260
     313
     305
     311
     355
     384
     416
     416
     447
     450
     457
     513
     534
     600
     682
     723
     798
     817
     907
    1007
    1135
    1280
    1470
    1564
    1807
    2060
    2407
    2777
    3395
    3819
    4656
    5219
    6120
    7102
    7990
    9229
   10093
   11028
   12103
   12782
   14019
   14755
   15135
   16066
   16472
   16742
   17216
   17572
   17569
   17707
   17901
   17644
   17782
   17270
   16816
   16220
   15050
   14109
   12693
   11128
    9833
    8701
    7266
    5996
    4824
    3723
    2985
    2343
    1793
    1239
     967
     778
     555
     444
     340
     266
     236
     182
     152
     151
     148
     124
     135
     115
     137
     124
     124
     103
     117
     121
     100
     118
     109
     111
     107
      98
     113
     103
     112
     106
      93
     109
     116
     108
     110
     100
      95
     116
     102
      96
      84
      80
     105
     115
      82
     103
      80
      88
     112
      92
      93
      83
     107
      82
      76
      89
      91
      81
      77
      87
      69
      98
      97
      86
      93
      77
     101
     109
      84
      84
      92
      83
      84
      82
      76
     100
      85
      81
      92
      78
      85
      87
      95
     100
      74
      94
      90
      98
      82
     102
      77
      93
      81
      69
      80
      71
      99
      73
      89
      84
      76
      82
      82
      80
      76
      92
      86
      89
      94
      76
      61
      76
      89
      65
      86
      65
      83
      86
      78
      81
      72
      73
      83
      82
      72
      80
      85
      75
      89
      72
      75
      79
      73
      85
      56
      75
      83
      71
      82
      69
      77
      67
      75
      78
      81
      74
      82
      71
      77
      76
      65
      80
      86
      81
      60
      75
      58
      72
      66
      78
      93
      85
      92
      75
      74
      68
      74
      77
      67
      66
      72
      75
      78
      70
      70
      73
      75
      63
      84
      62
      76
      59
      66
      65
      74
      71
      74
      60
      84
      60
      71
      68
      76
      65
      65
      70
      79
      59
      75
      60
      74
      73
      56
      73
      52
      71
      65
      71
      72
      60
      67
      61
      78
      70
      74
      70
      81
      71
      72
      71
      84
      62
      76
      60
      60
      69
      78
      68
      81
      75
      61
      76
      67
      54
      66
      68
      65
      58
      56
      70
      74
      77
      73
      65
      63
      70
      67
      64
      56
      54
      66
      67
      60
      78
      62
      74
      57
      68
      65
      58
      68
      75
      70
      56
      63
      57
      63
      74
      60
      68
      87
      52
      59
      57
      57
      56
      76
      76
      59
      67
      60
      58
      72
      57
      69
      67
      72
      76
      57
      77
      69
      57
      71
      69
      59
      72
      66
      66
      67
      71
      73
      64
      70
      62
      71
      59
      63
      70
      62
      72
      58
      63
      66
      55
      67
      64
      66
      60
      52
      58
      68
      57
      66
      68
      58
      69
      59
      61
      57
      46
      61
      63
      66
      63
      52
      69
      50
      52
      59
      58
      64
      55
      66
      63
      64
      62
      48
      47
      63
      57
      61
      58
      65
      58
      59
      55
      58
      56
      64
      49
      60
      66
      45
      62
      68
      55
      54
      78
      69
      73
      70
      60
      61
      58
      60
      67
      63
      56
      52
      60
      58
      57
      63
      63
      53
      56
      59
      57
      62
      57
      56
      51
      47
      81
      57
      64
      59
      63
      51
      46
      59
      53
      50
      62
      49
      66
      53
      62
      53
      67
      70
      60
      55
      70
      57
      67
      45
      51
      51
      55
      43
      73
      54
      55
      47
      58
      50
      60
      53
      42
      58
      59
      60
      63
      46
      50
      57
      61
      61
      52
      53
      49
      35
      56
      53
      52
      53
      52
      59
      47
      47
      57
      46
      50
      49
      58
      61
      54
      57
      50
      50
      53
      51
      53
      40
      43
      49
      55
      56
      34
      56
      47
      51
      45
      51
      54
      61
      53
      57
      58
      56
      54
      46
      50
      58
      43
      49
      46
      62
      48
      53
      40
      60
      52
      58
      46
      47
      45
      62
      56
      49
      58
      43
      48
      65
      48
      59
      42
      41
      49
      56
      57
      40
      53
      40
      57
      57
      61
      60
      59
      58
      45
      50
      44
      40
      57
      54
      53
      59
      43
      48
      51
      48
      54
      45
      41
      54
      36
      45
      47
      33
      51
      57
      44
      47
      46
      43
      51
      58
      50
      57
      42
      48
      41
      43
      46
      57
      45
      48
      61
      46
      56
      62
      51
      36
      45
      53
      51
      51
      42
      51
      42
      46
      43
      49
      52
      56
      53
      48
      54
      41
      43
      51
      33
      49
      41
      55
      49
      48
      44
      51
      53
      49
      57
      42
      49
      54
      43
      40
      54
      44
      54
      42
      58
      53
      40
      57
      52
      47
      61
      43
      36
      49
      49
      44
      44
      45
      44
      51
      44
      46
      53
      61
      46
      50
      56
      53
      45
      54
      47
      60
      53
      56
      44
      64
      50
      42
      72
      49
      49
      49
      44
      39
      53
      56
      41
      35
      42
      49
      55
      52
      41
      39
      51
      39
      37
      50
      64
      54
      42
      44
      42
      43
      51
      52
      53
      40
      53
      58
      38
      50
      48
      50
      38
      53
      56
      46
      49
      36
      50
      47
      51
      44
      58
      51
      50
      49
      52
      50
      48
      34
      50
      39
      58
      53
      54
      42
      44
      57
      53
      52
      48
      34
      43
      48
      59
      54
      53
      42
      59
      44
      41
      55
      51
      40
      43
      43
      43
      43
      46
      43
      47
      47
      65
      58
      39
      52
      31
      41
      48
      45
      50
      58
      39
      43
      44
      41
      51
      41
      45
      50
      53
      54
      56
      36
      43
      50
      62
      48
      44
      55
      42
      47
      53
      44
      41
      47
      42
      35
      41
      48
      54
      50
      44
      48
      46
      46
      52
      42
      52
      54
      55
      50
      53
      44
      46
      32
      40
      45
      50
      41
      49
      46
      45
      44
      35
      53
      44
      49
      42
      44
      36
      32
      46
      34
      40
      44
      47
      44
      40
      56
      44
      46
      42
      39
      40
      61
      35
      39
      51
      54
      48
      50
      56
      52
      44
      48
      55
      56
      43
      37
      55
      45
      51
      49
      37
      46
      42
      47
      40
      51
      68
      41
      35
      45
      41
      57
      43
      51
      38
      46
      46
      31
      46
      57
      46
      44
      37
      47
      43
      40
      31
      37
      47
      45
      34
      49
      58
      42
      41
      42
      46
      45
      58
      34
      47
      46
      40
      42
      47
      52
      59
      40
      38
      37
      42
      45
      33
      45
      29
      40
      46
      51
      43
      42
      50
      55
      51
      49
      47
      45
      56
      39
      36
      34
      42
      42
      37
      28
      40
      38
      39
      53
      43
      36
      43
      53
      52
      49
      45
      42
      54
      43
      32
      46
      36
      37
      40
      39
      37
      54
      39
      40
      45
      41
      45
      38
      39
      50
      51
      43
      42
      59
      50
      45
      39
      34
      41
      45
      48
      53
      52
      40
      41
      38
      41
      44
      35
      59
      56
      52
      54
      48
      25
      30
      47
      46
      42
      57
      32
      43
      41
      38
      38
      30
      35
      46
      39
      40
      51
      44
      49
      40
      41
      31
      39
      41
      43
      50
      44
      38
      38
      42
      40
      43
      41
      40
      35
      43
      37
      53
      53
      41
      55
      40
      33
      41
      40
      45
      34
      37
      47
      40
      41
      39
      34
      36
      30
      34
      44
      34
      34
      53
      47
      39
      32
      27
      32
      36
      54
      45
      33
      48
      42
      34
      43
      36
      39
      50
      43
      32
      30
      36
      40
      27
      35
      37
      41
      30
      44
      49
      44
      50
      45
      50
      40
      38
      42
      32
      30
      40
      40
      44
      40
      40
      34
      37
      40
      47
      38
      45
      41
      38
      41
      44
      38
      29
      44
      42
      40
      37
      47
      45
      40
      52
      47
      43
      43
      40
      30
      49
      38
      29
      40
      49
      43
      35
      41
      39
      54
      39
      35
      58
      41
      38
      35
      30
      32
      37
      41
      45
      42
      42
      44
      39
      42
      35
      38
      45
      37
      34
      42
      43
      46
      48
      44
      42
      41
      29
      33
      42
      39
      36
      41
      41
      48
      32
      26
      41
      34
      39
      47
      43
      42
      42
      36
      48
      41
      47
      47
      37
      47
      32
      37
      44
      41
      40
      45
      33
      29
      43
      43
      40
      31
      38
      45
      40
      40
      40
      40
      31
      44
      46
      46
      41
      39
      32
      32
      39
      37
      48
      27
      42
      31
      39
      37
      46
      46
      32
      44
      25
      33
      53
      37
      40
      42
      46
      39
      44
      42
      50
      48
      28
      41
      36
      50
      43
      37
      33
      40
      34
      31
      42
      39
      40
      39
      40
      44
      42
      29
      39
      33
      41
      32
      33
      33
      33
      50
      33
      48
      42
      40
      38
      36
      41
      32
      34
      41
      49
      35
      47
      42
      39
      37
      45
      30
      43
      38
      21
      29
      39
      27
      45
      33
      31
      40
      34
      49
      28
      36
      33
      44
      35
      40
      33
      50
      36
      51
      42
      22
      37
      37
      41
      36
      30
      40
      44
      39
      32
      38
      30
      39
      39
      34
      40
      44
      41
      52
      32
      41
      52
      50
      46
      30
      36
      47
      41
      34
      33
      24
      28
      31
      36
      37
      34
      35
      34
      39
      49
      46
      35
      42
      37
      43
      38
      29
      41
      39
      39
      35
      30
      36
      31
      24
      25
      39
      37
      48
      41
      36
      46
      24
      33
      38
      44
      38
      40
      35
      39
      40
      45
      33
      35
      35
      40
      34
      31
      39
      53
      40
      37
      42
      45
      49
      32
      42
      36
      33
      30
      22
      31
      37
      44
      46
      44
      35
      36
      34
      35
      29
      33
      36
      47
      41
      32
      42
      34
      38
      26
      42
      40
      38
      26
      38
      36
      39
      40
      36
      39
      38
      38
      42
      38
      33
      42
      32
      34
      31
      34
      36
      39
      45
      35
      44
      30
      37
      29
      40
      31
      41
      36
      46
      39
      40
      45
      28
      32
      42
      33
      42
      41
      30
      45
      36
      36
      42
      33
      27
      19
      43
      36
      42
      24
      24
      48
      36
      28
      42
      33
      40
      26
      32
      35
      34
      37
      28
      31
      45
      28
      25
      37
      31
      35
      25
      48
      33
      30
      33
      36
      33
      37
      27
      25
      39
      28
      39
      34
      30
      28
      34
      31
      36
      35
      38
      42
      37
      43
      28
      46
      31
      32
      35
      30
      42
      28
      39
      25
      34
      34
      34
      36
      31
      37
      25
      39
      39
      29
      25
      33
      20
      33
      38
      39
      33
      39
      41
      42
      35
      33
      28
      25
      34
      28
      41
      26
      34
      29
      32
      30
      30
      42
      41
      29
      26
      29
      24
      28
      27
      25
      32
      37
      36
      33
      35
      30
      39
      32
      41
      33
      29
      32
      34
      34
      27
      35
      24
      26
      44
      25
      29
      31
      36
      28
      32
      27
      33
      53
      29
      25
      27
      23
      38
      23
      37
      32
      31
      27
      25
      27
      19
      27
      28
      30
      33
      33
      27
      34
      29
      34
      28
      24
      31
      23
      38
      22
      31
      27
      35
      27
      29
      29
      30
      30
      36
      25
      32
      27
      36
      26
      27
      26
      37
      31
      31
      30
      30
      23
      39
      36
      36
      37
      32
      25
      27
      27
      26
      21
      20
      29
      30
      28
      16
      32
      32
      29
      30
      30
      27
      29
      17
      21
      29
      37
      38
      31
      35
      28
      34
      24
      44
      30
      32
      25
      31
      27
      34
      20
      38
      26
      32
      29
      31
      35
      21
      20
      22
      34
      26
      28
      27
      33
      24
      24
      22
      29
      19
      25
      25
      21
      31
      27
      32
      32
      34
      23
      41
      23
      35
      35
      33
      33
      25
      14
      27
      22
      19
      25
      25
      24
      21
      33
      19
      23
      33
      27
      22
      28
      21
      31
      28
      22
      33
      25
      28
      29
      46
      39
      24
      24
      27
      25
      22
      29
      26
      26
      24
      27
      22
      23
      20
      28
      21
      26
      22
      26
      33
      29
      20
      35
      27
      21
      19
      25
      22
      29
      24
      27
      23
      25
      25
      20
      29
      23
      27
      22
      25
      23
      27
      15
      28
      26
      23
      26
      21
      30
      22
      25
      38
      21
      25
      27
      27
      31
      30
      31
      24
      24
      20
      27
      22
      33
      26
      32
      24
      31
      24
      19
      30
      26
      25
      32
      30
      35
      29
      26
      21
      22
      24
      23
      25
      19
      28
      24
      24
      22
      26
      22
      22
      25
      29
      27
      35
      20
      24
      24
      29
      22
      35
      22
      19
      22
      25
      29
      21
      20
      24
      25
      29
      29
      32
      29
      15
      23
      30
      30
      26
      28
      25
      19
      26
      13
      30
      38
      33
      22
      30
      23
      23
      20
      32
      25
      29
      26
      19
      19
      34
      25
      24
      21
      27
      26
      27
      26
      28
      34
      26
      28
      25
      20
      25
      33
      22
      29
      25
      28
      29
      21
      25
      30
      23
      32
      33
      21
      32
      32
      33
      20
      39
      34
      16
      23
      25
      22
      30
      22
      25
      23
      22
      28
      32
      15
      24
      23
      16
      22
      29
      16
      24
      20
      24
      31
      19
      23
      27
      29
      24
      26
      33
      32
      18
      21
      34
      31
      32
      25
      19
      26
      27
      23
      17
      24
      25
      26
      31
      24
      30
      19
      24
      30
      31
      26
      18
      20
      25
      20
      31
      24
      32
      27
      25
      29
      31
      25
      22
      26
      37
      31
      16
      25
      20
      23
      26
      28
      22
      29
      19
      17
      16
      28
      21
      29
      23
      24
      22
      23
      16
      15
      21
      17
      18
      21
      27
      38
      27
      25
      11
      24
      25
      24
      23
      26
      21
      26
      20
      22
      19
      22
      27
      22
      15
      18
      22
      26
      24
      18
      18
      27
      14
       9
      15
      18
      10
      14
      21
      20
      22
      17
      20
      24
      18
      13
      11
      13
      12
      17
      14
      18
      17
      19
      17
      23
      10
      17
      21
      12
      20
       9
      17
      16
      18
      20
      15
      17
      21
      15
      21
      17
      16
      27
      29
      21
      14
      23
      15
      14
      15
      17
      19
      15
      19
      12
      16
      17
      16
      16
      10
      16
      20
      11
      16
      21
      17
      16
      14
      13
      18
      22
      16
      16
      19
      16
      19
      20
      13
      20
      21
      13
      20
      25
      12
      23
      21
      18
      13
      19
      10
      19
      19
      26
      23
      15
      20
      19
      16
      13
      17
      17
       8
      17
      20
      15
      18
      21
      13
      17
      18
      13
      10
      10
      16
      16
      10
      12
      18
      17
       7
      11
      14
      12
      11
       5
      12
       9
      11
      17
      17
       7
      10
      10
      17
       7
      12
       5
      17
       9
      13
      13
      12
      13
      11
       7
      14
      19
      12
      14
       6
      19
      10
      10
      13
      15
       8
       8
       7
       5
       9
      13
       8
      12
      12
      10
       4
       8
       7
       8
      10
      10
      11
      10
      10
       7
       6
      10
       9
       9
      14
       6
       6
      11
       9
       4
      12
       5
      12
      10
       6
       7
      15
       7
       7
       9
      12
       8
       9
      10
      15
       5
       7
      10
       5
       9
      13
       9
      14
       8
       4
       8
      14
       7
       3
      10
       8
      10
       6
       8
       9
       5
       8
       8
       8
      13
      10
       7
      17
       8
       5
       8
       8
      10
       7
       6
       9
       7
      11
      11
      12
      10
       9
       7
       7
       7
       8
      10
       3
       6
      10
       6
       9
       8
       5
       3
       4
       6
       6
       5
       9
      11
       9
       4
       9
       7
      10
       8
      11
       5
       5
       7
      11
      10
       4
       6
       4
      11
       5
       8
       7
       3
       6
       3
       3
      10
      10
       6
       3
       7
       7
       4
       7
      10
       5
       9
       6
       8
       7
       9
       6
       5
       6
       6
       5
      11
       8
       7
       2
      11
       8
       6
       6
      10
       7
       3
       6
       9
       7
      10
       5
       8
       4
       5
       9
       5
       6
       9
       1
       9
       5
       6
       5
      10
       3
       4
       8
       4
      11
       3
       8
       7
       5
       3
      12
       6
       6
       5
       6
       6
       9
       6
      13
       5
       8
       6
       6
       7
      10
       9
       7
       9
       8
       6
       8
       7
      10
       3
      10
       3
      12
      12
      13
       6
       8
       8
      12
      17
      15
       9
       8
      10
      11
       9
      14
      14
      11
      10
      11
      14
      12
      12
      13
      15
      13
      13
      19
      23
      13
      19
      12
      15
      17
      20
      16
      24
      21
      26
      18
      31
      34
      38
      34
      31
      25
      31
      30
      36
      36
      25
      36
      44
      30
      31
      30
      40
      28
      32
      41
      27
      36
      26
      30
      24
      27
      30
      40
      33
      38
      25
      31
      21
      18
      21
      28
      19
      17
      15
      19
      10
      14
      10
       8
      12
       9
       9
      12
       7
       3
       1
       2
       2
       2
       4
       0
       3
       2
       4
       3
       2
       4
       1
       3
       1
       1
       3
       2
       6
       1
       1
       1
       3
       0
       0
       5
       2
       3
       3
       1
       2
       0
       3
       7
       2
       1
       1
       1
       3
       1
       1
       4
       4
       3
       2
       0
       2
       4
       1
       2
       2
       4
       0
       1
       2
       2
       3
       3
       0
       0
       4
       5
       1
       1
       1
       2
       0
       1
       3
       0
       1
       0
       0
       2
       1
       2
       1
       2
       1
       5
       1
       1
       2
       4
       3
       5
       2
       1
       2
       0
       1
       2
       1
       2
       0
       2
       2
       1
       0
       3
       4
       2
       2
       1
       1
       4
       1
       1
       1
       0
       0
       0
       2
       2
       1
       4
       3
       2
       3
       2
       5
       1
       0
       1
       1
       0
       4
       2
       0
       2
       2
       2
       2
       1
       1
       4
       1
       5
       2
       0
       3
       2
       1
       1
       2
       0
       3
       2
       5
       2
       1
       3
       1
       3
       0
       1
       2
       1
       0
       1
       2
       2
       0
       2
       2
       4
       1
       1
       4
       4
       3
       0
       3
       3
       0
       0
       3
       2
       1
       3
       2
       1
       1
       0
       0
       2
       0
       0
       1
       2
       1
       1
       2
       1
       2
       2
       2
       1
       1
       3
       5
       4
       4
       4
       1
       3
       1
       2
       2
       3
       0
       2
       3
       1
       2
       1
       0
       3
       0
       3
       2
       1
       1
       2
       0
       1
       0
       2
       3
       2
       4
       1
       1
       5
       1
       1
       1
       0
       3
       2
       4
       2
       3
       1
       4
       2
       4
       1
       2
       4
       0
       5
       3
       5
       4
       6
       2
       0
       0
       2
       2
       3
       4
       2
       0
       1
       2
       3
       4
       4
       1
       1
       4
       4
       4
       1
       4
       4
       4
       1
       1
       7
       1
       3
       3
       3
       3
       2
       2
       5
       1
       4
       1
       4
       3
       2
       7
       3
       1
       3
       2
       4
       8
       1
       3
       3
       3
       2
       2
       0
       1
       4
       3
       2
       0
       2
       1
       1
       1
       3
       0
       2
       0
       0
       2
       1
       3
       3
       1
       0
       2
       0
       2
       1
       0
       1
       0
       0
       1
       0
       1
       1
       0
       0
       3
       0
       0
       1
       0
       1
       0
       1
       0
       1
       0
       2
       0
       0
       1
       0
       1
       1
       2
       0
       1
       2
       1
       0
       3
       2
       1
       0
       1
       1
       0
       0
       1
       1
       0
       0
       0
       2
       0
       0
       0
       0
       1
       1
       0
       1
       0
       1
       0
       0
       1
       1
       0
       1
       0
       0
       0
       1
       0
       0
       0
       1
       0
       1
       0
       1
       0
       0
       0
       0
       0
       0
       0
       0
       1
       1
       1
       0
       2
       0
       0
       2
       0
       0
       0
       0
       2
       1
       1
       0
       1
       0
       0
       0
       1
       0
       0
       0
       0
       1
       1
       2
       0
       0
       2
       1
       1
       1
       0
       0
       1
       2
       0
       0
       0
       0
       0
       1
       2
       0
       1
       1
       0
       1
       0
       0
       2
       0
       0
       0
       2
       0
       0
       0
       1
       1
       0
       0
       0
       0
       0
       3
       1
       0
       1
       0
       2
       0
       1
       0
       0
       0
       1
       1
       0
       2
       1
       0
       1
       0
       0
       1
       0
       0
       0
       1
       1
       2
       0
       0
       0
       0
       1
       0
       1
       1
       0
       1
       0
       0
       0
       0
       2
       1
       0
       1
       0
       0
       0
       0
       0
       0
       0
       0
       0
       1
       0
       1
       2
       1
       0
       1
       0
       1
       1
       0
       0
       1
       1
       0
       1
       1
       0
       0
       0
       1
       0
       1
       0
       0
       0
       1
       0
       2
       1
       0
       1
       1
       0
       2
       1
       0
       0
       0
       0
       0
       1
       0
       1
       1
       0
       0
       0
       0
       0
       1
       0
       1
       1
       1
       0
       0
       0
       0
       0
       1
       2
       1
       1
       1
       0
       1
       0
       0
       1
       2
       1
       0
       1
       0
       0
       2
       2
       0
       0
       1
       1
       1
       0
       0
       0
       0
       0
       1
       1
       0
       1
       0
       1
       1
       0
       0
       1
       0
       0
       0
       1
       0
       0
       0
       0
       1
       0
       0
       0
       1
       0
       1
       0
       0
       0
       0
       1
       1
       0
       0
       0
       0
       0
       0
       2
       1
       0
       0
       0
       0
       0
       0
       0
       1
       1
       1
       1
       0
       0
       1
       2
       0
       0
       1
       0
       1
       1
       0
       0
       1
       0
       1
       0
       0
       0
       0
       1
       0
       1
       1
       0
       2
       0
       2
       0
       0
       0
       0
       0
       1
       0
       0
       2
       0
       0
       1
       1
       0
       0
       1
       0
       0
       0
       2
       2
       0
       0
       0
       0
       1
       0
       1
       1
       2
       1
       0
       1
       0
       0
       2
       1
       0
       1
       0
       1
       0
       1
       0
       0
       0
       0
       1
       0
       0
       0
       0
       0
       0
       1
       0
       0
       1
       0
       1
       0
       2
       1
       0
       0
       0
       1
       0
       0
       0
       0
       0
       1
       2
       2
       2
       1
       0
       0
       1
       2
       0
       0
       0
       0
       0
       0
       0
       0
       0
       0
       0
       2
       0
       0
       1
       1
       0
       0
       1
       2
       1
       0
       0
       0
       0
       0
       0
       0
       0
       1
       1
       1
       1
       0
       0
       0
       1
       0
       1
       1
       2
       0
       1
       0
       1
       0
       1
       1
       1
       1
       0
       0
       1
       0
       2
       0
       0
       4
       0
       1
       0
       0
       1
       2
       0
       0
       0
       1
       2
       0
       1
       1
       0
       2
       0
       0
       0
       1
       0
       0
       0
       0
       0
       1
       0
       0
       0
       0
       0
       0
       2
       0
       0
       0
       1
       1
       1
       1
       1
       1
       1
       0
       0
       0
       1
       0
       1
       0
       0
       1
       0
       0
       1
       0
       0
       0
       0
       0
       1
       0
       0
       1
       0
       0
       0
       0
       1
       0
       0
       1
       1
       1
       1
       0
       2
       0
       0
       1
       0
       0
       0
       0
       0
       0
       0
       0
       0
       2
       0
       0
       0
       2
       0
       1
       0
       0
       1
       0
       0
       0
       1
       0
       0
       0
       1
       1
       0
       0
       0
       3
       0
       1
       0
       1
       0
       1
       1
       0
       0
       0
       1
       0
       0
       0
       0
       0
       2
       0
       0
       1
       0
       0
       0
       0
       0
       0
       0
       1
       0
       1
       0
       0
       0
       0
       0
       0
       1
       1
       0
       0
       0
       0
       1
       0
       0
       0
       1
       0
       1
       0
       0
       0
       1
       0
       0
       0
       0
       0
       0
       0
       0
       1
       0
       0
       0
       1
       0
       0
       0
       0
       1
       1
       0
       1
       0
       0
       0
       1
       2
       1
       0
       0
       0
       0
       1
       0
       0
       0
       0
       0
       0
       0
       0
       0
       0
       2
       1
       1
       1
       1
       0
       2
       2
       1
       1
       0
       0
       0
       1
       0
       1
       0
       0
       0
       1
       2
       0
       0
       2
       0
       0
       0
       0
       2
       1
       1
       1
       0
       0
       0
       1
       0
       0
       0
       1
       1
       0
       1
       0
       1
       0
       0
       0
       1
       1
       0
       0
       0
       0
       0
       2
       0
       0
       0
       0
       0
       0
       0
       0
       0
       0
       1
       0
       0
       1
       0
       0
       0
       1
       0
       0
       0
       0
       1
       1
       0
       0
       0
       0
       0
       0
       0
       1
       0
       1
       0
       0
       4
       1
       0
       0
       0
       1
       0
       0
       0
       0
       0
       0
       0
       1
       0
       1
       1
       0
       0
       0
       1
       2
       0
       0
       0
       0
       0
       1
       0
       0
       1
       1
       0
       1
       0
       1
       1
       1
       1
       0
       1
       0
       0
       0
       0
       0
       1
       0
       0
       0
       0
       0
       0
       2
       0
       0
       0
       0
       0
       0
       0
       0
       1
       1
       0
       0
       0
       1
       0
       2
       0
       0
       0
       1
       0
       0
       0
       1
       0
       0
       1
       0
       0
       0
       0
       0
       0
       0
       2
       0
       0
       0
       0
       1
       0
       0
       0
       0
       0
       0
       1
       0
       0
       0
       0
       0
       0
       2
       0
       0
       0
       0
       0
       0
       0
       0
       1
       1
       1
       0
       0
       0
       2
       0
       1
       0
       0
       0
       0
       0
       1
       0
       0
       0
       0
       1
       0
       0
       0
       0
       0
       3
       1
       0
       1
       0
       0
       0
       0
       0
       0
       0
       0
       1
       0
       0
       0
       0
       1
       0
       0
       0
       0
       0
       1
       0
       0
       0
       0
       2
       1
       0
       0
       0
       2
       0
       0
       0
       0
       0
       0
       0
       0
       0
       0
       0
       2
       0
       0
       0
       1
       0
       0
       0
       0
       0
       0
       1
       0
       0
       0
       1
       0
       0
       0
       0
       0
       0
       0
       0
       0
       0
       0
       0
       0
       0
       0
       0
       0
       0
       0
       0
       0
       1
       0
       1
       0
       0
       0
       0
       0
       0
       1
       0
       1
       0
       0
       0
       2
       0
       1
       0
       1
       1
       0
       0
       0
       0
       0
       0
       0
       0
       0
       0
       0
       0
       0
       1
       1
       0
       0
       0
       0
       0
       0
       0
       0
       0
       0
       0
       1
       0
       0
       0
       0
       0
       0
       0
       0
       0
       0
       0
       0
       0
       0
       0
       0
       0
       0
       0
       0
       0
       0
       0
       0
       0
       1
       0
       0
       0
       0
       0
       0
       0
       1
       0
       0
       0
       0
       0
       0
       1
       0
       0
       0
       0
       0
       1
       1
       0
       0
       1
       0
       0
       0
       0
       0
       0
       0
       1
       0
       1
       0
       0
       1
       1
       0
       0
       0
       0
       0
       0
       0
       0
       0
       0
       0
       0
       0
       3
       0
       0
       0
       0
       0
       0
       0
       0
       0
       0
       0
       1
       0
       1
       0
       1
       0
       0
       0
       0
       0
       0
       0
       0
       0
       0
       0
       1
       0
       0
       0
       0
       0
       0
       0
       0
       2
       0
       0
       0
       1
       0
       0
       0
       0
       0
       0
       0
       0
       0
       0
       0
       0
       0
       0
       0
       1
       0
       0
       0
       0
       0
       0
       0
       0
       1
       1
       0
       0
       0
       0
       0
       0
       0
       0
       0
       0
       0
       0
       1
       2
       1
       0
       0
       0
       0
       0
       0
       0
       0
       0
       0
       0
       0
       1
       0
       0
       0
       1
       0
       1
       1
       0
       0
       0
       0
       0
       0
       1
       0
       0
       0
       0
       0
       0
       0
       0
       0
       0
       0
       0
       0
       0
       0
       0
       0
       0
       1
       0
       0
       1
       0
       0
       1
       0
       0
       0
       0
       0
       1
       0
       0
       0
       0
       1
       0
       0
       0
       0
       0
       0
       0
       0
       0
       0
       0
       0
       0
       0
       0
       0
       0
       0
       0
       0
       0
       0
       0
       1
       0
       1
       0
       0
       0
       0
       1
       0
       0
       0
       0
       1
       0
       0
       0
       0
       2
       0
       0
       0
       0
       0
       1
       0
       0
       0
       0
       0
       0
       0
       2
       0
       0
       0
       1
       0
       0
       0
       0
       0
       0
       0
       1
       0
       0
       0
       0
       1
       0
       0
       0
       0
       0
       0
       0
       0
       0
       0
       0
       1
       0
       0
       0
       0
       0
       0
       0
       0
       0
       0
       0
       0
       0
       0
       0
       0
       0
       0
       0
       0
       0
       0
       0
       0
       0
       0
       0
       0
       1
       0
       0
       0
       0
       0
       1
       0
       0
       0
       0
       0
       0
       0
       0
       1
       0
       0
       0
       0
       0
       0
       0
       0
       0
       0
       0
       0
       0
       0
       0
       0
       0
       0
       1
       0
       0
       0
       1
       0
       0
       0
       0
       0
       0
       0
       1
       0
       0
       0
       0
       1
       0
       0
       1
       1
       0
       0
       0
       0
       0
       0
       0
       0
       1
       0
       0
       0
       1
       0
       0
       0
       0
       0
       0
       0
       0
       0
       1
       0
       0
       0
       0
       0
       0
       0
       0
       0
       0
       0
       0
       0
       0
       0
       0
       1
       0
       1
       0
       0
       1
       0
       0
       0
       0
       0
       1
       0
       0
       0
       0
       0
       0
       0
       0
       0
       1
       1
       1
       1
       0
       0
       0
       0
       0
       0
       0
       0
       1
       0
       0
       1
       1
       0
       0
       0
       1
       0
       0
       0
       0
       0
       0
       0
       0
       0
       0
       1
       0
       0
       0
       1
       0
       0
       0
       0
       0
       0
       0
       0
       0
       0
       0
       1
       0
       0
       0
       0
       0
       0
       0
       0
       0
       0
       0
       0
       0
       0
       0
       0
       0
       0
       0
       1
       0
       0
       0
       0
       0
       0
       0
       1
       0
       0
       0
       0
       0
       0
       0
       0
       1
       0
       0
       0
       0
       0
       0
       0
       0
       0
       0
       0
       0
       0
       0
       0
       0
       0
       0
       0
       0
       0
       0
       0
       0
       0
       0
       0
       0
       0
       0
       0
       0
       0
       0
       0
       1
       0
       0
       0
       0
       0
       0
       0
       0
       0
       0
       1
       0
       1
       1
       1
       0
       0
       0
       0
       0
       0
       0
       0
       0
       0
       0
       0
       0
       0
       0
       0
       0
       0
       0
       0
       0
       1
       0
       0
       0
       0
       0
       0
       0
       2
       0
       0
       0
       0
       0
       0
       0
       0
       0
       0
       0
       0
       0
       0
       0
       0
       0
       0
       0
       1
       0
       0
       0
       0
       0
       0
       1
       1
       0
       0
       0
       0
       0
       0
       0
       0
       0
       0
       0
       0
       0
       0
       0
       0
       0
       0
       0
       0
       1
       0
       0
       0
       0
       0
       1
       0
       0
       0
       0
       0
       0
       0
       0
       1
       0
       0
       0
       0
       0
       0
       0
       0
       0
       0
       0
       0
       0
       0
       0
       0
       0
       0
       0
       0
       0
       0
       0
       0
       0
       0
       0
       0
       0
       0
       0
       0
       0
       0
       0
       0
       0
       0
       0
       0
       0
       0
       0
       0
       0
       0
       0
       0
       0
       0
       0
       0
       0
       0
       0
       0
       0
       0
       0
       0
       0
       0
       0
       0
       0
       0
       0
       0
       1
       0
       0
       0
       0
       0
       0
       0
       0
       0
       0
       0
       0
       0
       1
       0
       0
       1
       0
       0
       0
       0
       0
       0
       0
       0
       0
       0
       0
       0
       0
       0
       0
       0
       0
       0
       0
       0
       0
       0
       0
       0
       0
       0
       1
       0
       0
       0
       0
       0
       0
       0
       0
       0
       0
       0
       0
       0
       0
       0
       1
       0
       0
       0
       0
       0
       0
       0
       1
       0
       0
       0
       0
       0
       0
       0
       0
       0
       0
       0
       0
       0
       0
       0
       0
       0
       0
       0
       0
       0
       0
       0
       0
       0
       0
       0
       0
       0
       0
       0
       0
       0
       0
       0
       0
       0
       0
       0
       0
       0
       0
       0
       0
       0
       0
       0
       0
       0
       0
       0
       1
       0
       0
       0
       0
       0
       0
       0
       0
       0
       0
       0
       0
       0
       0
       0
       0
       0
       0
       0
       0
       0
       0
       0
       0
       0
       0
       0
       0
       0
       0
       1
       0
       0
       0
       0
       0
       0
       0
       0
       0
       0
       0
       0
       0
       0
       0
       0
       0
       0
       0
       0
       0
       0
       0
       0
       1
       0
       0
       0
       0
       0
       0
       0
       0
       0
       0
       0
       0
       0
       0
       0
       0
       0
       0
       0
       0
       0
       0
       0
       0
       0
       0
       0
       0
       0
       0
       0
       0
       0
       1
       0
       0
       0
       0
       0
       0
       0
       0
       0
       0
       0
       0
       0
       0
       0
       0
       0
       0
       0
       0
       0
       0
       0
       0
       0
       0
       0
       0
       0
       0
       0
       0
       0
       0
       0
       0
       0
       0
       0
       0
       0
       0
       1
       0
       0
       0
       0
       0
       0
       0
       0
       0
       0
       0
       0
       0
       0
       0
       1
       0
       0
       0
       0
       0
       0
       0
       0
       0
       0
       0
       0
       0
       0
       0
       0
       0
       0
       0
       0
       0
       0
       1
       1
       0
       1
       0
       0
       0
       0
       0
       0
       0
       0
       0
       0
       0
       1
       0
       0
       0
       0
       0
       0
       0
       0
       0
       0
       0
       0
       0
       0
       0
       0
       0
       0
       0
       0
       0
       0
       0
       0
       0
       0
       0
       0
       0
       0
       0
       0
       0
       0
       0
       0
       0
       0
       0
       0
       0
       0
       0
       0
       0
       0
       0
       0
       0
       0
       0
       0
       0
       0
       0
       0
       0
       0
       0
       0
       0
       0
       0
       0
       0
       0
       1
       0
       0
       0
       0
       0
       0
       0
       0
       0
       0
       0
       0
       0
       0
       0
       0
       0
       0
       0
       0
       0
       0
       0
       0
       0
       0
       0
       0
       0
       0
       0
       0
       0
       0
       0
       1
       0
       0
       0
       0
       0
       0
       0
       0
       0
       0
       0
       0
       0
       0
       0
       0
       0
       0
       0
       0
       0
       0
       0
       0
       0
       0
       0
       0
       0
       0
       0
       0
       0
       0
       0
       0
       0
       0
       0
       0
       0
       0
       0
       0
       0
       0
       0
       0
       0
       0
       0
       0
       0
       0
       0
       0
       0
       0
       0
       0
       0
       0
       0
       0
       0
       0
       0
       0
       0
       0
       0
       0
       0
       0
       0
       0
       0
       0
       0
       0
       0
       0
       0
       0
       0
       0
       0
       0
       0
       0
       0
       1
       0
       1
       0
       0
       0
       0
       0
       0
       0
       0
       0
       0
       0
       0
       0
       0
       0
       0
       0
       0
       0
       0
       0
       0
       0
       0
       0
       0
       0
       0
       0
       0
       0
       0
       0
       0
       0
       0
       0
       0
       0
       0
       0
       0
       0
       0
       0
       0
       0
       0
       0
       0
       0
       0
       0
       0
       0
       0
       0
       0
       0
       0
       0
       0
       0
       0
       0
       0
       0
       0
       0
       0
       0
       0
       0
       0
       0
       0
       0
       0
       0
       0
       0
       0
       0
       0
       0
       0
       0
       0
       0
       0
       0
       0
       0
       0
       0
       0
       0
       0
       0
       0
       0
       0
       0
       0
       0
       0
       0
       0
       0
       0
       0
       0
       0
       0
       0
       0
       0
       0
       0
       0
       0
       0
       0
       0
       0
       0
       0
       0
       0
       0
       0
       0
       0
       0
       0
       0
       0
       0
       0
       0
       0
       0
       0
       0
       1
       0
       0
       0
       1
       0
       0
       0
       1
       1
       0
       0
       0
       0
       0
       1
       1
       0
       0
       1
       0
       2
       1
       0
       1
       0
       0
       1
       0
       0
       0
       1
       0
       0
       0
       0
       1
       0
       0
       1
       0
       0
       1
       0
       0
       0
       1
       0
       2
       1
       0
       0
       0
       1
       0
       0
       1
       1
       1
       0
       1
       2
       0
       0
       0
       0
       0
       0
       0
       0
       1
       0
       0
       0
       3
       0
       0
       0
       0
       0
       0
       1
       0
       2
       1
       0
       0
       0
       1
       5
       1
       0
       0
       0
       0
       0
       1
       1
       0
       0
       0
       0
       1
       0
       0
       2
       0
       0
       0
       0
       2
       0
       0
       0
       1
       0
       0
       2
       2
       1
       1
       0
       0
       0
       0
       2
       0
       0
       0
       1
       2
       0
       0
       0
       0
       4
       0
       0
       1
       1
       2
       1
       0
       0
       1
       0
       0
       1
       0
       0
       0
       2
       0
       1
       1
       0
       0
       1
       0
       0
       0
       0
       0
       0
       2
       0
       0
       1
       0
       0
       0
       1
       1
       0
       0
       0
       2
       0
       1
       3
       0
       1
       3
       0
       0
       0
$ROI:
4
349 399
960 988
992 1050
1491 1501
$PRESETS:
None
0
0
$ENER_FIT:
0.000000 0.488274
$MCA_CAL:
3
0.000000E+000 4.882741E-001 0.000000E+000 keV
$SHAPE_CAL:
3
0.000000E+000 0.000000E+000 0.000000E+000
