$SPEC_ID:
No sample description was entered.
$SPEC_REM:
DET# 1
DETDESC# DLAB-PHY-L3-49 926 Right
AP# Maestro Version 7.01
$DATE_MEA:
10/18/2024 16:30:43
$MEAS_TIM:
122 134
$DATA:
0 8191
       0
       0
       0
       0
       0
       0
       0
       0
       0
       1
       0
       1
       1
       1
       2
       0
       5
       9
       7
       9
       8
       6
       5
       7
       7
      11
      12
       8
       8
      15
      23
      23
      31
      34
      42
      44
      76
      81
     110
     124
     134
     142
     134
     140
     134
     153
     152
     147
     138
     115
     148
     143
     133
     146
     133
     139
     132
     136
     137
     141
     128
     151
     142
     114
     120
     129
     111
     119
     137
     110
     123
     116
     120
     126
     130
     122
     133
     117
     144
     139
     115
     119
     100
     129
     114
     111
     128
     109
     133
     104
     149
     115
     124
     117
     108
     130
     130
     101
     107
     120
     111
     107
     107
     125
     119
     125
     116
     100
     113
     133
     121
     110
     106
     120
     101
     126
     112
      94
     114
     119
     126
     109
     110
     118
     106
     121
     102
     110
     100
     113
     128
     106
     126
      96
     122
     113
      91
     104
      95
     123
     114
     108
     104
     110
     120
     100
     108
     108
     104
     123
     111
     115
     123
     106
      97
     120
     117
      92
     105
     103
     104
     111
     112
     118
      85
      97
     123
      78
      95
     116
     103
     103
     123
     113
     118
     102
      92
     108
     106
     117
     109
      87
     113
     103
      94
      99
     105
      99
      98
     117
     107
     108
     108
      98
      97
     111
      94
     108
     101
     103
      89
     103
     108
      98
     102
     101
     101
      88
      96
      92
     108
     115
      87
     107
      94
     128
      83
     103
      91
      88
      93
      87
     123
      87
     101
     107
      85
      79
      90
      96
      99
      92
     107
      99
     111
     114
     118
     100
      93
      84
     113
     107
     106
      95
      83
     113
      95
      86
      95
      95
      97
     100
      85
     116
      99
      94
      91
     103
     107
      89
     102
     104
     101
      96
     113
      95
     110
     100
     109
      97
     102
     104
      99
      87
     113
      88
     100
     101
      92
     100
      83
      93
      99
     102
     105
     106
      88
     100
      86
      96
     110
     110
      99
      92
      94
      97
      88
     109
      90
     101
      97
      92
     101
     101
     106
     103
     122
      97
     102
      99
      90
      93
      95
      98
      91
      94
      77
      85
      91
      96
     107
      87
      93
      92
     112
      98
     102
     111
     109
      89
      98
      94
      96
     121
     102
     115
     108
     101
     104
     111
     140
     132
     119
     114
     104
     121
     112
     136
     129
     118
     125
     138
     115
     144
     151
     131
     146
     134
     125
     147
     152
     150
     138
     130
     129
     133
     129
     140
     124
     137
     127
     138
     134
     106
     102
     117
     104
     119
     108
      99
     115
     100
      98
      97
     107
      90
      89
     121
     108
      92
     104
     105
      96
     108
     103
      79
      87
      97
     103
      95
      83
     115
     107
     110
     107
      90
      94
     117
     113
     103
     122
     117
     110
     139
     140
     112
     126
     107
     146
     115
     104
     129
     108
     132
     124
     102
     104
     135
      97
     117
     103
     119
      98
      91
     107
     118
      84
     110
     109
      85
      97
      91
      79
      95
      94
      95
     106
      95
      83
      90
      90
      87
      89
      94
      90
     110
      85
      95
      79
     103
      97
      84
     118
      82
      88
      89
      86
      96
      93
      80
      81
      86
      79
      74
     105
      88
      74
      84
      96
      98
      87
      95
      77
      86
     108
      96
      94
      88
      75
      92
      82
      98
      99
      95
      88
      87
      78
      85
      77
      75
      89
      89
      90
      83
      81
      89
      90
      88
      92
      90
      73
      88
      79
      76
      73
      85
      89
      78
      96
      94
      98
      79
      98
      83
      85
      83
      91
      80
      98
      91
      93
      84
      96
      93
      95
      92
      89
      88
      96
      85
      82
      82
      85
      63
      75
      77
      91
      88
      98
      94
      88
      91
      98
      92
      93
      93
      87
      96
      88
      72
      80
      75
      95
     103
      69
      98
      89
      89
     106
      85
      76
      85
     105
      99
     101
      84
      79
     100
      83
      81
      86
      95
      86
      87
      79
      90
      97
      90
      81
      79
      95
      77
      87
      67
      91
     100
      93
      97
      88
      96
      92
     106
      86
      93
      79
      88
      79
      86
      74
      90
      98
      79
      78
      70
      81
      90
      93
      78
      85
      91
      88
      82
      94
      69
      81
      87
      99
      92
      86
      83
      78
      80
      92
      77
      78
      86
      91
      90
      92
      79
      65
      80
     103
      85
      99
      82
      75
      90
      97
      77
      82
      75
      87
      89
      90
      80
     115
      78
      85
      70
      90
      75
      98
      77
      99
      97
      83
     104
     104
      83
      64
      89
      97
      94
      73
      78
      95
      76
     119
      79
      90
      66
      85
     101
      85
      86
      90
     101
      87
      85
      93
      91
      79
      78
     104
      79
      68
      80
      87
      84
      94
      70
      97
      80
      90
     102
      96
      93
      91
      83
      71
      89
      95
      87
      81
      94
     101
      87
      80
      84
      84
     105
     103
      92
     101
      81
      86
      92
      92
      87
      82
      89
     103
      86
      91
      89
      85
      80
      89
      91
      84
      82
      93
      86
      84
      73
      79
      99
      95
      94
      91
     100
      63
      89
      85
      99
      74
      83
      82
      81
      83
     111
      80
      80
      88
      72
      80
      93
      88
      76
      88
      94
      81
      69
      69
      90
      97
      93
      73
     103
      90
     112
      83
      79
      98
      92
      85
      89
      88
      91
      84
      82
      86
      90
      94
     102
      93
      91
      70
     109
      70
      89
      93
      97
      88
      96
      72
      91
      95
      94
      83
      83
      91
      96
      88
      85
      79
      88
      89
      79
      83
      79
      85
      96
      95
      87
      96
      88
      90
      78
      79
      77
      96
      98
      74
      68
      93
      98
      68
     108
      84
      77
      75
      72
     106
      91
      93
      81
     100
      90
     105
      86
      91
     101
      84
      81
      78
      92
      82
     105
      81
      76
      80
      87
      88
      81
      86
      85
      78
      91
      82
      84
      79
      80
     105
      86
      94
      83
      91
      94
      98
     108
      84
      96
     101
     107
     104
      93
      98
      90
     105
      82
      93
     108
     119
      93
      91
      93
      84
      98
      95
      98
     104
     106
      88
      80
     101
      96
      94
      85
      86
      85
     101
     105
      95
      88
     111
      97
      95
      92
      93
     103
      99
      85
     104
      90
      87
      93
      92
      77
      95
     117
     117
      98
      82
     109
     112
     100
      90
      93
      89
      98
      95
     103
     100
      97
      92
      94
     101
      89
     101
      84
     111
      96
      99
      95
      97
     108
      95
      99
      88
      87
     100
      83
      93
      86
      94
     108
     103
      83
      89
     106
     113
      94
     108
      98
      79
     107
     119
      92
     112
      98
     102
     106
     106
     100
     115
     108
     109
      98
      89
      98
      89
      91
     109
     106
     114
     102
     102
      93
      88
      98
     110
     104
     109
      97
      98
      93
     100
      97
     110
     103
     108
     102
      87
     100
      97
      98
     101
      89
      89
      95
      93
      99
      92
     113
     111
     100
      88
      90
      75
      91
      96
      84
     118
      73
      95
      86
      98
     107
      91
      97
      92
     107
      89
     111
      84
      85
      85
     101
      78
      76
      86
     115
      88
      91
      88
      98
      75
      99
      83
      87
     101
      76
      98
      95
     118
      80
      93
      85
     105
      84
      91
      87
      97
     108
      81
     102
     109
     110
      99
      88
      90
      96
     105
      94
      85
      92
     104
      98
     103
     106
      89
      78
      91
     100
      82
      90
      96
      82
      95
      94
      96
      89
      83
      74
      90
      88
     100
      98
      98
      87
      72
      85
     101
     106
      99
     118
     116
      91
     104
     113
      94
      90
      90
      87
      99
      84
      96
      89
      89
     110
      82
      99
      80
      96
      83
     101
      96
      96
      74
     105
      97
      91
     114
      87
     108
      87
      95
      82
     115
     108
      93
      83
     102
      98
     109
      95
      83
      80
      86
     105
     100
      83
      95
      79
      85
     108
      80
     103
     108
     108
     102
     102
     109
      94
      88
     100
     107
      76
      83
      76
      95
      75
     101
      97
      87
     104
      92
      96
      90
     105
     102
      89
     107
      94
      98
     101
     106
      92
      82
      96
     104
      90
      81
      79
      98
     112
      94
      98
      84
     101
     106
      85
     112
     100
      89
      88
      88
      96
      99
      95
      91
     106
      80
      94
      74
     100
      83
      79
      76
      87
      92
      83
     109
     102
      84
     104
      90
      85
      96
      93
     106
     106
      75
     126
     108
     106
      90
     108
      86
     101
     101
      99
      95
     105
      93
      84
      91
      93
      95
      90
      80
     116
      78
      92
      81
      79
      91
      94
      98
     100
      91
      84
      91
      90
      79
      88
     100
     102
      99
     106
      95
      94
      90
      99
      89
      99
      86
      91
      86
     101
      95
      95
     103
      77
      89
      95
      92
      91
     108
      88
      93
      96
      84
     100
      93
     103
      93
      80
      92
     105
      99
     113
     101
      80
      84
     102
      86
      76
     102
      98
      91
      96
     103
      88
      89
      86
      83
      95
      93
      89
     100
      95
      84
      90
      94
     116
      98
      92
      85
     100
      83
      93
     102
      91
      90
      78
      99
      84
     107
      98
      91
      93
      98
      83
      87
     104
     102
      94
      85
     114
      93
      91
      87
     111
      93
      97
      93
      97
      99
      88
      91
      80
      99
     110
      90
      91
      90
     103
      91
      85
      86
      79
     104
      89
      94
      80
     100
     107
      96
      89
      90
      98
     114
      97
      94
      77
     103
      93
      89
     109
     105
      98
      93
     106
      97
      92
      85
     101
     106
      85
      90
     122
     107
      96
      97
     101
      83
      96
     105
      81
     103
      87
      91
     109
      83
     102
      95
      81
      95
      95
      91
     105
      96
     103
     109
     118
      85
      81
      92
      89
     103
     100
      99
     102
      84
     105
     101
     116
     104
      97
     101
     102
     106
      98
      97
     112
     103
     102
      95
      75
     102
     103
     105
      83
     102
     108
      87
      90
      97
     103
      92
      90
      97
      80
     107
     111
     100
     119
     105
     100
     100
     100
      95
     117
      97
      93
      93
     117
     105
      90
     106
      85
      91
      93
      98
     113
     104
     100
     102
      82
      93
      85
     109
     127
      83
     106
      86
     110
     101
      96
      81
     105
      97
      92
     111
      97
     112
      83
     107
      81
     108
     108
     112
      93
     118
     111
      93
     112
      86
     109
     109
      86
      91
     107
     104
     106
     102
     120
     117
     115
     109
     107
      95
      93
     111
      96
     119
     109
     111
     113
     108
     111
     107
     110
     116
     106
      91
     111
     104
     113
     121
     118
      96
     120
      98
      79
      95
      98
     108
      96
     102
      95
     114
      87
     115
      98
     113
     110
     100
     104
      98
     121
     123
      98
     127
     116
     109
      92
      98
      97
     109
      94
     112
     133
      97
      99
      91
      88
     100
     115
     105
      99
      85
     114
     108
     100
     108
     113
     106
     117
      96
     106
     125
     120
     119
     117
     113
      83
     104
     103
     109
     113
     107
     106
     105
     103
     130
     121
     117
     122
     114
     110
     122
     110
     125
     104
     111
      97
      97
     112
     126
     125
     107
     108
     111
     107
     126
     119
     116
     117
     103
     118
     113
     112
     123
     105
     119
     110
     122
     108
     106
     127
     119
     120
     111
     136
     130
     125
     125
     128
     128
     128
     131
     101
     105
     108
     101
     111
     134
     109
     117
     116
     125
     110
     105
     118
     113
     112
     102
     129
     109
     104
     125
     139
     117
     133
     105
     125
     107
     108
     128
     122
     105
     114
     114
     124
     120
     117
     129
     130
     123
     122
     116
     124
     119
     117
     143
     125
     132
     124
     130
     111
     107
     113
     126
     118
     102
     127
     121
     118
     120
     103
     133
     122
     132
     133
     103
     125
     119
     134
     102
     120
     107
     129
     104
     122
     122
     105
     111
     120
     118
     107
     113
     125
     129
     118
     120
     111
     114
     102
     125
     137
     107
     125
     121
     123
     112
     134
     128
     117
     108
     114
     106
     124
     130
     116
     133
     129
     129
     108
      99
     107
     123
     115
     116
      98
     124
     101
     107
     102
     106
      78
     101
      85
      84
     109
      90
      93
      85
      98
      83
      95
     101
      94
     104
      88
      94
      88
     100
      87
      76
      80
      82
      82
      89
      76
      87
      80
      78
      75
      84
      82
      88
      83
      83
      87
      80
      80
      72
      78
      84
      81
      76
      73
      70
      69
      78
      66
      49
      66
      87
      72
      74
      62
      71
      65
      61
      70
      67
      64
      60
      71
      67
      51
      66
      65
      61
      61
      58
      53
      51
      79
      69
      70
      64
      70
      58
      69
      54
      56
      61
      62
      57
      61
      65
      73
      67
      77
      60
      60
      48
      57
      68
      60
      57
      66
      57
      66
      66
      58
      58
      60
      64
      71
      51
      41
      66
      58
      69
      64
      52
      58
      58
      54
      53
      56
      58
      53
      57
      50
      70
      55
      60
      55
      51
      47
      55
      52
      54
      45
      51
      55
      54
      55
      59
      54
      48
      59
      66
      58
      58
      59
      45
      54
      58
      60
      62
      56
      49
      52
      59
      67
      50
      51
      55
      45
      57
      53
      59
      53
      55
      61
      62
      53
      62
      47
      61
      69
      53
      40
      38
      50
      49
      46
      58
      51
      50
      46
      51
      63
      51
      38
      48
      39
      51
      47
      49
      42
      49
      47
      41
      58
      39
      38
      42
      41
      54
      45
      50
      40
      50
      50
      45
      48
      39
      43
      48
      44
      37
      45
      46
      43
      46
      46
      38
      42
      43
      45
      44
      49
      41
      33
      36
      45
      41
      50
      40
      41
      53
      51
      42
      29
      49
      26
      47
      48
      43
      53
      41
      40
      58
      39
      41
      47
      36
      48
      42
      43
      44
      31
      44
      42
      51
      37
      44
      38
      52
      37
      49
      39
      55
      37
      43
      40
      34
      46
      36
      39
      46
      49
      38
      39
      37
      41
      37
      41
      36
      36
      42
      35
      35
      36
      44
      39
      38
      36
      45
      40
      36
      32
      31
      37
      45
      41
      28
      33
      49
      49
      31
      25
      39
      33
      30
      47
      40
      32
      35
      29
      26
      32
      45
      32
      39
      39
      21
      37
      38
      23
      32
      32
      37
      26
      35
      26
      29
      33
      42
      33
      33
      30
      43
      45
      29
      29
      38
      27
      32
      42
      31
      32
      30
      28
      25
      32
      32
      28
      33
      36
      35
      39
      25
      31
      23
      35
      20
      33
      31
      32
      25
      33
      23
      33
      39
      31
      43
      33
      25
      31
      34
      29
      39
      35
      31
      25
      22
      18
      23
      19
      29
      40
      20
      31
      42
      21
      30
      36
      25
      32
      27
      24
      28
      26
      33
      33
      33
      18
      37
      35
      25
      31
      27
      35
      31
      27
      40
      40
      21
      24
      25
      31
      31
      29
      28
      27
      27
      30
      35
      26
      24
      33
      26
      36
      38
      31
      26
      28
      32
      26
      31
      28
      30
      28
      33
      30
      23
      20
      19
      20
      25
      20
      28
      27
      22
      28
      22
      25
      24
      23
      26
      24
      27
      29
      32
      22
      22
      27
      23
      26
      19
      19
      18
      36
      31
      18
      20
      27
      32
      24
      35
      30
      20
      33
      22
      25
      23
      22
      33
      30
      23
      20
      30
      24
      31
      26
      32
      16
      27
      21
      29
      21
      15
      29
      24
      22
      28
      39
      33
      30
      35
      28
      23
      25
      40
      32
      34
      33
      30
      30
      27
      28
      20
      25
      22
      24
      34
      31
      29
      21
      26
      27
      19
      31
      27
      24
      19
      27
      23
      28
      32
      31
      18
      27
      29
      27
      24
      26
      20
      21
      26
      27
      19
      33
      25
      24
      35
      18
      11
      18
      31
      28
      23
      30
      32
      29
      25
      23
      26
      27
      34
      27
      24
      16
      23
      19
      26
      30
      20
      24
      28
      29
      30
      22
      26
      28
      24
      25
      31
      21
      18
      26
      23
      24
      23
      23
      33
      31
      26
      23
      19
      16
      25
      23
      27
      22
      25
      26
      19
      33
      28
      25
      17
      21
      19
      25
      21
      19
      25
      24
      24
      21
      28
      23
      26
      27
      22
      16
      26
      33
      22
      26
      29
      13
      15
      21
      23
      26
      25
      19
      29
      17
      24
      26
      19
      27
      28
      20
      34
      27
      22
      25
      25
      23
      27
      23
      22
      22
      12
      22
      26
      21
      26
      15
      18
      18
      26
      23
      21
      14
      22
      29
      24
      22
      27
      23
      31
      26
      20
      29
      28
      26
      27
      22
      23
      20
      21
      24
      21
      17
      10
      27
      26
      30
      20
      16
      23
      25
      36
      22
      25
      28
      15
      22
      16
      31
      22
      19
      25
      28
      23
      14
      20
      22
      27
      32
      22
      30
      23
      19
      19
      19
      28
      19
      25
      24
      22
      22
      23
      26
      19
      33
      29
      23
      21
      23
      17
      24
      19
      22
      16
      32
      25
      23
      18
      23
      24
      22
      22
      24
      18
      26
      27
      23
      19
      26
      22
      14
      21
      27
      19
      18
      32
      14
      19
      24
      16
      27
      19
      20
      18
      24
      22
      20
      22
      22
      20
      17
      30
      23
      25
      25
      22
      25
      15
      26
      24
      17
      19
      16
      23
      21
      20
      20
      18
      18
      16
      21
      26
      22
      20
      17
      22
      18
      23
      23
      18
      18
      35
      12
      18
      22
      40
      24
      17
      23
      20
      24
      31
      25
      19
      23
      22
      26
      20
      33
      30
      26
      23
      21
      17
      20
      18
      20
      25
      23
      21
      15
      28
      19
      25
      25
      18
      31
      19
      26
      26
      28
      23
      22
      26
      32
      19
      23
      25
      30
      29
      30
      22
      30
      19
      28
      26
      23
      16
      24
      22
      22
      20
      21
      33
      31
      25
      30
      31
      35
      30
      35
      40
      45
      43
      38
      39
      36
      50
      59
      35
      62
      63
      59
      71
      79
      86
      99
     107
      98
     143
     131
     142
     174
     179
     199
     191
     223
     243
     268
     375
     334
     380
     439
     475
     514
     597
     630
     673
     753
     807
     873
     958
     976
    1023
    1113
    1157
    1220
    1166
    1360
    1367
    1430
    1503
    1461
    1489
    1468
    1501
    1590
    1499
    1558
    1406
    1452
    1369
    1295
    1322
    1254
    1256
    1136
    1111
     995
     927
     850
     856
     765
     698
     638
     620
     485
     494
     424
     383
     303
     312
     264
     213
     198
     171
     173
     125
     105
      93
      83
      68
      65
      64
      50
      35
      36
      26
      29
      28
      27
      11
      24
      22
      20
       8
      13
      24
      16
      15
      14
       8
      15
      17
      14
      19
      14
      12
      10
      12
      13
       9
      14
      18
      22
      13
      13
      18
      12
      12
      10
      14
      12
      12
      12
      13
      12
       9
      20
      11
       8
      10
      11
       6
      14
      11
      12
      13
      15
      10
      10
      14
      18
      12
      13
      14
       9
       8
       9
      16
      15
      10
      16
      12
       9
      16
      11
       4
       6
       9
      14
       7
       9
      10
      15
       8
      13
       8
      11
      10
      15
      10
       8
      19
      13
      16
       8
      12
       9
       7
       6
      12
      14
      20
      13
       5
      14
       8
       7
      13
       8
      12
      16
       9
       7
      16
      13
      16
      13
      12
      20
       9
      21
      11
       8
      11
      21
      17
      15
      17
      20
      16
       6
      14
      14
       7
       6
      13
      14
      12
      11
      11
       9
      17
      14
      14
       5
      10
       9
      10
      10
      14
       9
      14
      11
       9
      13
      10
       9
      10
      13
       7
       7
      11
      10
      13
      10
      11
      13
       9
      16
       8
      11
      13
      16
      10
       4
       8
       8
      10
       7
      11
      10
       9
      16
      11
       5
       8
      12
      11
      18
      13
      10
      14
      12
      11
      14
       9
      11
      14
      14
      15
      13
      13
      12
      12
      14
       8
       7
      16
      17
      13
      12
       8
       9
      19
      15
       4
       7
      10
      13
      11
      10
       9
      15
      11
      11
      16
       9
      16
      13
      17
       9
       8
      20
      10
      15
      10
      13
       8
       8
      10
      14
      16
      13
      13
      20
      15
      13
      10
      13
      10
      11
      10
       8
      12
       8
      12
      12
       8
      11
       8
      12
       7
      17
      10
      13
      10
      10
       9
      13
       8
      15
      17
      12
       6
      15
       8
      17
      14
       6
      10
      11
       9
      17
       4
      12
      13
      16
      15
       9
      12
      11
      10
      19
       9
       6
      14
      15
       9
      10
      15
      12
      15
      14
      11
      13
      11
       9
      13
       6
       6
      12
      15
       7
      13
      15
       7
       7
      13
       6
      12
      10
       9
      15
       6
       9
      11
      12
       7
      17
      13
      13
      14
      11
      10
       5
      11
       7
      15
      14
      13
      10
      16
      16
      10
      11
      15
       5
      11
      15
       9
       8
       9
       5
      13
      14
      15
      11
      11
      14
       7
       5
       9
      13
      14
      10
      12
      10
      16
      18
      12
      11
      15
      13
      12
       8
      16
      16
      14
      16
      13
      15
       9
      13
      12
      11
       6
       9
      12
      14
      14
       9
       7
      10
      14
      16
      16
      11
       6
      11
      15
      10
      13
      15
      13
      16
       8
      11
      13
      12
      11
       6
      13
      10
      12
      21
      13
      13
      11
       7
      11
      15
       9
      12
       6
       5
      11
      12
       7
      12
      14
       7
       6
      17
      15
      11
       4
      13
      11
       6
      11
      12
      14
       9
      13
      11
      12
       7
      15
      16
      11
       8
      10
       4
       7
      14
      15
      12
      13
       9
       8
       8
      13
      11
      12
       7
      15
       9
      12
      11
       8
       8
      16
      15
      11
      14
      15
       8
       9
       9
       5
      12
      11
      10
       6
      13
      13
      10
       7
      19
       6
       6
      11
      11
      14
       8
      13
      12
      12
       5
       9
       9
      16
       7
      13
       4
       9
      10
      10
      13
       9
      10
      10
      14
      11
       8
      18
      14
      10
      15
      11
      13
      10
       7
      11
      15
      10
       6
      10
      12
      11
      19
      16
       5
       7
       5
      14
      12
       8
      12
      19
      12
       8
      14
       8
      12
      10
       3
      12
      17
       8
      12
       9
      16
      13
       6
       9
       7
      14
      11
       9
      15
      13
      10
       6
       5
       8
      13
      21
      12
      10
       8
      11
      10
      10
      12
      12
      11
      12
       7
       9
      15
      13
      17
       9
      16
      11
      12
      11
      10
      16
       8
      15
      13
       7
       6
      14
      10
      13
      18
      10
      12
      11
      12
       8
       6
      11
      16
       7
      14
      10
      10
      11
      11
      14
      13
       7
      12
      10
       9
      11
      10
       6
      13
       8
      13
      13
       4
      14
       6
       6
      12
      10
      15
      11
      13
       5
       8
      14
      10
      19
      10
      14
      12
       7
      11
       9
       9
      12
      11
      14
      17
       8
      11
       8
       7
       7
      13
       8
      11
      15
      12
       9
      10
       6
       8
      12
       9
      15
      12
       9
       7
      14
      12
       9
      15
       8
       6
      10
      13
      18
       8
      14
      10
      10
      13
      10
       9
      13
      12
       6
      13
      12
      11
       6
      12
       9
      11
      10
       9
      13
      11
       9
      14
       8
      14
      16
      10
       5
      12
      12
       7
      11
       8
       6
      12
       9
       8
       9
       8
      10
       3
      14
      14
       9
       9
       8
      12
      13
      12
      11
       8
       6
       7
       8
      10
       9
       6
      15
      12
      12
      14
      11
       7
      11
      13
      14
      14
       9
       8
      10
      11
      16
      13
      12
      15
       9
      13
       9
      10
       8
      12
      15
      13
      11
       8
       8
      15
       6
       6
      15
      16
      11
       6
      12
       9
      10
       7
       9
      10
      12
      10
       9
      15
      18
      13
       6
       9
      12
      11
       9
      13
      11
       6
       8
      15
       8
      11
      16
       8
       8
       7
      15
      13
       9
      11
      15
      10
      13
      14
       7
      14
       4
      17
       9
      16
      14
      11
      10
      13
       9
       5
       9
      11
      13
      14
       7
       5
       3
      10
      10
       4
      11
       7
      10
      10
       6
      13
       8
      15
      10
      12
      12
       9
      12
       9
       9
      12
       8
      14
      13
      15
       9
      10
       9
      12
      14
      14
      11
      14
       8
       6
      11
      13
      14
       9
       6
      11
      12
      12
      10
       8
      14
      10
       9
      11
      10
       8
      12
      10
       7
      10
      11
       6
      11
       4
       8
      14
      13
      11
      15
      15
      10
       8
      11
       9
      11
      16
       9
      16
      10
       5
      14
      11
      11
       9
      14
      10
      12
       7
       7
      17
      11
      11
      14
      10
      11
       4
      11
      15
      18
       9
       8
      16
      12
      10
       9
       7
       8
      13
       5
      10
       8
      14
      11
      10
      11
      11
       5
       7
      12
       4
       9
      13
      11
      13
      11
       8
       7
      11
      12
      18
       9
      16
      11
      11
       8
      15
      16
       2
       6
      10
      12
       8
      13
      11
      15
      18
      12
      11
       5
      12
      14
       8
       6
      11
       6
      11
      15
      10
       9
       7
       7
      15
       7
      15
      13
      16
      10
      16
      11
      10
      11
       6
      12
      11
      10
      20
      13
      13
      14
      15
      13
      14
      10
      11
      14
      12
       6
       9
      15
       9
       5
      16
      11
      11
      15
       9
       9
      10
      11
      13
      12
      13
      11
      11
      13
      13
      14
       9
      14
       8
       8
      14
      12
      13
      10
      13
      15
      12
       9
      15
      11
       8
      10
       9
      15
       9
      12
      12
      11
       9
       6
      18
      12
       7
       9
       6
      19
       9
      18
      11
      12
       9
      14
      11
      11
      12
      11
       9
       9
       8
      11
       8
      12
      10
      12
      10
       6
       8
       9
      17
      10
       8
      12
       9
      12
      12
      11
      13
      15
      20
      11
      14
       8
      10
      15
       7
      11
      12
      14
       7
      14
      11
       9
      10
      14
       5
       6
      10
      13
      10
       8
      10
      14
      11
       9
       7
      11
      11
      12
      17
       4
       6
      18
       5
      14
      15
      15
      12
      11
       7
      13
      19
       8
      11
      12
       9
      13
      10
       9
      13
      11
      13
      12
      15
      18
      14
       9
      12
      10
      16
       6
      14
      15
       8
       9
      10
       8
      11
      13
      16
       9
       8
       8
       9
       6
      11
      17
      14
      12
      11
       9
      13
      12
       7
       4
      11
      13
      16
      15
      13
      12
       5
      12
       7
       6
      10
       9
      15
      11
       9
      19
      15
      13
       8
      11
      10
      14
      12
      15
      10
       8
      12
      17
       6
      10
      13
       7
      13
      13
      17
      10
       5
      13
      11
       9
      11
      18
      10
      10
       7
      11
      18
       9
      14
       7
      17
      10
      15
      13
      10
       9
       6
      15
       8
      10
       9
      12
      13
      18
      15
      14
      15
      10
      19
      13
      12
      11
      12
      10
       9
      15
      12
      13
       2
       9
      19
      17
      12
      12
      13
      12
      16
       9
      12
      10
      11
       9
      15
      10
       9
       7
       8
       8
       9
      17
      11
      10
       9
      12
      18
      10
      12
      10
       9
       9
      11
      13
      11
      10
       7
      12
       6
      12
      10
      14
      12
       7
      14
       8
      15
      22
      18
      12
      16
      19
      16
       8
      13
       7
      11
       8
       9
       8
      13
      12
       9
      13
      10
      17
      12
      12
       9
      12
      16
      17
      11
      15
      21
      11
      14
      11
      22
      11
      14
      14
      11
      14
      14
      17
      11
      16
      12
      10
      14
      12
       9
      10
      14
      13
      12
       7
      10
      14
       9
      12
       7
      14
      17
      12
      16
      12
       8
       9
       9
      22
      11
      12
      14
       7
       6
      13
      14
       7
      11
      11
      12
       8
      10
      13
      12
       8
       5
      14
       8
       9
      15
      11
      16
       6
       7
      13
       6
      12
      12
       9
       9
      10
       9
      11
      11
      13
       7
      12
       9
      14
      13
      14
      15
      12
      11
      10
      12
      14
       9
      11
      10
       8
      11
       9
      14
      16
      12
      16
       7
      10
       9
       4
      10
      21
      15
      12
      13
      18
      10
      11
      10
      13
      10
      19
      12
      11
      10
      17
      15
       7
      15
       9
       6
      17
      13
       8
      10
      16
      15
       9
       9
      10
      11
      11
       9
      10
      11
      14
      15
      13
       9
       7
       7
      12
      11
      13
       8
      13
      12
      11
      12
      14
      15
      11
      12
       7
       6
      13
      11
       9
      12
      17
       5
      14
      11
      12
      13
      11
      10
      15
      15
      13
      14
      12
      13
      14
       8
      10
      11
      22
       9
      13
      14
      15
      14
      11
       9
       9
       9
      10
      11
      16
      13
      16
       8
      11
      16
      11
       9
       6
      12
      12
      17
      11
      13
      10
      12
      12
      11
      18
      12
      10
       8
       9
      10
       8
      16
      14
      13
      10
      16
      13
      15
      11
      11
      11
       9
      14
      11
      14
      19
      14
      17
      23
      15
      11
      13
      17
      14
      11
       7
       6
      11
       8
      17
      12
      11
      10
       9
      15
       8
      16
      11
      12
      16
      17
      13
      14
      15
      13
      14
      13
      10
       8
       6
       7
       8
       8
       7
      11
      16
      18
       9
      11
      13
       9
      12
      14
      11
      13
      12
       6
      14
       9
      13
      11
      13
      13
      10
      12
       8
      11
      11
       8
      13
      11
      12
      13
      18
      14
       8
      13
      10
      13
      10
       4
       6
      13
      16
      11
       8
      15
       6
      15
      14
      19
      13
      11
      10
      16
      18
      15
      14
      16
      15
      12
       6
      14
      15
       9
      14
      12
      12
      11
      11
      11
      16
      13
      10
      11
      22
      13
       8
      16
      12
       9
      10
      14
      13
       6
      13
      12
       6
       8
      10
      10
      13
      13
      15
       8
      16
      12
      10
       9
      10
      18
      18
      11
      14
      14
       6
      12
      16
      10
      15
      13
       6
      12
      10
      10
      15
      19
       9
       7
       8
      11
      15
       8
      13
       8
       9
      13
      13
      10
       8
      18
       7
      20
      14
      10
       8
      10
      13
      10
      18
      13
      14
      11
      12
      13
      15
      11
      10
       9
      11
      12
      11
      13
      14
      13
       9
      13
      16
      11
      15
       8
      15
      13
      13
       9
      11
      13
      12
      15
       9
       8
       8
      16
      11
       4
      13
       7
      13
      14
      14
      14
      13
      10
      19
       9
      15
       9
      22
      12
       8
       9
      20
      18
      10
      18
      13
      12
      15
       5
      14
       9
      15
      15
      16
      18
      16
      18
      13
      10
      16
      12
      12
      13
      13
      12
       9
      18
      16
      19
      15
      17
      14
      12
      21
      18
      14
      22
      11
      16
      19
       8
      15
      13
       6
      18
      18
      18
      16
      16
      17
       8
       9
       9
      12
      14
      21
      14
       9
      19
      13
       5
      11
      15
      11
      15
      14
      12
      14
      10
      17
      13
      15
      13
      13
      10
      13
      22
       7
      10
      18
      12
      12
      10
      15
      15
      16
      15
      14
      21
       8
      13
      13
      17
      13
       9
      10
      10
      20
      14
      14
      15
      13
      11
       5
      14
      17
      13
      11
      15
      12
      18
      15
      11
      13
      12
      11
      13
      11
      13
      14
      13
      16
      14
       7
       8
      12
      10
      10
      18
      12
      12
      11
      17
      14
       8
      14
      18
      14
      15
      21
      18
       8
      16
      14
      10
      10
      11
      14
      12
      12
      11
      12
      13
       9
      12
      16
      17
      14
      10
      11
      13
      15
      20
      12
      10
      16
      17
      19
      14
      10
       9
      15
      19
      16
       7
      13
      14
      14
      13
      15
      12
      11
      16
      13
      10
      11
      11
      17
      13
      16
      21
      10
      22
      10
       7
      13
      15
       8
       9
       8
      17
      11
      11
      11
      10
      16
      14
      10
      12
      14
      13
      15
      12
      14
      13
      25
      18
      18
      10
      22
      12
      16
      17
      14
      13
      13
      14
      12
      18
       8
      16
      14
      11
       3
       8
      12
      20
      18
      13
       7
      16
      17
      13
      15
      12
      11
      13
      18
      13
       8
      23
      12
      18
      16
      15
      14
      15
      11
      12
      12
       9
      18
      13
      17
      16
      18
      11
      10
      15
      21
      11
      11
      17
      14
      17
      19
      19
      10
       7
      11
      13
      13
      13
       5
      15
       7
      16
      16
      12
      12
      12
       7
      10
      18
      10
      16
      15
      14
       9
       9
      18
      11
      11
      17
      19
      16
      18
      13
      12
      15
      11
      13
      18
      11
      20
      12
      18
      10
      12
      20
      18
      11
      20
      15
      13
      14
      14
      13
      17
      11
      17
      15
      13
      17
      17
      16
      13
      12
      11
      15
      14
      18
      10
      15
      16
      18
      19
      18
      15
      10
      18
      10
      13
      18
      18
      12
       8
      16
      10
      19
      16
       7
      17
      16
      13
      16
      13
      17
      12
       9
      15
       7
      16
      13
      18
      15
      10
      17
      19
      12
      14
      16
      14
      13
      20
      17
      19
      18
       9
      18
      17
      16
      14
      16
      16
      16
      22
      11
      19
      16
      12
       7
      12
      10
      10
      15
      18
      10
      15
      19
      12
      15
      15
      20
      18
      21
      22
       8
      22
      27
      22
      19
      14
      14
      13
      18
      18
      15
      11
      20
      16
       8
       7
      12
      14
      16
      14
      14
      19
      15
      19
      12
      17
      12
      20
      10
      17
      13
      15
      13
      19
      10
      12
      16
      16
      15
      20
      18
      14
      13
      13
      20
      18
      13
      11
      16
      15
      15
      12
      19
      14
      15
      17
      22
      15
      11
      11
      16
      12
      20
      18
      20
      20
      12
      10
      19
      18
      18
      16
      11
      13
      15
      13
      15
      17
      13
      17
      13
       9
      20
      15
      10
      25
      22
      15
      20
      20
      14
      23
      17
       9
      18
      13
      19
      27
      15
      15
       6
      21
      19
      15
      15
      13
      15
      20
      13
      13
      17
      10
      16
      11
      11
      18
      18
      25
      13
      20
      13
      22
      18
      18
      13
      18
      15
      14
       9
       9
      14
      19
      10
      15
      12
      10
       8
      18
      19
      19
       9
      14
      11
      14
      15
      16
      10
      12
      14
      19
      17
      17
      18
      11
      15
      16
      17
       9
      25
      13
      18
      12
      10
      15
      20
      14
      16
      12
      22
      19
      15
      22
      18
      23
      17
      12
      15
      16
      17
      18
      19
      20
      15
      21
      15
      12
      13
      14
      14
      20
      15
      17
      12
      19
      19
      20
      20
      18
      18
      17
      18
      17
      15
      22
      14
      20
      18
      19
      23
      22
      12
      14
      19
      11
      16
      19
      17
      14
      15
      23
      18
      21
      17
      15
      12
      21
      17
      14
      15
      16
      14
      16
      17
      15
      11
      13
      17
      16
      13
      17
      19
      13
      13
      20
      17
      16
      17
      19
      19
      13
      15
      29
      15
      15
      17
      21
      10
      17
      20
      15
      25
      17
      20
      15
      26
      15
      17
      18
      22
      17
      23
      13
      11
      18
      13
      17
      21
      13
      20
      18
      20
      20
      12
      18
      24
      22
      12
      18
      20
      24
      19
      20
      15
      17
      27
      16
      22
      18
      15
      20
      15
      15
      21
      22
      19
      22
      25
      17
      15
      27
      20
      15
      12
      20
      19
      15
      16
      24
      22
      22
      20
      23
      27
      22
      20
      21
      18
      18
      16
      20
       6
      23
      22
      15
      19
      18
      19
      17
      22
      15
      18
      11
      20
      21
      16
      24
      18
      25
      20
      18
      17
      19
      20
      12
      28
      29
      17
      16
      20
      17
      16
      15
      20
      21
      19
      15
      21
      21
      18
      22
      16
      19
       8
      22
      16
      17
      10
      17
      19
      14
      20
      16
      27
      21
      27
      19
      13
      18
      19
      18
      21
      16
      19
      25
      21
      24
      18
      17
      16
      21
      15
      21
      17
      18
      14
      19
      15
      21
      20
      22
      26
      15
      17
      22
      21
      23
      21
      11
      16
      23
      23
      19
      18
      13
      25
      25
      15
      22
      17
      20
      19
      20
      24
      19
      19
      18
      15
      23
      28
      19
      19
      16
      21
      20
      28
      19
      14
      20
      21
      21
      17
      21
      22
      17
      29
      22
      18
      18
      12
      28
      13
      24
      19
      19
      26
      21
      23
      26
      23
      24
      15
      21
      22
      26
      18
      18
      20
      16
      27
      24
      20
      20
      26
      18
      25
      23
      23
      18
      14
      20
      26
      21
      24
      28
      27
      16
      18
      20
      19
      25
      20
      27
      22
      22
      20
      29
      27
      31
      23
      27
      19
      14
      23
      21
      18
      25
      26
      22
      27
      21
      28
      21
      31
      15
      24
      22
      28
      22
      28
      19
      23
      24
      20
      16
      19
      20
      20
      15
      24
      21
      19
      21
      22
      14
      21
      19
      24
      26
      21
      19
      20
      20
      31
      31
      28
      26
      24
      18
      37
      19
      25
      22
      18
      21
      30
      21
      19
      27
      27
      20
      16
      13
      23
      13
      25
      18
      22
      21
      19
      24
      22
      18
      17
      18
      35
      19
      31
      28
      22
      29
      22
      19
      27
      23
      30
      32
      25
      24
      17
      24
      25
      23
      23
      16
      32
      24
      22
      19
      20
      17
      33
      27
      18
      21
      20
      22
      31
      25
      20
      18
      15
      20
      18
      15
      25
      22
      29
      26
      26
      18
      21
      31
      18
      16
      23
      20
      32
      34
      19
      25
      22
      23
      28
      31
      22
      24
      23
      20
      26
      26
      34
      18
      22
      19
      24
      23
      29
      26
      30
      21
      27
      31
      31
      19
      27
      19
      23
      25
      21
      25
      26
      27
      27
      23
      24
      19
      26
      31
      28
      27
      22
      34
      23
      34
      23
      30
      24
      28
      27
      23
      22
      24
      14
      22
      25
      28
      15
      21
      34
      20
      25
      16
      22
      29
      29
      31
      27
      22
      25
      20
      30
      16
      26
      31
      23
      30
      21
      30
      27
      22
      26
      27
      18
      21
      23
      16
      20
      22
      26
      12
      22
      22
      19
      12
      17
      20
      21
      15
      18
      27
      13
      17
      17
      20
      14
      17
      19
      25
      18
      23
      25
      21
      17
      19
      14
      27
      21
      16
      16
      17
      20
      11
      17
      17
      17
      14
      18
      16
      17
      15
      12
      24
       9
      15
      13
       8
      17
      16
      13
      11
      16
      13
      31
      14
      14
      20
      17
      16
      15
      14
       7
      20
      11
      12
       6
      14
      16
      16
      13
      13
      11
       8
      11
      10
      14
      11
      17
      12
      11
      14
      10
      11
      12
      14
      11
      21
      11
      17
       6
       7
      12
      16
      10
      16
      22
      14
      19
      12
      17
      15
      16
      18
      17
      13
      13
      12
       8
      12
      13
      17
      13
      10
      15
      13
       5
       9
      15
      12
      19
      11
      14
      14
      15
      11
      14
       8
      11
      18
      11
       8
      15
      11
      15
      13
       7
      12
      16
      10
      12
      13
      13
      18
      10
       8
      14
       8
      19
      17
      13
      14
      14
      10
      15
      14
       6
      12
      11
       9
      11
       7
      16
      16
      12
      11
      17
       6
      14
       9
      15
       3
      13
      17
      15
      14
      11
      12
      12
      16
      12
       9
       5
       6
      12
      10
      14
      11
      13
      21
      12
       9
      15
      14
       8
      11
      10
       9
      12
      11
      11
      14
      14
      12
       8
      15
      11
       7
      10
      10
       9
      14
      11
       9
      11
      14
      13
      10
      15
       7
      12
       9
      11
      12
      17
      16
       5
       8
      11
      15
      14
      13
      13
       8
      12
       9
      11
       8
      16
      10
       8
       9
      12
      12
      11
      15
      16
       8
      19
       8
       9
      12
      12
       9
      17
       8
       8
       9
       9
       6
       9
       8
      15
       6
      14
      10
       8
      17
       9
      14
      11
       9
      14
       8
       8
      12
      14
       9
      13
      12
      11
      10
      12
       7
       6
       3
      15
       9
       5
      10
      10
       9
       9
       3
       6
      17
       9
      11
      15
       8
      12
       9
       8
       5
      15
      16
       8
       7
      11
       8
       6
       8
       7
       4
      11
       6
      14
       9
      16
      12
       7
      12
       8
      13
       4
       8
      10
      12
      12
       5
      10
      12
       8
       7
       6
      10
       3
      10
       9
       5
      11
       7
      13
       5
       5
       7
       6
       7
       9
       4
       7
      11
      11
      10
       6
      10
       8
       8
      11
       9
       7
      10
      11
      12
       8
      12
       4
      12
       4
       9
       6
       7
       7
      11
       7
      11
       9
       9
       9
       9
      13
       6
      11
      10
       7
      10
      13
       7
      10
       7
      10
       9
      12
       8
       6
      10
      11
      10
      10
       6
       4
       6
      10
       7
       6
       6
       9
      11
       8
       6
       6
       2
       8
       2
       2
       3
       2
       2
       9
       5
       2
       6
       3
       8
       7
       8
       6
       3
       7
       4
       8
      14
       9
       9
       8
       8
      11
       2
       6
       3
       8
       5
       5
       9
       4
       6
       7
       5
       5
       3
      10
       2
       5
      10
      10
       4
       5
       9
      14
       5
       7
      12
       6
      10
       5
       5
       7
       6
       5
       7
       5
       4
       7
       5
       5
       8
       5
       8
       9
      11
       8
       7
       8
       6
       4
       5
       4
       3
       9
       4
       8
       6
       5
       6
       1
       4
       8
       6
       6
       4
       4
       7
       3
       7
       4
       8
       2
       2
       6
       7
       4
       3
       9
       4
      10
       4
       4
       8
       8
      10
       4
       4
       6
      12
       7
       4
       7
       3
       8
       6
       4
       7
       7
       7
       5
       4
       3
       4
       7
       2
       5
       8
       4
       7
       3
       9
       2
       3
       2
       3
       3
       4
       4
       3
       4
       8
       1
       5
       5
       1
       3
       9
       2
       3
       4
       9
       5
       4
       5
       5
       1
       5
       6
       1
       5
       7
       8
       4
       3
       2
       3
       4
       4
       2
       3
       2
       3
       5
       4
       0
       4
       4
       3
       1
       1
       3
       4
       1
       3
       3
       1
       4
       3
       4
       1
       4
       3
       2
       4
       4
       2
       3
       4
       5
       3
       2
       4
       3
       6
       5
       2
       0
       2
       1
       2
       0
       5
       1
       2
       1
       4
       5
       1
       3
       7
       2
       8
       2
       5
       0
       4
       4
       1
       1
       2
       3
       5
       4
       2
       1
       2
       2
       3
       4
       2
       2
       2
       3
       3
       2
       1
       0
       6
       4
       3
       3
       3
       4
       1
       1
       0
       3
       5
       2
       4
       2
       0
       0
       3
       1
       2
       1
       1
       2
       1
       6
       3
       3
       1
       4
       5
       3
       1
       2
       2
       4
       1
       3
       2
       3
       3
       5
       3
       0
       1
       2
       5
       3
       2
       2
       2
       3
       2
       1
       1
       2
       3
       1
       2
       5
       2
       2
       2
       2
       1
       5
       0
       2
       0
       7
       4
       1
       5
       2
       2
       1
       3
       3
       0
       3
       3
       3
       1
       0
       5
       1
       4
       0
       2
       1
       3
       2
       2
       2
       3
       2
       0
       4
       3
       2
       2
       2
       1
       4
       3
       1
       3
       0
       7
       6
       4
       2
       1
       1
       1
       2
       2
       1
       3
       3
       0
       1
       5
       4
       2
       1
       3
       0
       2
       2
       1
       4
       1
       0
       1
       1
       3
       3
       1
       2
       3
       1
       6
       4
       2
       0
       3
       3
       2
       3
       0
       2
       4
       5
       3
       2
       3
       2
       4
       0
       4
       5
       1
       3
       3
       1
       0
       0
       2
       0
       0
       3
       1
       1
       3
       0
       4
       0
       3
       2
       2
       0
       3
       1
       2
       2
       2
       0
       2
       3
       3
       1
       0
       2
       1
       3
       3
       2
       3
       1
       3
       2
       3
       4
       5
       2
       4
       5
       4
       5
       5
       1
       3
       3
       1
       1
       1
       1
       3
       0
       5
       3
       2
       1
       2
       2
       3
       2
       3
       3
       0
       2
       1
       1
       0
       1
       2
       2
       3
       4
       2
       0
       2
       2
       3
       3
       0
       3
       1
       0
       5
       2
       4
       1
       0
       1
       2
       2
       1
       4
       1
       3
       2
       3
       6
       0
       0
       0
       1
       3
       3
       2
       2
       3
       1
       2
       2
       3
       0
       5
       2
       1
       0
       3
       0
       1
       1
       2
       3
       2
       2
       2
       1
       1
       2
       0
       1
       3
       1
       2
       2
       2
       1
       4
       1
       5
       1
       1
       1
       2
       2
       3
       4
       3
       2
       1
       3
       2
       1
       1
       2
       2
       0
       2
       1
       1
       4
       3
       1
       3
       0
       3
       3
       4
       2
       1
       2
       0
       3
       1
       0
       1
       2
       1
       5
       3
       1
       5
       5
       2
       2
       2
       2
       0
       4
       0
       1
       2
       1
       1
       1
       2
       2
       2
       0
       3
       0
       2
       5
       5
       4
       4
       4
       1
       6
       1
       5
       0
       1
       2
       1
       2
       4
       3
       2
       2
       1
       1
       3
       2
       8
       6
       8
       4
       4
       6
       7
       3
       2
       7
       8
      10
       4
       4
       3
       8
       6
       3
       4
       6
       6
       4
       5
       5
      10
       5
       9
       8
       7
       7
       9
      21
       9
       6
       5
       8
      10
       8
      14
      10
      10
       9
      11
      12
      10
      14
      10
      18
      18
      20
      13
      23
      13
      21
      28
      22
      29
      27
      43
      29
      36
      34
      30
      48
      42
      42
      51
      53
      67
      58
      79
      71
      82
      90
      90
      86
     111
     104
     107
     118
     124
     127
     118
     131
     159
     130
     145
     166
     141
     171
     162
     157
     159
     167
     177
     169
     192
     168
     171
     173
     178
     175
     168
     173
     183
     175
     190
     182
     212
     158
     153
     195
     181
     204
     178
     205
     189
     197
     186
     182
     190
     174
     180
     184
     184
     175
     177
     169
     167
     165
     138
     132
     138
     151
     120
     131
     103
     133
      90
      87
      77
      77
      57
      57
      54
      44
      35
      32
      33
      29
      23
      18
      20
      14
      13
      10
       9
      11
       5
       3
       3
       6
       6
       5
       3
       1
       1
       0
       0
       3
       1
       3
       0
       0
       2
       0
       1
       1
       0
       0
       0
       0
       1
       1
       0
       0
       0
       2
       0
       0
       0
       2
       1
       1
       0
       0
       1
       2
       0
       1
       2
       0
       1
       0
       1
       1
       0
       0
       0
       0
       0
       0
       2
       0
       1
       1
       3
       0
       2
       1
       1
       1
       0
       0
       0
       1
       0
       0
       1
       0
       0
       0
       0
       1
       1
       1
       0
       0
       0
       0
       0
       0
       0
       0
       0
       0
       0
       1
       2
       0
       1
       0
       0
       0
       3
       0
       0
       1
       0
       1
       1
       4
       1
       0
       0
       3
       1
       1
       0
       0
       1
       0
       1
       1
       1
       1
       0
       1
       0
       2
       0
       0
       1
       1
       1
       2
       0
       0
       2
       3
       0
       1
       1
       0
       1
       0
       1
       1
       1
       0
       0
       0
       0
       2
       0
       1
       0
       0
       0
       0
       0
       2
       1
       3
       0
       1
       2
       1
       0
       1
       0
       0
       0
       2
       1
       0
       1
       1
       1
       1
       2
       1
       3
       0
       1
       0
       2
       1
       0
       0
       3
       0
       1
       0
       0
       1
       0
       1
       0
       1
       0
       2
       1
       1
       0
       0
       0
       2
       0
       2
       2
       0
       0
       1
       0
       1
       1
       2
       0
       0
       0
       0
       2
       2
       0
       0
       1
       1
       0
       1
       1
       2
       1
       1
       1
       2
       1
       0
       0
       0
       1
       0
       1
       1
       1
       0
       1
       0
       0
       0
       3
       1
       0
       0
       2
       0
       1
       3
       1
       0
       2
       1
       1
       1
       1
       0
       1
       0
       0
       2
       0
       0
       0
       0
       1
       1
       4
       1
       1
       0
       0
       0
       2
       0
       0
       1
       2
       0
       1
       1
       0
       0
       0
       0
       1
       0
       0
       0
       0
       0
       0
       0
       0
       1
       1
       1
       2
       1
       0
       1
       1
       0
       0
       0
       0
       1
       0
       0
       1
       0
       1
       1
       2
       0
       1
       1
       1
       0
       2
       2
       0
       0
       1
       0
       2
       0
       2
       1
       0
       0
       2
       2
       3
       2
       0
       0
       0
       1
       0
       0
       1
       0
       0
       0
       2
       0
       1
       0
       0
       0
       0
       1
       0
       0
       1
       1
       2
       1
       0
       3
       1
       0
       0
       1
       0
       1
       0
       1
       0
       0
       1
       1
       1
       0
       1
       0
       0
       1
       0
       1
       0
       2
       0
       1
       0
       1
       0
       3
       1
       1
       2
       0
       0
       2
       0
       0
       0
       0
       1
       2
       1
       0
       0
       1
       0
       1
       0
       0
       0
       0
       0
       0
       0
       0
       0
       1
       1
       0
       0
       1
       2
       2
       0
       0
       0
       2
       0
       0
       2
       3
       1
       1
       0
       0
       1
       1
       1
       0
       0
       0
       1
       1
       0
       1
       1
       0
       0
       0
       0
       2
       1
       1
       0
       1
       0
       1
       0
       1
       0
       0
       0
       0
       0
       1
       1
       0
       1
       0
       3
       0
       0
       1
       0
       1
       0
       1
       0
       1
       0
       2
       0
       1
       1
       0
       0
       0
       0
       1
       1
       0
       1
       1
       2
       1
       2
       2
       1
       1
       0
       0
       0
       1
       0
       1
       1
       0
       0
       0
       0
       1
       1
       1
       0
       1
       0
       0
       1
       0
       0
       0
       0
       1
       0
       0
       0
       1
       1
       0
       0
       0
       0
       0
       1
       0
       0
       0
       0
       0
       0
       0
       0
       0
       0
       1
       0
       0
       0
       2
       0
       1
       0
       1
       0
       1
       0
       2
       2
       0
       1
       0
       2
       0
       0
       0
       0
       1
       0
       1
       0
       1
       1
       0
       1
       1
       0
       2
       0
       0
       0
       0
       1
       0
       0
       2
       2
       1
       0
       0
       1
       0
       0
       0
       4
       2
       0
       0
       0
       0
       0
       2
       2
       1
       1
       0
       0
       0
       0
       2
       0
       2
       0
       0
       1
       1
       0
       0
       0
       1
       0
       1
       0
       1
       0
       1
       0
       1
       1
       1
       1
       0
       1
       0
       1
       0
       0
       0
       2
       1
       1
       1
       0
       1
       0
       1
       0
       0
       0
       1
       1
       1
       1
       1
       1
       1
       0
       0
       1
       0
       0
       0
       0
       0
       2
       1
       0
       1
       0
       0
       0
       1
       0
       0
       0
       0
       0
       1
       1
       0
       0
       1
       1
       2
       0
       0
       1
       2
       1
       0
       1
       1
       0
       0
       0
       1
       0
       0
       0
       0
       1
       1
       1
       1
       1
       1
       2
       1
       0
       0
       1
       1
       0
       0
       0
       0
       0
       0
       1
       1
       0
       1
       1
       0
       3
       0
       0
       1
       1
       1
       1
       1
       0
       2
       1
       0
       1
       0
       0
       0
       0
       1
       1
       1
       0
       1
       1
       1
       1
       1
       1
       0
       2
       2
       1
       0
       1
       1
       0
       0
       0
       0
       0
       0
       1
       2
       2
       1
       0
       1
       2
       0
       0
       1
       1
       1
       0
       0
       0
       1
       0
       0
       0
       1
       3
       1
       2
       0
       0
       0
       2
       0
       1
       1
       0
       3
       0
       1
       0
       3
       1
       0
       1
       0
       0
       1
       0
       1
       1
       0
       0
       0
       1
       0
       1
       0
       1
       0
       0
       0
       1
       2
       1
       0
       0
       2
       2
       1
       0
       2
       1
       2
       1
       1
       1
       0
       1
       2
       3
       0
       1
       2
       0
       1
       0
       1
       0
       0
       2
       0
       1
       2
       0
       0
       0
       0
       0
       1
       1
       0
       0
       2
       0
       2
       0
       0
       1
       0
       1
       0
       0
       3
       2
       0
       0
       1
       0
       2
       0
       1
       0
       0
       2
       0
       0
       0
       1
       0
       1
       1
       0
       1
       0
       1
       2
       0
       1
       0
       1
       1
       0
       0
       1
       1
       1
       1
       2
       0
       0
       1
       1
       0
       0
       2
       1
       0
       2
       1
       4
       2
       0
       0
       1
       0
       0
       2
       1
       0
       3
       0
       1
       1
       0
       1
       0
       1
       2
       1
       1
       1
       2
       0
       0
       0
       2
       1
       1
       1
       2
       1
       0
       0
       0
       1
       0
       0
       0
       1
       1
       1
       1
       0
       1
       0
       1
       1
       1
       2
       0
       1
       2
       2
       3
       1
       4
       0
       1
       0
       0
       1
       0
       1
       1
       0
       0
       0
       0
       0
       2
       0
       2
       1
       1
       1
       1
       1
       3
       2
       4
       0
       1
       1
       1
       0
       1
       0
       7
       0
       1
       2
       1
       1
       0
       1
       2
       1
       2
       0
       3
       1
       1
       0
       0
       1
       2
       2
       1
       1
       1
       1
       1
       1
       1
       1
       0
       2
       1
       0
       2
       1
       0
       1
       0
       1
       0
       1
       0
       2
       0
       1
       0
       0
       1
       2
       2
       1
       1
       0
       1
       1
       2
       3
       2
       1
       2
       3
       2
       1
       1
       0
       3
       1
       1
       4
       1
       0
       2
       1
       1
       0
       1
       1
       0
       1
       2
       0
       3
       2
       2
       3
       1
       1
       1
       3
       2
       1
       1
       0
       1
       2
       0
       1
       1
       0
       1
       1
       1
       1
       2
       1
       1
       0
       1
       1
       4
       2
       0
       2
       3
       1
       0
       0
       2
       3
       4
       3
       4
       3
       5
       5
       5
       3
       4
       2
       2
       3
       2
       3
       1
       4
       3
       5
       1
       3
       1
       4
       4
       1
       3
       1
       1
       3
       1
       4
       7
       1
       3
       5
       4
       2
       3
       5
       2
       2
       2
       2
       3
       1
       2
       2
       2
       2
       3
       4
       7
       2
       1
       3
       0
       4
       5
       1
       4
       2
       2
       3
       3
       1
       1
       1
       1
       1
       0
       3
       3
       3
       2
       6
       1
       1
       4
       0
       1
       4
       2
       4
       1
       2
       1
       3
       3
       0
       2
       5
       1
       1
       2
       1
       1
       3
       2
       5
       1
       2
       0
       0
       0
       2
       2
       0
       3
       1
       3
       0
       3
       1
       3
       0
       1
       2
       1
       5
       1
       0
       2
       2
       3
       1
       1
       2
       3
       0
       0
       1
       0
       0
       2
       2
       2
       3
       2
       1
       2
       0
       1
       4
       1
       4
       1
       1
       3
       3
       0
       2
       0
       2
       0
       3
       1
       1
       0
       1
       2
       0
       1
       3
       0
       1
       2
       0
       2
       0
       0
       1
       1
       0
       3
       0
       1
       1
       0
       2
       2
       0
       0
       1
       2
       2
       0
$ROI:
5
349 399
960 988
992 1050
1491 1501
5157 5169
$PRESETS:
None
0
0
$ENER_FIT:
0.000000 0.186875
$MCA_CAL:
3
0.000000E+000 1.868748E-001 0.000000E+000 keV
$SHAPE_CAL:
3
0.000000E+000 0.000000E+000 0.000000E+000
