$SPEC_ID:
No sample description was entered.
$SPEC_REM:
DET# 1
DETDESC# DLAB-PHY-L3-49 926 Right
AP# Maestro Version 7.01
$DATE_MEA:
10/18/2024 15:21:04
$MEAS_TIM:
206 305
$DATA:
0 8191
       1
       1
       1
       2
       1
       3
       0
       2
       0
       1
       2
       3
       1
       2
       2
       2
       3
       4
       2
       5
       1
       4
       5
       3
       4
       5
      11
      32
      95
     187
     358
     533
     756
    1078
    1391
    1664
    1955
    2428
    2791
    3087
    3489
    3912
    4166
    4404
    4407
    4540
    4607
    4479
    4487
    4522
    4422
    4443
    4445
    4401
    4430
    4344
    4443
    4514
    4369
    4376
    4407
    4357
    4212
    4155
    4326
    4375
    4191
    4193
    4330
    4318
    4245
    4136
    4147
    4196
    4252
    4117
    4211
    4146
    4053
    4133
    4145
    4179
    4121
    4128
    4207
    4163
    4119
    4060
    4110
    4194
    4233
    4301
    4169
    4198
    4128
    4123
    4193
    4190
    4103
    4250
    4296
    4335
    4477
    4441
    4660
    4814
    4925
    5002
    4961
    5264
    5232
    5595
    5544
    5510
    5528
    5317
    5276
    5165
    5062
    4857
    4851
    4722
    4583
    4522
    4260
    4366
    4323
    4184
    4363
    4329
    4474
    4535
    4666
    4645
    4787
    4897
    4828
    4762
    4652
    4582
    4604
    4539
    4305
    4269
    4141
    4018
    4069
    3996
    3991
    3776
    3974
    3863
    3851
    3787
    3776
    3745
    3810
    3774
    3740
    3715
    3769
    3854
    3796
    3843
    3755
    3778
    3771
    3770
    3796
    3808
    3643
    3744
    3768
    3718
    3877
    3774
    3718
    3722
    3634
    3835
    3787
    3763
    3832
    3623
    3640
    3666
    3726
    3688
    3682
    3673
    3633
    3752
    3758
    3629
    3791
    3788
    3698
    3682
    3701
    3701
    3718
    3663
    3749
    3710
    3710
    3718
    3612
    3652
    3757
    3700
    3729
    3703
    3723
    3714
    3638
    3773
    3669
    3699
    3694
    3672
    3581
    3746
    3591
    3666
    3663
    3851
    3646
    3743
    3700
    3608
    3675
    3781
    3682
    3782
    3745
    3694
    3668
    3757
    3702
    3731
    3812
    3813
    3761
    3735
    3705
    3710
    3946
    3750
    3827
    3791
    3801
    3724
    3694
    3759
    3783
    3787
    3634
    3727
    3775
    3685
    3712
    3857
    3761
    3623
    3765
    3702
    3654
    3755
    3807
    3690
    3804
    3709
    3740
    3702
    3790
    3678
    3759
    3683
    3777
    3662
    3901
    3728
    3784
    3739
    3728
    3631
    3796
    3720
    3677
    3724
    3638
    3709
    3671
    3819
    3832
    3741
    3724
    3714
    3762
    3729
    3692
    3592
    3787
    3633
    3584
    3660
    3779
    3669
    3632
    3753
    3730
    3621
    3712
    3663
    3580
    3697
    3688
    3730
    3619
    3697
    3559
    3811
    3694
    3737
    3663
    3707
    3647
    3667
    3618
    3683
    3686
    3627
    3617
    3643
    3699
    3595
    3605
    3558
    3645
    3763
    3665
    3615
    3642
    3662
    3636
    3605
    3668
    3618
    3692
    3651
    3625
    3689
    3630
    3591
    3597
    3614
    3615
    3715
    3724
    3599
    3579
    3681
    3619
    3738
    3720
    3652
    3572
    3533
    3668
    3519
    3625
    3790
    3636
    3613
    3509
    3634
    3756
    3623
    3647
    3622
    3655
    3662
    3654
    3681
    3698
    3687
    3636
    3737
    3666
    3740
    3848
    3851
    3896
    3875
    3841
    3949
    3883
    3873
    4047
    3995
    4064
    3987
    4039
    3974
    4002
    4190
    4202
    4209
    4103
    4261
    4132
    4186
    4131
    4131
    4028
    4014
    4044
    4012
    4165
    4137
    4220
    4032
    4121
    4029
    3953
    4070
    4053
    4034
    4021
    4037
    4004
    3946
    3970
    3928
    3866
    3970
    3900
    3909
    3874
    3864
    3938
    3836
    4006
    3883
    3899
    3926
    3876
    3862
    3818
    3962
    3912
    3867
    3850
    3800
    3829
    3789
    3856
    3867
    3770
    3770
    3908
    3786
    3760
    3832
    3813
    3753
    3765
    3682
    3670
    3773
    3872
    3839
    3807
    3792
    3767
    3760
    3700
    3673
    3791
    3746
    3690
    3715
    3720
    3657
    3752
    3798
    3672
    3730
    3680
    3763
    3738
    3716
    3704
    3679
    3712
    3757
    3608
    3719
    3640
    3819
    3697
    3638
    3675
    3595
    3662
    3722
    3643
    3666
    3602
    3669
    3612
    3622
    3558
    3539
    3698
    3570
    3576
    3765
    3678
    3485
    3591
    3532
    3585
    3544
    3605
    3486
    3631
    3578
    3591
    3519
    3431
    3609
    3608
    3521
    3705
    3537
    3496
    3624
    3549
    3634
    3501
    3577
    3467
    3609
    3499
    3588
    3574
    3644
    3369
    3577
    3560
    3475
    3467
    3589
    3481
    3520
    3551
    3444
    3460
    3386
    3417
    3544
    3421
    3463
    3594
    3596
    3392
    3572
    3549
    3420
    3455
    3359
    3415
    3375
    3492
    3382
    3359
    3485
    3538
    3469
    3441
    3386
    3441
    3397
    3472
    3363
    3367
    3315
    3475
    3475
    3403
    3274
    3345
    3375
    3529
    3472
    3427
    3476
    3581
    3517
    3553
    3563
    3566
    3628
    3494
    3580
    3523
    3479
    3523
    3389
    3451
    3377
    3356
    3432
    3402
    3343
    3342
    3433
    3275
    3353
    3289
    3346
    3312
    3275
    3199
    3362
    3281
    3323
    3366
    3304
    3216
    3218
    3323
    3312
    3223
    3348
    3246
    3305
    3342
    3288
    3342
    3217
    3332
    3225
    3162
    3294
    3354
    3354
    3174
    3282
    3225
    3286
    3186
    3217
    3212
    3221
    3205
    3204
    3288
    3193
    3235
    3226
    3203
    3184
    3187
    3211
    3211
    3137
    3208
    3057
    3161
    3183
    3222
    3158
    3209
    3216
    3222
    3114
    3162
    3210
    3093
    3156
    3275
    3127
    3126
    3081
    3162
    3105
    3108
    3204
    3118
    3191
    3095
    3114
    3120
    3098
    3100
    3069
    3024
    3137
    3086
    3062
    3074
    3170
    3053
    3189
    3074
    2950
    3070
    2984
    3097
    3119
    3000
    3114
    3104
    3021
    2947
    3101
    3063
    3084
    3060
    3122
    3109
    2976
    3039
    3060
    3001
    3073
    3111
    3075
    3060
    2968
    3025
    2934
    3007
    2941
    2987
    2992
    2964
    2974
    3057
    2978
    3071
    2988
    2978
    3038
    2972
    3138
    2969
    2948
    3024
    2954
    2953
    2990
    3004
    2942
    2933
    2960
    2975
    2964
    3062
    2912
    2939
    2973
    2907
    2889
    2847
    2978
    2860
    2850
    2975
    2911
    2996
    2937
    2959
    2834
    2911
    2933
    2882
    2842
    3016
    2804
    2912
    2871
    2835
    2942
    2918
    2942
    2854
    2789
    2901
    2927
    2985
    2856
    2868
    2781
    2870
    2869
    2869
    2868
    3015
    2899
    2893
    2885
    2856
    2838
    2926
    2770
    2770
    2831
    2895
    2849
    2844
    2815
    2800
    2721
    2861
    2719
    2782
    2822
    2781
    2766
    2925
    2883
    2758
    2850
    2951
    2794
    2774
    2867
    2846
    2806
    2691
    2774
    2707
    2728
    2697
    2725
    2847
    2751
    2761
    2774
    2778
    2722
    2783
    2813
    2752
    2799
    2725
    2769
    2734
    2779
    2705
    2711
    2723
    2678
    2740
    2768
    2728
    2738
    2649
    2695
    2605
    2791
    2712
    2806
    2756
    2677
    2693
    2737
    2755
    2735
    2791
    2638
    2789
    2708
    2670
    2689
    2725
    2637
    2766
    2703
    2696
    2695
    2636
    2719
    2686
    2677
    2645
    2637
    2739
    2651
    2693
    2639
    2680
    2678
    2554
    2625
    2612
    2718
    2589
    2570
    2671
    2646
    2630
    2668
    2612
    2591
    2696
    2617
    2659
    2733
    2680
    2634
    2744
    2621
    2692
    2579
    2588
    2612
    2710
    2602
    2545
    2642
    2554
    2576
    2590
    2578
    2619
    2650
    2573
    2589
    2632
    2562
    2479
    2626
    2568
    2568
    2631
    2567
    2563
    2453
    2597
    2685
    2636
    2594
    2592
    2588
    2583
    2549
    2553
    2642
    2458
    2588
    2567
    2429
    2620
    2574
    2568
    2616
    2540
    2491
    2569
    2531
    2521
    2507
    2533
    2542
    2524
    2518
    2592
    2555
    2517
    2668
    2611
    2603
    2480
    2542
    2492
    2530
    2445
    2664
    2521
    2566
    2579
    2526
    2479
    2448
    2609
    2558
    2532
    2515
    2524
    2512
    2484
    2567
    2470
    2497
    2460
    2477
    2578
    2555
    2479
    2541
    2539
    2555
    2527
    2595
    2577
    2606
    2692
    2713
    2633
    2687
    2775
    2762
    2841
    2716
    2813
    2860
    2824
    2899
    2746
    2828
    2831
    2689
    2752
    2564
    2734
    2642
    2608
    2562
    2489
    2572
    2493
    2442
    2484
    2475
    2557
    2412
    2464
    2476
    2458
    2425
    2554
    2442
    2437
    2446
    2413
    2498
    2420
    2437
    2460
    2535
    2504
    2466
    2519
    2518
    2436
    2382
    2431
    2343
    2414
    2452
    2445
    2553
    2504
    2445
    2373
    2518
    2439
    2419
    2363
    2379
    2456
    2437
    2339
    2411
    2406
    2402
    2443
    2434
    2412
    2463
    2387
    2445
    2277
    2497
    2378
    2351
    2509
    2410
    2380
    2390
    2382
    2395
    2371
    2397
    2477
    2348
    2556
    2471
    2505
    2416
    2350
    2440
    2377
    2425
    2450
    2416
    2372
    2343
    2366
    2402
    2309
    2530
    2266
    2471
    2418
    2307
    2405
    2455
    2400
    2347
    2451
    2332
    2459
    2340
    2428
    2436
    2442
    2422
    2387
    2451
    2405
    2441
    2398
    2356
    2258
    2429
    2375
    2367
    2450
    2346
    2416
    2407
    2352
    2433
    2308
    2450
    2364
    2388
    2389
    2406
    2369
    2398
    2355
    2361
    2418
    2364
    2392
    2389
    2394
    2362
    2297
    2386
    2371
    2391
    2349
    2372
    2402
    2388
    2372
    2253
    2284
    2303
    2358
    2424
    2381
    2428
    2421
    2444
    2350
    2348
    2434
    2438
    2447
    2447
    2366
    2427
    2357
    2395
    2301
    2416
    2304
    2474
    2378
    2348
    2330
    2358
    2294
    2462
    2439
    2333
    2391
    2435
    2408
    2356
    2366
    2339
    2310
    2343
    2346
    2398
    2368
    2323
    2304
    2386
    2418
    2263
    2373
    2255
    2362
    2407
    2339
    2335
    2387
    2460
    2367
    2362
    2319
    2466
    2415
    2311
    2405
    2378
    2349
    2323
    2378
    2428
    2358
    2301
    2410
    2349
    2372
    2425
    2433
    2392
    2461
    2399
    2346
    2397
    2365
    2290
    2331
    2338
    2397
    2407
    2385
    2362
    2301
    2354
    2306
    2344
    2354
    2302
    2377
    2289
    2313
    2350
    2292
    2282
    2350
    2393
    2287
    2327
    2325
    2416
    2379
    2398
    2331
    2350
    2345
    2252
    2332
    2345
    2349
    2333
    2383
    2458
    2340
    2280
    2394
    2396
    2476
    2270
    2333
    2376
    2309
    2392
    2287
    2428
    2329
    2481
    2415
    2335
    2360
    2314
    2365
    2322
    2395
    2388
    2347
    2392
    2344
    2405
    2345
    2384
    2333
    2365
    2388
    2336
    2431
    2398
    2318
    2377
    2292
    2392
    2370
    2364
    2388
    2435
    2308
    2439
    2382
    2300
    2376
    2393
    2422
    2415
    2444
    2344
    2355
    2396
    2378
    2332
    2328
    2288
    2362
    2449
    2309
    2429
    2510
    2393
    2405
    2415
    2464
    2308
    2290
    2341
    2357
    2400
    2439
    2400
    2367
    2480
    2336
    2362
    2298
    2324
    2376
    2393
    2376
    2367
    2347
    2269
    2373
    2411
    2338
    2365
    2365
    2435
    2491
    2388
    2450
    2351
    2398
    2513
    2347
    2452
    2385
    2322
    2395
    2463
    2392
    2390
    2372
    2385
    2429
    2314
    2418
    2386
    2454
    2381
    2449
    2427
    2439
    2411
    2477
    2401
    2356
    2402
    2568
    2435
    2368
    2394
    2545
    2400
    2464
    2366
    2380
    2423
    2420
    2453
    2409
    2376
    2414
    2417
    2433
    2481
    2473
    2389
    2500
    2415
    2487
    2458
    2324
    2397
    2452
    2373
    2438
    2491
    2562
    2433
    2432
    2440
    2450
    2415
    2472
    2459
    2455
    2496
    2375
    2473
    2406
    2504
    2507
    2433
    2516
    2498
    2440
    2479
    2407
    2523
    2438
    2423
    2455
    2414
    2465
    2474
    2421
    2525
    2560
    2476
    2441
    2373
    2517
    2482
    2530
    2502
    2459
    2395
    2512
    2519
    2504
    2487
    2477
    2460
    2427
    2517
    2553
    2465
    2461
    2547
    2488
    2487
    2566
    2463
    2492
    2466
    2446
    2532
    2429
    2550
    2526
    2517
    2526
    2524
    2520
    2480
    2564
    2516
    2597
    2527
    2468
    2444
    2540
    2518
    2553
    2495
    2524
    2476
    2564
    2584
    2431
    2526
    2562
    2580
    2563
    2423
    2539
    2595
    2660
    2608
    2439
    2466
    2559
    2566
    2526
    2572
    2497
    2540
    2526
    2513
    2585
    2584
    2562
    2583
    2602
    2551
    2692
    2548
    2550
    2651
    2509
    2619
    2586
    2561
    2582
    2531
    2540
    2555
    2658
    2584
    2539
    2518
    2570
    2729
    2619
    2541
    2629
    2595
    2635
    2560
    2544
    2684
    2675
    2699
    2637
    2531
    2662
    2605
    2654
    2643
    2710
    2644
    2651
    2676
    2641
    2644
    2661
    2646
    2643
    2668
    2630
    2677
    2722
    2766
    2686
    2692
    2659
    2656
    2668
    2737
    2610
    2675
    2641
    2692
    2686
    2718
    2665
    2562
    2694
    2700
    2711
    2674
    2707
    2730
    2762
    2752
    2701
    2735
    2767
    2700
    2727
    2722
    2700
    2676
    2699
    2783
    2665
    2712
    2744
    2723
    2721
    2710
    2772
    2751
    2783
    2798
    2768
    2724
    2838
    2765
    2846
    2815
    2802
    2782
    2804
    2726
    2780
    2797
    2870
    2826
    2761
    2772
    2888
    2902
    2861
    2823
    2920
    2919
    2896
    2879
    2836
    2896
    2831
    2912
    2819
    2890
    2944
    2877
    2903
    2855
    2937
    2913
    2854
    2875
    2835
    2865
    2873
    2876
    2923
    2926
    2938
    2873
    2925
    2849
    2895
    2911
    2884
    2912
    2891
    2905
    2840
    2873
    2853
    2934
    2881
    2975
    2800
    2824
    2911
    2860
    3003
    2805
    2889
    3045
    2966
    2988
    2927
    2977
    3047
    2880
    2897
    2965
    2938
    3031
    3039
    2972
    2986
    2900
    3068
    3039
    3047
    2930
    2916
    2980
    3105
    3028
    2981
    3017
    2978
    3030
    3007
    2957
    3037
    3035
    3095
    3108
    3068
    3116
    3122
    3150
    3083
    3070
    3216
    3089
    3184
    3114
    3091
    3200
    3141
    3055
    3111
    3085
    3088
    3147
    3152
    3148
    3134
    3120
    3194
    3230
    3152
    3235
    3176
    3095
    3106
    3261
    3277
    3102
    3131
    3241
    3282
    3195
    3188
    3250
    3254
    3302
    3228
    3249
    3287
    3238
    3219
    3357
    3208
    3210
    3359
    3338
    3314
    3358
    3322
    3359
    3382
    3429
    3463
    3256
    3346
    3367
    3356
    3359
    3384
    3464
    3417
    3354
    3427
    3420
    3490
    3497
    3485
    3487
    3419
    3460
    3430
    3459
    3493
    3358
    3533
    3485
    3547
    3488
    3502
    3382
    3504
    3402
    3514
    3512
    3529
    3586
    3516
    3533
    3509
    3578
    3551
    3552
    3683
    3596
    3640
    3543
    3583
    3557
    3693
    3662
    3624
    3760
    3796
    3786
    3658
    3663
    3655
    3665
    3809
    3760
    3757
    3736
    3821
    3794
    3793
    3851
    3815
    3766
    3769
    3803
    3759
    3821
    3717
    3907
    3838
    3819
    3828
    3927
    3868
    3858
    3882
    3906
    3879
    3889
    3976
    3883
    3941
    3891
    3990
    3975
    4070
    4025
    3944
    4075
    3933
    4003
    4093
    4020
    3959
    4031
    4048
    4031
    4059
    4018
    4058
    4022
    4096
    4004
    4155
    4099
    4098
    4098
    4157
    4171
    4167
    4195
    4241
    4206
    4235
    4092
    4141
    4204
    4191
    4203
    4241
    4121
    4292
    4211
    4162
    4257
    4256
    4316
    4426
    4264
    4302
    4265
    4267
    4145
    4332
    4430
    4346
    4346
    4273
    4244
    4351
    4407
    4183
    4444
    4263
    4374
    4286
    4259
    4278
    4304
    4255
    4169
    4272
    4136
    4200
    3988
    4098
    3961
    3907
    3959
    3938
    3891
    3741
    3775
    3792
    3648
    3708
    3662
    3562
    3682
    3466
    3352
    3435
    3417
    3369
    3371
    3200
    3242
    3289
    3269
    3217
    3201
    3239
    3220
    3105
    3230
    3190
    3113
    3128
    3114
    3126
    3088
    2990
    3008
    3070
    3133
    2982
    3035
    3038
    3126
    2904
    2966
    3045
    3106
    3062
    3028
    2989
    3049
    3072
    3119
    2907
    2938
    2923
    3100
    2999
    2943
    3076
    2947
    3001
    2985
    3007
    2851
    2863
    2981
    2915
    2841
    2990
    2876
    2994
    2990
    2973
    2908
    2808
    3038
    2876
    2908
    2825
    2942
    2885
    3022
    2929
    2888
    2883
    2847
    2784
    2916
    2874
    2922
    2931
    2878
    2844
    2865
    2912
    2889
    2907
    2950
    2834
    2815
    2862
    2806
    2855
    2876
    2857
    2808
    2913
    2797
    2818
    2756
    2760
    2867
    2876
    2800
    2900
    2716
    2850
    2765
    2878
    2733
    2746
    2670
    2748
    2725
    2772
    2690
    2871
    2703
    2749
    2768
    2823
    2843
    2796
    2741
    2719
    2682
    2818
    2753
    2764
    2820
    2727
    2774
    2705
    2800
    2752
    2704
    2785
    2723
    2832
    2775
    2711
    2715
    2664
    2774
    2690
    2715
    2647
    2747
    2680
    2635
    2600
    2627
    2665
    2686
    2725
    2718
    2729
    2721
    2570
    2636
    2632
    2604
    2634
    2609
    2730
    2648
    2592
    2631
    2667
    2642
    2598
    2539
    2542
    2658
    2542
    2594
    2669
    2622
    2604
    2617
    2610
    2628
    2553
    2600
    2650
    2556
    2557
    2647
    2685
    2525
    2683
    2520
    2607
    2570
    2613
    2602
    2575
    2561
    2599
    2629
    2574
    2574
    2628
    2545
    2531
    2647
    2594
    2611
    2612
    2515
    2723
    2606
    2573
    2598
    2581
    2644
    2612
    2641
    2695
    2585
    2620
    2616
    2598
    2628
    2733
    2662
    2696
    2582
    2602
    2636
    2603
    2694
    2582
    2710
    2629
    2723
    2627
    2668
    2743
    2644
    2645
    2771
    2657
    2785
    2626
    2726
    2649
    2579
    2701
    2808
    2729
    2765
    2793
    2743
    2765
    2644
    2703
    2726
    2774
    2780
    2755
    2722
    2787
    2732
    2746
    2802
    2767
    2782
    2817
    2815
    2744
    2818
    2835
    2856
    2873
    2799
    2762
    2849
    2845
    2835
    2898
    2645
    2842
    2794
    2832
    2836
    2851
    2842
    2855
    2817
    2745
    2854
    2860
    2823
    2847
    2799
    2804
    2745
    2916
    2783
    2768
    2693
    2785
    2763
    2639
    2617
    2678
    2642
    2632
    2529
    2445
    2573
    2453
    2404
    2391
    2418
    2308
    2288
    2226
    2178
    2247
    2100
    2102
    2013
    1929
    2070
    1902
    1887
    1895
    1830
    1885
    1835
    1782
    1835
    1765
    1771
    1668
    1710
    1731
    1719
    1677
    1675
    1652
    1683
    1648
    1630
    1609
    1649
    1647
    1572
    1580
    1597
    1609
    1570
    1536
    1608
    1540
    1476
    1608
    1505
    1549
    1478
    1504
    1470
    1492
    1502
    1495
    1490
    1486
    1465
    1502
    1516
    1436
    1419
    1473
    1436
    1414
    1443
    1442
    1408
    1555
    1427
    1455
    1479
    1458
    1485
    1534
    1476
    1512
    1536
    1489
    1557
    1593
    1548
    1558
    1640
    1663
    1726
    1714
    1778
    1897
    1861
    2010
    2123
    2197
    2400
    2565
    2754
    2968
    3221
    3548
    4194
    4566
    5249
    6132
    6842
    8008
    9138
   10406
   11719
   13008
   14670
   15856
   17556
   18530
   19932
   20841
   21618
   22139
   22702
   23641
   23759
   23799
   23782
   23296
   23120
   22309
   21216
   20045
   18488
   16728
   14723
   13199
   11361
    9387
    7850
    6541
    5274
    4253
    3367
    2731
    2391
    1907
    1711
    1449
    1294
    1157
    1090
    1000
    1054
    1007
     929
     988
     936
     942
     947
     920
     869
     843
     904
     903
     844
     840
     819
     822
     795
     851
     832
     815
     802
     804
     782
     816
     779
     772
     790
     768
     748
     736
     769
     726
     681
     709
     722
     690
     717
     700
     698
     646
     648
     651
     655
     634
     651
     655
     612
     595
     603
     585
     611
     616
     575
     604
     576
     586
     552
     548
     574
     602
     559
     557
     500
     535
     510
     556
     524
     474
     491
     528
     480
     473
     474
     494
     450
     485
     467
     481
     495
     461
     440
     409
     455
     477
     458
     468
     418
     411
     437
     438
     433
     407
     377
     412
     367
     387
     427
     377
     383
     391
     374
     358
     403
     392
     371
     352
     358
     332
     357
     357
     348
     359
     333
     350
     367
     373
     365
     314
     330
     346
     315
     329
     319
     337
     305
     331
     323
     300
     273
     309
     306
     333
     315
     286
     281
     276
     276
     320
     274
     280
     299
     281
     302
     286
     302
     321
     267
     272
     284
     249
     275
     252
     282
     263
     291
     250
     265
     240
     291
     232
     277
     245
     260
     272
     235
     251
     226
     254
     231
     284
     270
     259
     268
     239
     247
     269
     226
     255
     252
     252
     245
     253
     241
     242
     263
     253
     215
     261
     231
     253
     229
     234
     237
     241
     228
     232
     256
     241
     235
     244
     251
     220
     221
     243
     232
     223
     233
     233
     221
     208
     234
     233
     227
     222
     248
     199
     226
     234
     245
     232
     230
     198
     225
     209
     213
     212
     220
     224
     211
     214
     200
     207
     216
     212
     218
     238
     192
     220
     234
     215
     217
     214
     216
     222
     218
     217
     221
     228
     245
     239
     241
     261
     263
     247
     284
     297
     280
     307
     337
     341
     370
     377
     402
     411
     447
     445
     480
     545
     585
     669
     685
     689
     805
     852
     987
    1064
    1153
    1251
    1429
    1624
    1843
    2283
    2619
    2932
    3423
    4025
    4754
    5426
    6543
    7457
    8360
    9519
   10516
   11391
   12787
   13730
   14520
   15360
   15923
   16598
   17105
   17448
   17851
   18127
   18166
   18507
   18540
   18434
   18027
   17630
   16819
   16029
   14777
   13433
   11934
   10750
    9071
    7903
    6354
    5180
    4231
    3207
    2460
    1985
    1459
    1099
     838
     612
     441
     376
     295
     236
     211
     171
     131
     142
     124
     110
     129
     136
     116
     121
     114
     120
     126
     115
     116
     114
     128
     101
     116
     121
     108
      99
     101
     111
      88
      86
      93
      98
     109
      77
     103
     101
      95
     101
     107
     112
      94
      96
      89
      80
     103
      74
      86
     107
     110
      80
      94
     110
      92
      92
      88
      92
      89
      86
     106
     102
      85
      84
      94
      99
      98
      81
      69
      79
      81
      95
      85
      88
      93
      74
      84
      84
      92
      84
      85
      93
      79
      75
      87
      92
      88
     106
      79
      82
      95
      87
      92
      64
      78
      92
      90
      79
      93
      62
      95
      83
      90
      77
      90
      72
      77
      82
      70
      81
      84
      74
      93
      92
      94
      72
      68
     102
      73
      88
      73
      76
      85
      91
      75
      75
      80
      73
      87
      96
      94
      92
      66
      81
      94
      75
      80
      87
      86
      92
      81
      84
      88
      85
      73
      83
      77
      81
      68
      67
      81
      79
      78
      84
      68
      90
      76
      85
      83
      87
      86
      80
      77
      77
      79
      62
      83
      70
      78
      80
      80
      72
      69
      71
      80
      60
      67
      66
      78
      57
      67
      83
      65
      80
      79
      74
      78
      59
      82
      73
      71
      70
      63
      74
      91
      69
      55
      78
      57
      75
      73
      76
      81
      81
      71
      73
      67
      76
      68
      56
      57
      68
      60
      77
      69
      72
      53
      67
      74
      67
      85
      65
      60
      69
      69
      72
      64
      76
      71
      65
      73
      75
      83
      45
      67
      87
      71
      56
      56
      63
      64
      78
      73
      63
      75
      67
      73
      58
      68
      68
      69
      65
      62
      58
      69
      62
      71
      57
      67
      78
      60
      48
      74
      70
      71
      62
      67
      61
      71
      46
      69
      56
      60
      60
      60
      65
      62
      72
      54
      57
      66
      64
      60
      61
      56
      66
      60
      58
      67
      63
      67
      62
      52
      57
      60
      75
      61
      60
      55
      53
      52
      64
      56
      83
      69
      54
      63
      56
      59
      62
      76
      63
      59
      50
      40
      63
      56
      51
      64
      58
      49
      54
      61
      65
      54
      54
      51
      55
      44
      62
      55
      71
      61
      74
      61
      70
      56
      51
      55
      55
      55
      66
      54
      54
      68
      61
      61
      49
      58
      70
      61
      72
      58
      47
      70
      56
      60
      56
      58
      61
      68
      63
      58
      49
      75
      44
      47
      55
      62
      51
      63
      56
      56
      53
      45
      63
      54
      48
      68
      58
      62
      54
      55
      68
      58
      66
      57
      62
      52
      55
      46
      58
      61
      58
      56
      73
      47
      59
      49
      65
      56
      51
      43
      58
      54
      59
      63
      52
      51
      55
      58
      62
      60
      53
      49
      68
      48
      52
      60
      65
      61
      49
      64
      61
      56
      55
      56
      55
      43
      55
      57
      50
      64
      49
      50
      59
      63
      54
      64
      50
      53
      76
      72
      53
      51
      62
      50
      59
      62
      54
      58
      58
      53
      66
      51
      48
      66
      54
      49
      50
      62
      53
      44
      44
      69
      47
      60
      61
      48
      61
      59
      47
      63
      46
      57
      48
      62
      56
      67
      52
      49
      52
      49
      50
      58
      62
      54
      60
      62
      54
      55
      59
      47
      45
      60
      56
      54
      45
      69
      56
      54
      49
      49
      45
      47
      65
      55
      59
      51
      43
      58
      41
      59
      58
      44
      54
      52
      57
      53
      49
      58
      42
      53
      51
      51
      58
      46
      50
      48
      50
      58
      45
      59
      57
      55
      47
      51
      51
      38
      56
      58
      51
      56
      63
      49
      39
      65
      56
      41
      58
      37
      46
      45
      50
      54
      55
      43
      48
      52
      50
      47
      48
      61
      59
      45
      52
      47
      54
      44
      61
      48
      56
      46
      42
      56
      48
      54
      41
      59
      48
      50
      52
      53
      66
      51
      53
      52
      56
      44
      53
      48
      49
      52
      55
      53
      37
      53
      47
      37
      57
      52
      46
      43
      48
      53
      48
      50
      41
      47
      57
      50
      46
      50
      56
      61
      43
      49
      51
      57
      49
      56
      38
      49
      56
      38
      52
      55
      42
      42
      47
      48
      44
      50
      50
      40
      45
      55
      48
      57
      37
      41
      35
      50
      54
      46
      43
      34
      46
      52
      50
      46
      56
      42
      46
      52
      47
      44
      54
      49
      51
      54
      51
      52
      47
      54
      46
      55
      58
      41
      52
      41
      47
      57
      58
      50
      34
      57
      52
      53
      50
      53
      42
      42
      44
      59
      40
      42
      52
      51
      46
      46
      46
      47
      53
      48
      62
      43
      58
      56
      61
      46
      50
      44
      46
      46
      48
      65
      52
      50
      50
      46
      55
      51
      53
      51
      48
      59
      56
      52
      47
      54
      53
      50
      36
      61
      40
      49
      41
      46
      51
      45
      43
      36
      46
      31
      49
      41
      43
      49
      60
      50
      42
      59
      47
      53
      46
      63
      36
      53
      48
      48
      51
      30
      55
      57
      41
      43
      38
      45
      54
      43
      35
      41
      56
      43
      41
      56
      60
      46
      41
      43
      50
      50
      49
      42
      48
      46
      49
      42
      30
      41
      46
      47
      42
      44
      53
      36
      41
      58
      35
      57
      52
      38
      60
      48
      51
      54
      49
      59
      41
      46
      35
      41
      40
      40
      53
      42
      54
      46
      47
      48
      48
      37
      44
      37
      50
      29
      44
      45
      41
      43
      42
      29
      39
      45
      50
      36
      41
      49
      36
      42
      67
      48
      51
      38
      50
      40
      55
      43
      43
      34
      38
      33
      52
      44
      47
      40
      40
      37
      38
      39
      44
      39
      46
      51
      39
      48
      50
      36
      44
      49
      57
      38
      43
      50
      38
      41
      50
      47
      40
      45
      40
      46
      41
      53
      40
      42
      35
      36
      50
      51
      38
      44
      47
      48
      39
      41
      51
      49
      44
      44
      41
      54
      45
      44
      51
      48
      39
      39
      39
      44
      34
      41
      43
      45
      48
      38
      42
      53
      39
      41
      47
      53
      45
      34
      42
      42
      41
      47
      58
      51
      46
      39
      37
      49
      39
      41
      43
      37
      42
      33
      37
      41
      49
      55
      47
      52
      40
      36
      50
      40
      53
      52
      42
      39
      45
      40
      44
      42
      50
      47
      37
      46
      32
      33
      37
      55
      42
      40
      38
      48
      36
      45
      41
      38
      49
      41
      37
      41
      36
      29
      47
      46
      33
      52
      44
      45
      42
      36
      43
      31
      46
      40
      46
      41
      46
      46
      52
      36
      43
      28
      50
      58
      39
      44
      37
      47
      36
      53
      43
      50
      46
      36
      42
      41
      46
      43
      47
      36
      48
      41
      33
      35
      34
      38
      38
      28
      46
      45
      48
      46
      38
      53
      45
      44
      30
      42
      31
      40
      35
      42
      40
      40
      30
      52
      41
      35
      36
      46
      53
      36
      47
      48
      44
      43
      52
      42
      44
      36
      29
      42
      31
      40
      51
      49
      64
      35
      35
      35
      32
      43
      45
      39
      28
      50
      44
      60
      41
      40
      44
      36
      44
      38
      49
      41
      44
      35
      30
      31
      38
      46
      37
      27
      46
      42
      39
      39
      45
      47
      25
      53
      41
      51
      36
      31
      45
      45
      56
      31
      35
      38
      45
      41
      32
      42
      52
      47
      33
      42
      45
      38
      41
      47
      42
      30
      49
      30
      52
      34
      37
      50
      44
      41
      36
      37
      50
      46
      31
      38
      35
      46
      42
      36
      34
      38
      26
      38
      56
      37
      35
      34
      54
      29
      49
      42
      32
      40
      42
      47
      34
      31
      37
      59
      32
      43
      39
      47
      42
      43
      49
      41
      35
      40
      39
      28
      43
      44
      41
      33
      41
      41
      46
      39
      42
      42
      45
      32
      33
      41
      51
      46
      46
      36
      45
      37
      48
      36
      38
      35
      41
      34
      35
      39
      43
      47
      44
      36
      35
      43
      43
      37
      49
      41
      39
      38
      24
      44
      42
      47
      43
      31
      46
      31
      40
      46
      40
      39
      47
      36
      42
      38
      32
      36
      31
      45
      48
      43
      37
      46
      23
      42
      39
      37
      30
      36
      39
      35
      41
      35
      42
      41
      32
      45
      51
      31
      36
      33
      43
      32
      41
      36
      42
      37
      46
      34
      34
      48
      33
      48
      44
      35
      37
      32
      38
      39
      40
      38
      34
      39
      43
      45
      40
      32
      31
      34
      45
      42
      38
      47
      44
      36
      27
      41
      31
      36
      29
      53
      38
      28
      38
      41
      31
      33
      43
      38
      26
      36
      37
      41
      35
      36
      39
      49
      37
      34
      45
      34
      39
      33
      30
      31
      38
      29
      32
      37
      33
      29
      34
      40
      41
      32
      46
      45
      37
      44
      32
      44
      35
      34
      34
      34
      45
      42
      47
      31
      36
      37
      42
      37
      30
      44
      36
      37
      41
      39
      34
      38
      47
      45
      33
      26
      33
      41
      34
      47
      45
      42
      46
      35
      38
      30
      31
      27
      40
      38
      39
      28
      27
      34
      50
      30
      35
      43
      19
      40
      33
      37
      37
      42
      29
      34
      37
      34
      45
      38
      35
      18
      38
      40
      29
      37
      38
      32
      36
      44
      28
      25
      28
      27
      37
      37
      39
      36
      50
      42
      46
      35
      36
      36
      29
      35
      33
      41
      42
      29
      29
      39
      39
      35
      29
      43
      36
      26
      51
      32
      37
      24
      26
      39
      42
      36
      30
      53
      34
      44
      51
      26
      24
      43
      42
      35
      44
      40
      26
      28
      35
      31
      35
      35
      32
      29
      31
      29
      28
      40
      30
      33
      32
      32
      29
      39
      26
      44
      30
      23
      37
      32
      41
      42
      41
      23
      34
      31
      34
      32
      26
      36
      25
      36
      35
      31
      33
      30
      45
      33
      46
      34
      29
      31
      39
      29
      35
      26
      36
      48
      37
      32
      35
      27
      24
      31
      28
      37
      42
      32
      31
      33
      32
      22
      30
      39
      22
      42
      33
      32
      24
      34
      33
      36
      25
      28
      22
      38
      32
      45
      32
      33
      29
      27
      34
      34
      33
      31
      37
      32
      37
      39
      24
      36
      23
      30
      35
      32
      24
      32
      26
      29
      25
      35
      37
      38
      28
      29
      30
      31
      49
      47
      35
      28
      28
      27
      19
      32
      41
      31
      32
      27
      30
      41
      34
      35
      30
      38
      32
      34
      38
      38
      26
      35
      25
      23
      27
      36
      31
      29
      27
      34
      32
      15
      30
      24
      33
      34
      30
      32
      35
      36
      25
      27
      27
      27
      25
      35
      30
      27
      32
      33
      28
      23
      25
      24
      38
      25
      28
      35
      28
      29
      26
      25
      30
      38
      33
      25
      29
      24
      21
      22
      34
      27
      22
      22
      22
      32
      33
      29
      32
      39
      32
      32
      38
      31
      42
      31
      25
      34
      27
      31
      33
      23
      29
      36
      33
      29
      26
      19
      32
      27
      31
      35
      31
      35
      24
      31
      32
      34
      24
      25
      34
      37
      25
      28
      35
      23
      29
      32
      26
      25
      29
      26
      28
      25
      34
      30
      39
      25
      34
      35
      25
      26
      32
      28
      32
      25
      28
      28
      29
      31
      28
      22
      42
      23
      30
      31
      37
      28
      23
      22
      34
      25
      31
      33
      26
      23
      24
      18
      22
      22
      32
      28
      28
      28
      32
      21
      24
      27
      29
      26
      29
      25
      30
      38
      21
      28
      26
      19
      18
      25
      25
      19
      21
      27
      41
      28
      29
      31
      30
      24
      21
      36
      27
      23
      30
      22
      24
      25
      27
      29
      28
      20
      35
      26
      23
      18
      31
      23
      30
      23
      30
      23
      25
      28
      31
      31
      27
      33
      19
      27
      17
      34
      24
      26
      25
      31
      28
      27
      27
      28
      24
      25
      29
      33
      22
      27
      22
      22
      22
      26
      34
      23
      25
      28
      36
      31
      19
      29
      26
      21
      29
      24
      23
      29
      22
      22
      32
      25
      23
      27
      23
      28
      23
      21
      27
      28
      30
      31
      17
      32
      37
      34
      19
      25
      25
      26
      30
      23
      35
      21
      20
      26
      17
      21
      36
      27
      23
      26
      25
      24
      25
      33
      26
      17
      24
      29
      28
      24
      33
      28
      31
      24
      29
      30
      27
      26
      17
      25
      33
      30
      33
      39
      26
      24
      25
      28
      16
      29
      30
      23
      19
      29
      21
      24
      33
      29
      31
      29
      26
      24
      30
      26
      23
      32
      24
      24
      27
      27
      26
      22
      29
      29
      30
      28
      22
      33
      29
      23
      23
      29
      21
      32
      28
      32
      33
      27
      28
      24
      27
      19
      37
      24
      19
      20
      21
      31
      30
      23
      30
      29
      18
      34
      21
      31
      26
      21
      20
      26
      34
      24
      22
      28
      26
      27
      23
      24
      24
      23
      28
      26
      21
      19
      20
      25
      23
      19
      26
      16
      22
      21
      18
      28
      27
      23
      17
      20
      25
      28
      37
      20
      28
      22
      24
      30
      21
      18
      20
      23
      21
      18
      30
      31
      20
      14
      20
      12
      13
      21
      24
      18
      23
      27
      26
      23
      20
      19
      11
      14
      13
      18
      18
      19
      15
      18
      22
      16
      12
      20
      23
      16
      20
      18
      10
      18
      23
      17
      26
      13
      21
      15
      17
      24
      15
      24
      11
      23
      21
      20
      17
      13
      12
      22
      15
      18
      13
       9
      12
      20
      13
      21
      24
      22
      21
      18
      12
      20
      18
      14
      24
      16
      13
      18
      18
      15
      14
      12
      21
      17
      21
      18
      15
      15
       9
      15
      19
      20
      15
      23
      19
      21
      16
      16
      14
      28
      13
      16
      13
      18
      20
      13
      16
      16
      15
       9
      17
      14
      23
       9
      10
      16
      12
      15
      15
      14
      11
      18
      22
      16
      13
      19
       9
      18
      17
      13
      16
      12
      11
      13
      11
       8
      12
      10
      15
       8
      12
       7
       9
      13
      20
      12
       8
      10
       9
      15
      11
       5
       9
      10
       9
      10
      12
      12
       7
      15
      17
      12
      10
      13
       6
      12
       4
      10
       6
       9
      13
       7
      12
       5
       9
       4
      15
      15
      13
       2
       8
       7
      10
       8
       4
      15
      12
       9
       3
      14
       6
       6
       7
      10
      16
      13
      11
       7
      13
       5
      11
       7
       9
      18
      12
       7
       6
      10
       8
       9
      13
      10
       9
       8
      13
      10
       8
       9
       5
      13
       8
       6
       9
       7
       8
      10
      11
      10
      11
      11
       2
       5
       7
       9
       8
      10
       5
       5
       4
       6
      12
      11
       9
       9
       8
       7
      10
      12
      12
      10
       7
       6
      13
      11
       4
       6
       6
       1
       4
       7
       9
       8
       7
      11
       5
       7
       5
       7
       7
       8
       7
       7
       7
       8
       7
      12
      11
       5
      10
       7
      10
      12
       7
       6
      10
       8
       6
       7
       9
      12
      11
       5
      13
       6
       5
      17
       6
       6
       6
       7
       8
      10
       7
       3
      10
       7
       2
       8
       3
      11
       9
       6
       9
      13
       5
       3
      11
       5
      10
       6
      10
       9
       5
       5
       4
       9
       7
       3
       1
       5
       6
       8
       7
       4
       4
      12
       4
       6
       2
       4
       6
       7
       3
      10
       5
       5
       9
       8
       6
       8
       3
      10
       4
       2
       8
       7
       9
       6
       6
       4
       5
       6
       8
      12
       6
       4
      11
       6
       4
      11
       6
       9
      13
       7
       9
       8
       5
      13
       5
       6
       3
       8
       7
       8
       5
      10
      11
       9
      11
       8
       6
       7
      13
      14
      11
      13
      13
      13
       9
       9
       9
      12
      16
      18
      11
      15
      13
      19
       9
      20
      16
      15
      22
      18
      22
      20
       8
      17
      22
      14
      18
      29
      17
      21
      33
      18
      38
      36
      29
      31
      23
      37
      35
      33
      39
      35
      40
      32
      44
      33
      28
      35
      30
      31
      42
      37
      32
      28
      32
      29
      36
      30
      23
      31
      23
      21
      28
      24
      28
      21
      19
      19
      18
      16
      16
      10
       6
      13
       7
      11
       9
       4
       7
       2
       3
       2
       3
       3
       1
       1
       2
       1
       3
       3
       1
       2
       2
       2
       4
       1
       1
       2
       3
       2
       1
       3
       3
       6
       0
       2
       4
       3
       3
       3
       1
       3
       2
       2
       1
       1
       2
       0
       2
       1
       2
       3
       3
       4
       3
       3
       1
       4
       1
       3
       0
       4
       2
       0
       4
       1
       0
       1
       1
       2
       1
       2
       2
       4
       2
       0
       3
       1
       1
       2
       1
       4
       4
       5
       3
       2
       0
       1
       3
       2
       0
       3
       4
       1
       1
       2
       3
       2
       0
       1
       2
       2
       2
       0
       1
       0
       1
       1
       2
       2
       2
       3
       4
       2
       1
       0
       2
       1
       2
       1
       3
       2
       1
       1
       0
       0
       2
       1
       0
       1
       1
       1
       2
       2
       5
       0
       2
       3
       3
       1
       1
       1
       1
       2
       3
       2
       3
       0
       3
       2
       1
       2
       3
       2
       3
       3
       2
       2
       1
       1
       1
       3
       2
       1
       2
       2
       3
       1
       2
       2
       2
       3
       1
       4
       1
       0
       0
       0
       1
       1
       2
       0
       4
       2
       2
       3
       2
       1
       3
       2
       5
       1
       2
       5
       4
       2
       3
       3
       1
       2
       1
       2
       2
       1
       2
       3
       4
       1
       2
       0
       2
       1
       2
       5
       0
       4
       3
       2
       3
       0
       2
       3
       4
       1
       4
       1
       2
       3
       3
       1
       1
       0
       2
       5
       0
       1
       3
       4
       0
       2
       1
       4
       2
       2
       1
       2
       4
       2
       3
       1
       3
       2
       6
       4
       2
       3
       3
       3
       1
       5
       4
       2
       2
       1
       2
       1
       3
       3
       3
       3
       1
       4
       4
       1
       2
       3
       2
       1
       3
       4
       2
       3
       4
       6
       2
       3
       4
       5
       7
       2
       2
       1
       5
       1
       4
       6
       4
       3
      10
       7
       2
       2
       2
       4
       6
       6
       2
       4
       6
       4
       9
       4
       5
       3
       6
       5
       2
       6
       7
       2
       3
       2
       1
       1
       1
       1
       4
       3
       2
       0
       1
       0
       0
       0
       1
       0
       0
       0
       0
       3
       2
       0
       2
       1
       0
       0
       0
       0
       0
       0
       0
       1
       1
       0
       1
       0
       1
       1
       3
       0
       2
       0
       0
       0
       0
       2
       1
       1
       0
       1
       1
       0
       1
       0
       1
       1
       0
       0
       0
       2
       0
       0
       0
       1
       1
       0
       1
       0
       1
       0
       0
       1
       0
       0
       2
       0
       0
       0
       0
       4
       0
       1
       1
       1
       1
       2
       0
       2
       0
       0
       1
       2
       1
       0
       1
       0
       1
       0
       2
       0
       0
       1
       2
       0
       0
       1
       0
       0
       0
       0
       0
       0
       1
       1
       1
       0
       1
       1
       1
       0
       3
       0
       0
       2
       0
       0
       0
       1
       1
       0
       0
       0
       0
       0
       0
       0
       1
       0
       1
       0
       1
       1
       0
       0
       1
       0
       0
       1
       0
       0
       0
       2
       0
       0
       1
       0
       0
       0
       3
       0
       0
       0
       0
       0
       1
       0
       0
       0
       0
       1
       0
       0
       2
       2
       2
       0
       0
       0
       0
       1
       3
       0
       0
       0
       1
       0
       1
       0
       0
       1
       1
       0
       1
       0
       1
       0
       1
       1
       0
       0
       0
       0
       1
       1
       0
       1
       1
       1
       0
       1
       1
       0
       0
       1
       0
       0
       0
       0
       0
       0
       0
       0
       0
       0
       1
       1
       0
       0
       0
       0
       0
       0
       1
       2
       0
       0
       0
       0
       0
       0
       2
       0
       0
       1
       1
       2
       0
       0
       1
       1
       0
       0
       2
       1
       1
       0
       1
       1
       0
       0
       1
       0
       0
       0
       1
       2
       2
       0
       1
       0
       0
       0
       1
       1
       0
       0
       0
       1
       0
       0
       0
       0
       0
       2
       0
       1
       1
       2
       0
       1
       1
       1
       0
       0
       1
       0
       1
       0
       1
       0
       1
       1
       1
       2
       0
       0
       1
       1
       1
       0
       0
       0
       1
       0
       2
       0
       0
       0
       0
       0
       1
       1
       0
       0
       1
       0
       0
       1
       0
       0
       0
       2
       1
       2
       0
       1
       0
       0
       0
       0
       0
       0
       1
       1
       1
       0
       1
       0
       1
       0
       0
       0
       0
       0
       0
       0
       0
       1
       0
       2
       0
       1
       0
       0
       0
       0
       1
       0
       0
       2
       1
       0
       2
       0
       1
       1
       1
       1
       0
       0
       0
       1
       0
       1
       0
       0
       0
       0
       1
       0
       2
       0
       0
       1
       1
       0
       0
       1
       0
       0
       1
       0
       2
       1
       0
       1
       0
       0
       0
       1
       1
       0
       1
       1
       0
       0
       0
       0
       0
       1
       0
       1
       1
       0
       0
       1
       0
       0
       1
       1
       0
       0
       1
       2
       0
       1
       0
       0
       0
       0
       0
       0
       1
       2
       1
       0
       0
       1
       1
       1
       0
       1
       0
       0
       0
       0
       1
       0
       0
       1
       1
       1
       1
       1
       0
       0
       0
       1
       0
       0
       1
       1
       0
       0
       0
       1
       0
       0
       0
       1
       0
       0
       0
       0
       0
       0
       0
       0
       2
       0
       0
       1
       0
       1
       0
       0
       0
       1
       1
       0
       0
       2
       0
       0
       2
       0
       1
       1
       0
       1
       0
       0
       0
       1
       0
       1
       0
       0
       0
       1
       0
       1
       0
       0
       0
       0
       0
       0
       1
       1
       0
       0
       1
       1
       0
       1
       0
       0
       0
       2
       2
       0
       0
       0
       1
       1
       0
       1
       1
       0
       0
       1
       0
       0
       0
       0
       0
       0
       2
       1
       0
       0
       0
       0
       1
       0
       0
       3
       1
       2
       0
       0
       0
       1
       0
       0
       1
       0
       1
       0
       1
       0
       0
       0
       0
       0
       0
       1
       1
       0
       0
       0
       0
       0
       0
       0
       0
       1
       0
       0
       0
       0
       0
       0
       2
       0
       0
       0
       1
       0
       1
       1
       0
       2
       0
       0
       1
       1
       1
       1
       0
       1
       0
       1
       0
       1
       0
       3
       1
       0
       0
       1
       1
       1
       1
       0
       0
       0
       1
       1
       1
       0
       0
       0
       0
       0
       0
       0
       0
       0
       1
       0
       0
       0
       0
       1
       0
       0
       1
       1
       0
       1
       0
       0
       0
       2
       1
       0
       0
       0
       0
       0
       0
       2
       0
       1
       1
       0
       0
       0
       1
       0
       0
       0
       0
       1
       0
       0
       1
       0
       1
       0
       0
       0
       3
       0
       1
       0
       0
       0
       1
       2
       1
       0
       1
       1
       0
       0
       0
       0
       0
       0
       0
       1
       0
       2
       1
       2
       0
       0
       0
       0
       0
       1
       0
       1
       0
       2
       0
       0
       0
       0
       0
       1
       0
       0
       0
       0
       0
       0
       0
       1
       0
       1
       1
       1
       0
       0
       0
       1
       0
       0
       0
       0
       1
       0
       0
       0
       0
       0
       0
       0
       1
       0
       0
       0
       3
       1
       0
       0
       0
       0
       1
       0
       1
       0
       0
       0
       0
       0
       0
       0
       0
       0
       3
       0
       0
       0
       1
       0
       1
       0
       0
       2
       0
       1
       0
       0
       1
       1
       0
       0
       1
       0
       0
       1
       0
       0
       1
       0
       0
       0
       0
       0
       0
       1
       0
       0
       0
       0
       0
       0
       0
       0
       0
       1
       0
       0
       0
       1
       1
       0
       1
       0
       0
       0
       0
       1
       0
       0
       0
       2
       0
       0
       0
       0
       0
       0
       1
       0
       1
       0
       0
       0
       0
       1
       0
       1
       1
       0
       0
       0
       0
       0
       1
       0
       1
       1
       0
       0
       0
       0
       0
       0
       0
       1
       0
       0
       0
       0
       0
       0
       0
       0
       0
       1
       0
       0
       0
       0
       0
       0
       1
       0
       0
       1
       1
       0
       0
       0
       0
       0
       1
       0
       0
       0
       0
       0
       1
       0
       0
       1
       2
       0
       0
       0
       0
       0
       0
       0
       0
       0
       1
       2
       0
       0
       0
       0
       1
       1
       0
       0
       0
       0
       0
       1
       1
       0
       0
       0
       0
       1
       0
       0
       0
       1
       0
       0
       0
       1
       0
       0
       0
       0
       2
       0
       0
       0
       1
       0
       0
       0
       0
       0
       0
       1
       0
       1
       1
       0
       0
       1
       0
       0
       0
       0
       1
       0
       0
       0
       0
       0
       0
       0
       0
       0
       0
       0
       0
       0
       0
       0
       0
       0
       0
       1
       0
       0
       0
       0
       0
       0
       0
       0
       1
       0
       0
       0
       0
       2
       0
       0
       1
       1
       0
       0
       0
       0
       0
       0
       0
       0
       0
       0
       0
       0
       1
       0
       1
       0
       0
       0
       0
       0
       0
       0
       0
       0
       1
       0
       0
       1
       0
       0
       2
       0
       2
       0
       1
       0
       2
       0
       0
       1
       0
       0
       1
       0
       0
       0
       0
       1
       1
       1
       0
       0
       0
       1
       0
       0
       1
       0
       1
       0
       0
       0
       1
       0
       0
       0
       0
       0
       1
       1
       1
       0
       0
       0
       1
       0
       0
       0
       1
       2
       0
       0
       0
       0
       0
       0
       0
       0
       1
       0
       1
       0
       0
       0
       0
       0
       0
       0
       0
       0
       0
       0
       1
       0
       0
       0
       0
       0
       0
       0
       1
       0
       0
       0
       0
       0
       0
       0
       0
       0
       0
       1
       0
       0
       0
       0
       1
       0
       0
       0
       0
       0
       1
       0
       0
       0
       0
       0
       0
       0
       0
       0
       0
       0
       0
       0
       1
       0
       0
       0
       1
       0
       0
       0
       0
       0
       0
       0
       1
       0
       1
       1
       0
       1
       0
       0
       0
       0
       0
       0
       0
       1
       0
       0
       0
       1
       1
       0
       1
       0
       0
       0
       0
       0
       3
       0
       1
       0
       0
       0
       0
       0
       2
       0
       1
       0
       0
       1
       0
       0
       0
       0
       0
       0
       0
       0
       1
       0
       0
       1
       1
       0
       2
       0
       0
       0
       0
       0
       0
       0
       1
       0
       0
       0
       2
       0
       0
       0
       0
       0
       1
       0
       0
       0
       0
       1
       0
       1
       0
       0
       0
       0
       0
       0
       0
       1
       0
       0
       0
       1
       1
       0
       0
       0
       1
       1
       0
       0
       0
       1
       0
       0
       0
       0
       2
       0
       0
       0
       0
       0
       1
       1
       0
       1
       0
       0
       0
       1
       1
       0
       0
       0
       0
       0
       0
       1
       0
       0
       0
       0
       0
       0
       0
       0
       1
       1
       0
       0
       0
       0
       0
       0
       0
       0
       0
       0
       1
       0
       0
       0
       0
       0
       0
       0
       0
       0
       0
       0
       1
       0
       0
       0
       1
       0
       0
       1
       0
       0
       0
       0
       0
       0
       0
       0
       0
       0
       0
       0
       0
       0
       0
       0
       0
       0
       0
       0
       0
       0
       0
       0
       0
       0
       0
       0
       2
       0
       0
       0
       1
       0
       1
       1
       0
       0
       0
       0
       0
       0
       0
       1
       0
       0
       0
       0
       0
       0
       0
       0
       0
       1
       0
       0
       0
       0
       0
       0
       0
       0
       1
       0
       1
       0
       1
       0
       0
       0
       0
       0
       1
       0
       0
       0
       0
       0
       0
       0
       0
       1
       0
       0
       0
       0
       0
       1
       0
       0
       1
       0
       0
       0
       0
       0
       0
       0
       0
       0
       0
       0
       0
       0
       0
       0
       0
       0
       0
       1
       1
       0
       0
       0
       0
       0
       0
       1
       0
       0
       0
       0
       0
       0
       0
       0
       0
       0
       0
       0
       0
       2
       0
       0
       0
       1
       0
       1
       0
       0
       1
       0
       1
       0
       0
       0
       0
       0
       0
       0
       0
       0
       0
       0
       0
       0
       0
       0
       0
       0
       1
       0
       0
       0
       0
       0
       0
       0
       0
       0
       0
       0
       0
       0
       0
       0
       0
       0
       0
       1
       0
       1
       0
       0
       0
       0
       0
       0
       0
       0
       0
       0
       0
       0
       0
       0
       1
       0
       0
       0
       0
       0
       0
       0
       0
       0
       0
       0
       0
       0
       0
       0
       0
       0
       0
       0
       0
       0
       0
       0
       0
       0
       0
       0
       0
       0
       0
       0
       0
       0
       0
       0
       1
       0
       0
       0
       0
       0
       0
       0
       0
       0
       0
       0
       0
       0
       0
       0
       0
       0
       0
       0
       0
       0
       0
       0
       0
       0
       0
       0
       0
       0
       0
       0
       0
       0
       0
       0
       0
       0
       0
       0
       0
       0
       0
       0
       0
       0
       0
       0
       0
       0
       0
       0
       0
       0
       0
       1
       0
       0
       0
       0
       0
       0
       0
       0
       0
       0
       0
       0
       1
       0
       0
       0
       0
       0
       0
       0
       0
       0
       0
       0
       0
       0
       0
       0
       0
       0
       0
       0
       0
       0
       0
       0
       0
       0
       0
       0
       0
       0
       0
       0
       0
       0
       0
       0
       0
       0
       0
       0
       1
       0
       0
       0
       2
       0
       0
       0
       0
       0
       0
       0
       0
       0
       0
       0
       0
       0
       0
       0
       0
       0
       0
       0
       0
       1
       0
       0
       1
       0
       0
       0
       1
       0
       0
       0
       0
       0
       0
       0
       0
       1
       0
       0
       0
       0
       0
       0
       0
       0
       0
       0
       0
       0
       0
       0
       0
       0
       0
       0
       0
       0
       0
       0
       0
       0
       0
       0
       0
       0
       0
       0
       0
       0
       0
       0
       0
       0
       0
       0
       0
       0
       0
       0
       0
       0
       0
       0
       0
       0
       1
       0
       0
       0
       0
       0
       0
       1
       0
       0
       1
       0
       0
       0
       0
       0
       1
       0
       0
       0
       0
       0
       0
       1
       0
       0
       0
       0
       0
       0
       0
       0
       0
       0
       0
       0
       0
       0
       0
       0
       0
       1
       0
       0
       0
       0
       0
       0
       0
       0
       0
       0
       0
       0
       0
       0
       0
       0
       0
       0
       0
       0
       0
       0
       0
       0
       0
       0
       0
       0
       0
       0
       1
       0
       0
       0
       0
       0
       0
       0
       0
       0
       1
       0
       0
       1
       0
       0
       0
       0
       0
       0
       0
       0
       0
       0
       0
       0
       0
       0
       0
       0
       0
       0
       0
       0
       0
       0
       0
       0
       0
       0
       1
       0
       0
       0
       0
       0
       0
       0
       0
       0
       1
       0
       0
       0
       0
       0
       0
       0
       0
       0
       0
       0
       0
       0
       0
       0
       0
       0
       0
       0
       0
       0
       0
       0
       0
       0
       0
       0
       0
       0
       0
       0
       0
       0
       0
       0
       0
       0
       0
       0
       0
       0
       0
       0
       0
       0
       0
       0
       0
       0
       0
       0
       0
       0
       0
       0
       0
       0
       0
       0
       0
       0
       0
       0
       1
       0
       0
       0
       0
       0
       0
       0
       0
       0
       0
       0
       0
       0
       0
       0
       0
       0
       0
       0
       0
       0
       0
       0
       0
       0
       0
       0
       0
       0
       0
       0
       0
       0
       0
       0
       0
       0
       0
       0
       0
       0
       0
       0
       0
       0
       0
       0
       0
       0
       0
       0
       0
       0
       1
       0
       0
       0
       0
       0
       0
       0
       0
       0
       0
       0
       0
       0
       0
       0
       0
       0
       0
       0
       0
       0
       0
       0
       0
       0
       0
       0
       0
       0
       0
       0
       0
       0
       0
       0
       0
       0
       0
       0
       0
       0
       0
       0
       0
       0
       0
       0
       0
       0
       0
       0
       0
       0
       0
       0
       0
       0
       0
       0
       0
       0
       0
       0
       0
       0
       0
       0
       0
       0
       0
       0
       0
       0
       0
       0
       0
       0
       0
       0
       0
       0
       0
       1
       0
       0
       0
       0
       0
       0
       0
       0
       0
       0
       1
       0
       0
       0
       0
       0
       0
       0
       0
       0
       0
       0
       0
       0
       0
       0
       0
       0
       1
       0
       0
       0
       0
       0
       0
       0
       0
       0
       0
       0
       0
       0
       0
       0
       0
       0
       0
       0
       0
       0
       0
       0
       0
       0
       0
       0
       0
       0
       0
       0
       0
       0
       0
       0
       0
       0
       0
       0
       0
       0
       0
       0
       0
       0
       0
       0
       0
       0
       0
       0
       1
       0
       0
       0
       0
       0
       0
       0
       0
       0
       0
       0
       0
       0
       0
       0
       0
       0
       0
       1
       0
       0
       0
       0
       0
       0
       1
       0
       0
       0
       0
       0
       0
       0
       0
       0
       0
       0
       0
       0
       0
       0
       0
       0
       0
       0
       0
       0
       0
       0
       0
       0
       0
       0
       0
       0
       0
       0
       0
       0
       0
       1
       0
       0
       0
       0
       0
       0
       0
       1
       0
       0
       0
       0
       0
       0
       0
       0
       0
       0
       0
       0
       0
       0
       0
       0
       0
       0
       0
       0
       0
       1
       0
       0
       0
       0
       0
       0
       0
       1
       0
       0
       0
       0
       0
       0
       0
       0
       0
       0
       0
       0
       0
       0
       0
       0
       0
       0
       0
       0
       0
       0
       0
       0
       0
       0
       0
       0
       0
       0
       0
       0
       0
       1
       0
       0
       0
       1
       0
       0
       0
       0
       0
       0
       0
       0
       0
       0
       0
       0
       0
       0
       0
       0
       0
       0
       0
       0
       0
       0
       0
       0
       0
       0
       0
       0
       0
       0
       0
       0
       0
       0
       0
       0
       0
       0
       0
       0
       0
       0
       0
       0
       0
       0
       0
       0
       0
       0
       0
       0
       0
       0
       0
       0
       0
       0
       0
       0
       0
       1
       0
       0
       0
       0
       0
       0
       0
       0
       0
       0
       0
       0
       0
       0
       0
       0
       0
       0
       0
       0
       0
       0
       0
       0
       0
       0
       0
       0
       0
       0
       0
       0
       0
       0
       0
       0
       0
       0
       0
       0
       0
       0
       0
       0
       0
       0
       0
       0
       0
       0
       0
       0
       0
       0
       0
       0
       0
       0
       0
       0
       0
       0
       0
       0
       0
       0
       0
       0
       0
       0
       0
       0
       0
       0
       0
       1
       0
       0
       1
       0
       0
       0
       0
       0
       1
       0
       0
       0
       0
       0
       0
       0
       0
       0
       0
       0
       0
       0
       0
       0
       0
       0
       0
       0
       0
       0
       0
       0
       0
       0
       0
       0
       0
       0
       0
       0
       0
       0
       0
       0
       0
       0
       0
       0
       0
       0
       0
       0
       1
       1
       0
       1
       2
       0
       2
       0
       1
       1
       0
       1
       0
       0
       0
       0
       1
       0
       0
       1
       0
       1
       0
       0
       1
       1
       0
       1
       1
       1
       4
       3
       0
       1
       0
       1
       1
       0
       0
       3
       0
       1
       0
       0
       0
       1
       1
       0
       0
       1
       1
       2
       0
       2
       1
       3
       0
       0
       1
       0
       1
       1
       0
       1
       0
       2
       1
       1
       0
       1
       1
       1
       2
       0
       0
       1
       1
       1
       1
       0
       1
       0
       0
       0
       0
       1
       0
       1
       1
       0
       0
       2
       1
       0
       0
       0
       0
       2
       0
       2
       0
       1
       2
       1
       0
       2
       0
       1
       0
       1
       0
       0
       2
       1
       2
       0
       1
       2
       0
       0
       0
       1
       1
       1
       1
       0
       0
       2
       1
       0
       0
       1
       2
       0
       2
       0
       0
       0
       4
       1
       0
       2
       0
       0
       0
       0
       1
       0
       0
       1
       2
       0
       3
       2
       0
       0
       0
       0
       1
       1
       0
       1
       0
       2
       2
       0
       0
       0
       1
       0
       0
       1
       2
       1
       0
       0
       1
       0
       0
       0
       1
       0
       1
       0
$ROI:
4
349 399
960 988
992 1050
1491 1501
$PRESETS:
None
0
0
$ENER_FIT:
0.000000 0.488274
$MCA_CAL:
3
0.000000E+000 4.882741E-001 0.000000E+000 keV
$SHAPE_CAL:
3
0.000000E+000 0.000000E+000 0.000000E+000
