$SPEC_ID:
No sample description was entered.
$SPEC_REM:
DET# 1
DETDESC# DLAB-PHY-L3-49 926 Right
AP# Maestro Version 7.01
$DATE_MEA:
10/18/2024 16:33:26
$MEAS_TIM:
124 135
$DATA:
0 8191
       0
       0
       0
       0
       0
       0
       0
       1
       0
       0
       0
       0
       0
       0
       4
       4
       6
       8
      14
      16
      17
      19
      14
      15
      22
      22
      18
      27
      19
      21
      28
      30
      36
      37
      38
      54
      70
      82
     100
     105
     127
     123
     132
     154
     148
     144
     138
     141
     150
     154
     153
     142
     149
     154
     135
     120
     121
     151
     131
     141
     138
     123
     146
     142
     138
     101
     117
     126
     141
     138
     148
     129
     134
     135
     127
     121
     132
     126
     128
     145
     132
     124
     122
     119
     103
     122
     119
     133
     120
     113
     134
     111
      97
     100
     117
     100
     128
     107
     147
     116
     109
     121
     133
     107
     124
     127
     110
     134
     139
     103
     112
     123
     129
     134
     129
     124
     125
     101
     120
      98
     107
     127
     110
     110
     122
     128
     127
     103
     131
     101
     101
     111
     121
      89
      93
     106
     106
     109
     100
     101
     111
     103
     118
     121
     115
     101
      94
     125
     106
     102
      91
     109
     118
      97
     114
      99
     114
      90
      94
     100
      98
     104
     114
     113
     118
      90
      99
     117
     103
     120
     107
     103
      94
     102
     115
      96
      97
     114
      99
     101
     108
      96
      97
     122
      93
     116
     106
     117
     110
     108
     102
      97
     110
     114
     105
     104
      89
      91
      97
     107
     100
     110
      95
     115
     113
     104
     114
      93
     107
      97
     114
     101
     119
     105
     102
      96
      86
     101
     112
     106
     120
      98
      97
     100
      97
     103
     107
     106
     103
     112
      97
     106
     103
     111
      90
     113
     114
      90
      93
      69
      98
      96
      88
      85
      93
     105
      94
     107
      92
      81
     109
      76
     108
      93
     105
     112
     112
      87
     122
      97
      96
      98
      85
     109
     103
     119
     105
      87
      98
     109
     101
      76
     112
      83
      93
      93
     105
      93
     105
      95
     107
      93
      86
     103
      94
     107
      94
     111
      89
     105
      86
     105
     104
      94
      99
      92
     108
      99
     110
      97
      98
     102
     100
     106
     103
      87
     111
     109
      98
      96
      82
      97
     126
     121
      86
      86
      98
      99
      89
      99
     110
     103
     105
      94
      82
     102
      98
      93
      82
     103
      97
     107
     102
     100
     113
      99
     118
     110
     113
     104
     116
     110
     109
     110
     135
     104
     124
     119
     127
     119
     130
     136
     132
     150
     131
     139
     156
     145
     142
     146
     124
     164
     132
     155
     152
     123
     138
     143
     144
     127
     126
     120
     106
     127
     130
     111
     115
     113
     108
     115
      99
     113
     104
     109
      96
      97
      97
      88
     103
      88
     101
      92
     108
     107
      99
      93
     104
     100
      84
      91
     102
      88
     126
     100
     121
      94
     115
     126
     116
     129
      99
     101
     109
     129
     134
     115
     106
     130
     115
     114
     104
     133
     121
     121
     113
     116
     126
      94
     112
      91
     100
     116
      95
      99
      99
     100
     104
     107
      82
      77
      91
      88
     101
      90
      99
      82
      89
     101
      98
      99
      98
      91
     100
     100
      95
     107
      98
      78
      75
      66
      86
      74
      88
      84
      82
      74
      92
      93
      84
      85
      96
      89
      87
      97
      82
      80
      90
      91
      81
      95
      91
      96
      92
      99
      95
      80
      81
     101
      85
     102
      89
      98
     105
      94
      79
      96
     100
      72
      79
      77
      96
     105
      90
      99
      98
      81
      86
      86
      90
      93
      98
      73
      85
      81
     103
     101
      95
      70
      96
      97
      96
     106
      86
     102
      78
      91
      85
      95
      94
      87
      99
      81
      99
     109
      93
      90
      75
      86
     106
      82
      92
      70
      89
     105
      83
      90
      84
      98
      89
      91
     102
      95
      69
      88
      75
      79
      87
      76
      82
      83
      80
      89
      87
      93
      81
      86
     101
      87
      86
      99
      84
     102
      74
      87
     102
      96
      96
      72
      84
      80
      77
     101
      79
      73
      96
      94
     102
      74
      84
      69
      77
     100
      66
      98
      88
      90
      89
     109
      84
      91
      86
      87
      89
      86
      92
      85
      68
     102
      86
      66
      93
      92
      80
      85
      85
      95
      75
      88
      83
      96
     104
      99
      95
      87
      82
      82
      94
      85
      93
      93
     100
      89
     100
      83
      79
      97
     100
      82
      94
      70
      80
      84
      89
      80
      76
      99
      87
      89
      93
      92
      97
      94
      83
      86
      90
      83
     107
      87
      87
      92
      79
      79
     100
      91
      90
     106
      93
      98
     101
      87
      90
      93
      98
      86
      90
      93
      90
      98
      92
      91
      87
      94
      93
      99
      88
      77
      92
      80
      88
      82
      70
      95
      71
      89
      94
      89
      93
      80
      92
      87
      94
      97
      72
      86
      92
      99
     102
      80
      75
      93
      80
      85
      81
      87
      81
      93
      84
      96
      93
      83
     102
      69
      81
      86
      91
      92
      79
      83
      91
      90
      80
      95
      92
     100
      88
     103
     101
      91
      79
      85
      89
      69
      84
      85
      78
      72
     100
      90
     101
      82
      89
      92
     101
      97
      98
      93
     103
      95
      73
      87
      88
     103
      93
      90
      89
     106
      92
      82
      83
      86
      86
      81
      81
      97
      91
      82
      89
      78
     115
      75
      96
      96
      90
      89
      81
     100
      86
      79
      70
      85
      88
      81
      84
      63
      87
      83
      82
      85
      82
     100
      75
      91
      80
      82
      90
      90
      73
     106
      95
      91
      89
      89
      88
      94
      80
      96
      92
      70
      85
      95
      88
      91
      96
      85
     103
      79
     107
      88
      91
      74
      99
     101
     110
      97
      86
      95
      76
      70
      75
      77
      95
      88
      88
     101
      91
      89
     117
      87
      87
      84
      99
      91
      85
      80
      83
      81
     102
      93
      90
      99
      96
      90
      96
     101
      88
      87
      84
      89
      94
     115
      99
      94
      77
      90
      95
     102
      93
      94
     100
      84
      89
     111
     102
      88
      94
      93
      97
      84
     109
     109
      90
     110
      91
     103
      93
     110
      96
     116
      98
      96
     122
     134
     107
      92
     100
     112
     102
     111
     106
     106
      97
      98
      90
     105
     107
      94
     103
      98
     101
     104
      99
     106
     102
      87
     106
     101
     102
     103
     102
     103
      78
      85
      73
      91
      94
     105
     105
     106
     109
     103
     104
      96
     109
     111
     111
      98
     102
      94
      96
     100
     103
      88
      82
      84
      90
     103
     106
      91
      99
      92
      83
     103
      92
     114
      81
     113
      91
      97
      89
      99
      87
     109
      91
      93
      90
      90
      80
      76
      86
     101
      96
      87
     107
      82
      93
     101
     106
      92
      99
      95
     108
      98
     110
      93
      73
     119
      90
      98
      84
      97
      77
      86
      86
      96
      98
      97
      98
      84
      81
     100
      92
      97
      94
      86
      89
      92
     106
     120
      79
      96
      82
      90
     112
     111
      88
      78
      92
      84
     105
     100
     101
      94
      96
     113
      78
      86
     107
      91
     115
      85
     111
     111
      97
      98
      82
      80
      89
      93
     105
      93
     111
      85
     127
     103
      95
      94
     104
      99
      86
     103
      94
     112
      84
      99
      94
     101
     102
     106
      91
     101
      88
      96
      97
     110
     100
      95
      89
     102
      87
     109
     108
     106
      90
      78
      97
     102
      93
      99
      88
     112
      99
      82
     111
      97
      92
      89
      99
     113
     112
     106
     124
      84
      95
      96
      88
     111
      89
     101
      87
      81
      90
      92
      84
      95
     111
      97
      85
      92
      87
      77
      98
     108
     100
      84
      89
      97
      91
      93
      80
      94
      81
     106
     101
      83
      81
      89
     104
     101
     101
      86
      98
      90
      99
      88
     102
      93
      89
      73
      89
      76
      76
      85
     101
     118
      90
      96
      86
     102
     106
      85
      79
     107
     105
      91
     103
      91
      71
      78
      96
      84
     100
      94
     107
     118
      90
      99
      83
      98
     101
      75
      97
     102
     105
      97
      91
      94
     100
      98
      89
      83
     101
     107
      98
      98
      85
      91
     104
     100
      81
      98
      82
      95
      94
      92
      89
      93
     112
     106
      99
     104
     105
      97
      76
      89
      92
      97
      92
      81
      78
     102
     100
      96
      84
      93
      92
      96
      96
     108
     115
      99
      88
     112
      92
      88
      93
     108
     105
     102
      92
      88
     103
     100
      99
     100
      82
      92
      91
     100
     104
     105
     102
     100
     115
     100
     111
      96
      81
      95
      99
      79
      83
      92
      93
      99
      94
      80
      96
     118
     113
      88
      86
     102
      84
     103
      90
     109
      89
      93
      84
      87
     112
      98
      75
      96
     116
      88
      92
     105
      91
      94
     102
      93
     101
     111
      99
     108
     106
     104
      92
      77
      86
     112
      95
      82
     101
     100
      93
     102
      81
      92
     121
      82
      94
     106
      72
      96
     108
      79
      90
      93
     103
     112
     101
      90
      87
     109
     107
     107
      94
     117
     102
      96
      93
      87
      82
      86
      96
     105
     102
      89
      85
      98
      82
      80
      97
     107
      79
     106
     100
      91
     103
      81
      98
      87
      94
     107
      97
     112
     105
      93
     106
     110
     104
      90
     101
      88
     101
      97
      85
      97
      97
     108
      97
      94
      97
     114
      98
      84
      94
     103
     100
      77
     102
     108
     107
      82
      96
      97
      95
      89
     100
     100
      91
     102
      96
     110
      95
      96
      99
      89
     111
      97
      77
      81
      95
      94
     110
      84
     106
      99
     102
      78
     106
      83
     111
      81
     106
     100
      94
     105
     106
     103
     105
     100
     101
     116
      98
     104
      83
     105
      98
      99
     104
      95
      89
     105
      87
      87
     104
     102
      97
     100
     120
     108
     114
     105
      97
     105
      97
      99
      95
     114
     104
      86
      95
      89
      94
      89
      93
     106
     111
     103
      94
     104
     110
      98
      90
      94
      96
     103
     102
     102
      95
      96
      93
     105
     106
     113
      92
      96
      98
      92
     102
      94
      85
     103
      98
     102
      98
      85
     106
      91
      87
     123
     101
     121
      98
     109
      95
      87
     103
      87
      79
     113
     106
     119
      97
      87
     102
     100
     108
      98
      96
      94
      95
     119
      88
     106
     122
      87
      75
     105
     120
      99
      90
     101
      97
      97
     104
     120
     103
     112
      95
     102
     114
      94
      99
      92
      93
      87
     108
     105
     101
     100
      94
     104
      81
      99
     101
     108
     112
     103
      99
     102
      98
     112
     116
     108
      99
      99
      94
     110
      94
      91
     112
      92
     106
     112
     109
      91
      95
     111
     105
      99
     108
     120
     109
     109
     107
     100
      97
      94
     102
      96
      99
     101
      93
     108
     103
     114
     125
      94
     121
     121
     126
     102
      97
      95
     106
     105
     114
     127
     114
      83
     104
     109
     110
      99
     117
     108
     114
     111
     103
      98
     111
     126
     104
     108
     117
     119
     105
     122
      88
     112
     122
     115
     122
     104
     112
     118
     124
      92
     105
     114
     116
     105
     111
     109
     113
     114
     104
     107
     126
     109
     107
     120
     111
     125
     107
     117
     120
     112
      97
      99
     116
     112
     113
     130
     120
     111
     126
     107
     104
     132
     124
     122
     114
     104
     121
     112
     131
     144
     120
     120
     126
     115
     110
     130
     113
     120
     117
     109
     122
     119
     132
     106
     126
     133
     122
     105
     108
     110
     115
     104
     132
     125
     132
     121
     121
     106
     132
     128
     132
     121
     138
     131
     118
      96
     115
     127
     141
     131
     129
     122
     145
     111
     119
     103
     106
     138
     116
     144
     108
     155
     122
     127
     129
     118
     122
     132
     122
     125
     132
     136
     108
     103
     125
     123
     134
     122
     108
     119
     123
     126
     136
     132
     113
     128
     118
     110
     123
     116
     124
     119
     131
     119
     108
     118
     118
     120
     113
     113
     109
     123
     122
     107
     123
     134
     118
     119
     112
     117
     101
     114
     119
     129
     145
     118
     119
     120
     119
     113
     102
      97
     115
     108
     104
     124
     112
     114
     115
      96
     101
      86
      97
      94
     108
      95
      84
      99
     104
      85
     105
      88
      93
      92
      90
      83
      76
      77
      91
      72
      83
      84
      80
      84
      92
      73
      73
      94
      85
      79
     100
      80
      73
      86
      71
      85
      96
      68
      71
      70
      64
      80
      75
      74
      74
      66
      58
      77
      71
      68
      77
      97
      71
      69
      74
      82
      81
      66
      64
      79
      65
      77
      60
      51
      72
      66
      64
      60
      73
      61
      68
      62
      62
      74
      67
      84
      68
      61
      61
      68
      58
      49
      61
      75
      60
      66
      52
      73
      70
      70
      62
      63
      57
      67
      63
      59
      78
      74
      56
      50
      62
      58
      81
      66
      60
      54
      66
      62
      65
      52
      52
      53
      68
      64
      69
      60
      50
      73
      62
      59
      45
      65
      60
      55
      50
      77
      63
      56
      56
      53
      57
      61
      51
      51
      44
      64
      51
      61
      54
      58
      41
      62
      39
      64
      66
      57
      47
      58
      54
      43
      59
      60
      59
      59
      55
      49
      51
      53
      63
      52
      66
      51
      53
      59
      61
      50
      52
      50
      49
      59
      50
      50
      40
      47
      57
      54
      41
      61
      64
      48
      55
      50
      51
      50
      53
      50
      56
      53
      41
      47
      59
      39
      40
      47
      48
      52
      50
      57
      44
      49
      45
      51
      55
      45
      48
      55
      40
      53
      43
      46
      33
      53
      33
      49
      47
      58
      32
      36
      42
      44
      32
      49
      45
      55
      51
      35
      49
      41
      39
      52
      43
      39
      36
      51
      33
      41
      43
      45
      39
      44
      42
      37
      45
      44
      39
      47
      37
      41
      46
      43
      42
      44
      42
      36
      38
      35
      43
      33
      38
      34
      40
      42
      44
      37
      49
      49
      57
      31
      53
      37
      36
      34
      37
      41
      36
      32
      40
      47
      37
      42
      40
      46
      32
      39
      40
      42
      33
      45
      35
      47
      42
      46
      32
      36
      42
      43
      40
      53
      40
      33
      33
      36
      23
      36
      33
      36
      31
      29
      35
      32
      43
      38
      40
      38
      31
      29
      29
      32
      34
      31
      34
      32
      35
      31
      30
      32
      29
      30
      28
      30
      35
      34
      38
      41
      34
      35
      40
      34
      31
      44
      40
      25
      38
      31
      28
      25
      40
      29
      36
      34
      33
      34
      29
      33
      31
      32
      33
      29
      31
      31
      32
      39
      24
      25
      34
      50
      20
      31
      30
      21
      32
      26
      34
      36
      30
      20
      26
      30
      28
      37
      26
      29
      36
      28
      24
      25
      37
      29
      40
      29
      31
      38
      23
      27
      21
      31
      35
      25
      39
      23
      32
      30
      24
      37
      33
      30
      20
      27
      30
      29
      31
      29
      35
      37
      20
      22
      23
      28
      28
      28
      30
      38
      27
      21
      28
      17
      27
      29
      31
      29
      30
      40
      27
      28
      25
      33
      27
      32
      21
      25
      28
      13
      29
      33
      25
      28
      36
      29
      23
      36
      36
      35
      24
      21
      24
      39
      23
      32
      32
      22
      28
      24
      17
      20
      19
      23
      27
      21
      24
      30
      17
      23
      29
      24
      22
      33
      25
      27
      31
      25
      19
      30
      37
      24
      33
      18
      28
      22
      32
      24
      23
      24
      21
      23
      29
      16
      26
      26
      26
      25
      15
      31
      27
      22
      19
      33
      26
      19
      23
      20
      26
      24
      24
      27
      23
      24
      47
      23
      20
      21
      16
      21
      25
      26
      25
      30
      30
      23
      28
      29
      29
      32
      32
      28
      34
      33
      24
      34
      37
      30
      33
      26
      21
      24
      37
      25
      39
      21
      32
      30
      28
      19
      24
      29
      18
      22
      26
      25
      24
      14
      27
      29
      31
      25
      27
      29
      31
      18
      21
      27
      28
      28
      29
      21
      17
      32
      18
      31
      26
      30
      18
      27
      22
      18
      18
      34
      23
      25
      28
      22
      20
      21
      18
      31
      21
      29
      24
      21
      34
      21
      30
      22
      21
      22
      24
      19
      36
      25
      26
      31
      33
      24
      31
      24
      29
      27
      24
      30
      22
      24
      18
      37
      27
      29
      19
      17
      15
      23
      28
      18
      31
      24
      22
      26
      24
      33
      26
      22
      14
      21
      24
      22
      20
      26
      19
      21
      20
      27
      15
      21
      22
      26
      19
      25
      21
      21
      17
      28
      24
      32
      25
      24
      29
      18
      16
      22
      20
      14
      24
      23
      33
      24
      26
      26
      24
      25
      20
      19
      31
      29
      29
      31
      16
      17
      19
      19
      26
      21
      20
      26
      28
      15
      29
      20
      16
      25
      20
      28
      23
      24
      20
      24
      24
      20
      33
      25
      15
      20
      28
      20
      16
      27
      16
      28
      13
      21
      28
      14
      26
      24
      25
      19
      15
      25
      30
      17
      17
      25
      25
      25
      24
      22
      21
      16
      20
      32
      21
      34
      26
      18
      16
      25
      15
      19
      17
      21
      24
      25
      28
      19
      20
      17
      25
      20
      24
      17
      26
      23
      24
      17
      31
      24
      24
      26
      35
      24
      18
      24
      16
      16
      25
      21
      22
      23
      20
      15
      21
      28
      15
      23
      23
      25
      12
      17
      24
      20
      20
      25
      14
      23
      19
      29
      25
      21
      22
      25
      22
      29
      30
      18
      13
      29
      18
      23
      29
      22
      24
      25
      25
      17
      21
      20
      24
      25
      17
      17
      19
      17
      12
      24
      17
      25
      21
      20
      20
      15
      23
      21
      15
      16
      23
      25
      15
      30
      23
      25
      26
      25
      32
      17
      24
      28
      19
      24
      27
      26
      16
      20
      32
      21
      23
      18
      27
      28
      24
      23
      21
      17
      21
      25
      30
      34
      30
      28
      31
      26
      29
      24
      46
      32
      35
      26
      57
      33
      48
      62
      50
      58
      64
      58
      66
      70
      83
     103
     127
     105
     120
     162
     161
     214
     213
     240
     227
     271
     301
     332
     351
     415
     477
     465
     563
     580
     691
     710
     779
     835
     915
     959
    1043
    1125
    1167
    1193
    1279
    1350
    1325
    1432
    1500
    1460
    1458
    1470
    1550
    1457
    1485
    1560
    1466
    1495
    1417
    1383
    1302
    1269
    1278
    1140
    1107
    1114
     982
     950
     858
     801
     698
     751
     586
     588
     489
     434
     425
     370
     314
     270
     251
     199
     182
     189
     136
     144
     122
      94
      84
      65
      69
      48
      44
      39
      37
      34
      28
      30
      24
      23
      29
      26
      17
      13
      19
      21
      15
      14
      11
      22
      17
      17
       5
      15
       9
      10
      16
      18
      15
       7
      15
      11
      13
      13
      14
      12
      17
      11
      11
       8
       5
      14
      16
      15
      20
       6
       9
      10
      10
      11
       7
       7
      10
      12
      14
      22
      11
      13
       5
       9
      10
      11
       6
      19
      13
      15
      11
      14
      17
       7
       8
       9
      12
      10
      19
      16
      17
      10
      12
      12
      13
       8
      14
      20
      10
      14
       8
      10
       8
      15
      18
      11
      10
      18
       8
      14
      13
       8
      15
      11
       9
      17
      15
      13
      15
      10
       9
       9
      10
       7
       5
       7
      15
      10
      14
      16
       6
      18
       8
      18
       7
      19
      14
      13
       8
       5
      19
      20
       9
      12
      15
      14
      12
      13
       6
       9
      11
       8
       9
      10
      14
      13
       9
       7
      14
      15
       7
      13
      17
      19
      18
      11
      11
       9
       8
       6
       5
       7
      13
      16
       4
       9
      14
      11
       4
       9
      15
      13
      13
       9
      11
       9
      12
       8
      10
      10
      15
      10
      14
      10
      20
      15
      14
      13
      12
      10
       9
      17
      14
       9
       9
       5
      12
      14
      10
       7
       9
      14
       7
      15
      12
      15
      12
       9
       7
      14
      14
      11
      14
      10
      11
      11
      12
      13
      11
       8
      10
      17
      15
      14
      11
       5
       8
      13
       8
       9
      10
       8
      13
       9
      26
      14
       6
      12
      13
      12
      13
      12
      12
       9
      16
      15
      11
       8
       8
      13
      16
      19
       7
      10
      19
       7
       8
      10
      10
      10
      10
      11
      12
      10
      10
      11
      12
       9
      19
       8
       7
       6
       6
      12
      15
       7
      15
      14
       9
      13
       9
      10
      19
      15
      14
      16
      12
       9
      10
       9
      13
       9
       6
       6
      12
      12
      15
      11
      10
       9
      11
      13
      16
      12
      10
      11
      13
      11
      19
      16
      11
      15
       9
      10
       8
       8
      12
      15
      12
      11
      11
      14
       7
      13
       6
       9
      11
       6
      10
      13
      16
      14
      10
      13
      11
      14
       9
      17
      18
      15
       8
       8
      15
      10
       7
      12
      14
      16
       9
      14
      11
      17
      11
       5
      13
      11
      12
      11
      10
       7
      13
       8
      13
       7
      14
       8
      15
      13
       9
       8
      11
       7
      13
      12
      13
       8
       9
       9
      12
      15
       9
      15
       8
      11
       8
      14
      11
       8
      20
      15
      11
      17
       8
      10
      11
      10
       4
       9
      11
       9
      12
      15
       5
      13
      13
      12
       9
      11
       8
       8
       9
      11
      12
      14
       9
      13
       9
      14
      12
       7
       9
       9
      11
      12
      16
      13
      16
       6
      17
      13
       8
      10
      12
       8
      18
      10
      12
      14
       9
       9
      15
      14
      13
      10
      10
       8
       8
      11
      12
      14
      16
      16
      11
      15
      15
      12
      14
      11
      12
      12
       6
      16
      13
      18
      12
      12
      10
      18
      23
      11
       3
      15
      10
       9
      14
       9
      14
       9
       6
      13
      16
      10
      13
       7
      12
      13
      15
      15
       8
      12
      11
      13
      10
      10
      10
      14
      11
      16
      14
      15
      16
      16
      15
       8
      16
       7
       9
      10
      16
      14
       4
      11
      12
      15
      14
       7
      10
       6
      10
      16
      10
       6
      15
       4
      10
      13
      13
      11
      14
      12
      16
       7
      10
      13
      12
      10
      12
       7
       9
      11
      17
       6
       4
       7
      15
       7
      11
      12
      12
      15
      14
      16
      13
      10
      17
       9
      12
      10
       5
       8
      16
      10
      13
      18
      12
       9
       9
       7
      10
      13
      11
      10
      14
       7
      16
      15
      17
       6
       9
      13
      14
       6
      13
      10
      15
       7
      12
      10
      13
      12
      14
      10
       6
      16
      12
      17
       7
      10
      10
      11
      11
      10
      13
       3
       6
      10
      15
      14
      12
       9
      10
       4
      11
      15
      10
       8
      13
      10
       5
       7
      10
      10
      14
      16
      11
      13
      13
      15
       8
      11
      13
      17
       9
      12
      12
       7
      17
      13
       7
      11
       7
      13
      14
      12
      10
       7
      13
      12
      13
      21
      17
      12
      13
      12
       9
      14
      20
      14
      13
       8
      11
      10
      15
       9
       9
       7
      14
      12
       9
      15
      13
      16
      14
       8
      12
       8
       8
      11
      11
      12
      13
      12
       7
      10
       9
      10
      12
      20
      11
      14
      11
      15
      15
      11
      12
      12
      19
      13
      11
      20
      17
      12
      12
      11
       8
       8
      11
       6
      10
       8
       4
      15
      14
      20
       8
      13
      12
      15
      12
       9
      11
      10
       8
      15
      13
       5
      16
      13
       8
       8
      10
      13
      15
       6
      13
      18
      14
      18
      13
      16
      16
       8
       9
      14
      10
      11
      12
      12
      10
       6
       6
      14
      13
      11
      13
       8
      11
       6
      19
      11
      13
      11
      14
      10
       8
      10
       6
      13
      11
       7
       7
      14
      10
      10
       7
       7
       8
       9
       8
      14
      12
      11
      13
      10
      10
       8
      14
       9
      12
      11
      14
       7
      13
       8
      10
      15
       8
      11
      13
      16
      10
      13
      13
       9
       8
      15
      14
      14
      10
      10
       7
      10
      12
      13
      12
       8
      12
       6
      13
      12
       8
      14
      14
      10
       7
      10
      14
      18
       7
      11
      15
      12
      14
       6
       6
      14
      10
      10
       6
      12
       8
       9
      12
       8
       5
       7
      11
      12
      11
      11
      13
       9
      16
       9
      11
      11
      15
      12
      10
       7
      11
      11
      16
      11
      15
       8
       8
      11
      13
       8
      10
      11
      12
      12
      13
      11
      11
       4
      13
      12
       9
      15
       8
      13
       8
      18
      15
       8
       8
      10
      11
       5
      15
      13
      11
      12
      15
      18
      15
      10
       9
      16
      11
      12
      14
      15
       6
      11
      12
      10
      11
      14
       7
      11
      12
      11
      12
      14
      17
      14
      11
       5
      11
      16
      11
       8
       9
       8
      16
       7
       8
      11
       9
      12
      11
      12
      12
       7
      10
      12
       6
      16
       3
      16
      11
       6
      11
      15
      15
       7
       8
       9
      13
      13
       9
      10
      11
      12
       6
       8
      14
      16
      13
      15
       8
      14
      11
      11
      12
      14
      16
       9
      10
      13
      11
      10
       6
      11
      21
      10
      12
      14
       8
      12
      11
      11
      16
      16
       8
      11
      14
       4
      14
      14
      11
      16
       8
      17
       5
      15
       4
      11
       9
      14
      16
      13
       8
      11
       5
      12
      11
       6
       6
       8
      13
      12
      12
      15
       8
      13
      12
      19
      18
      10
      11
      11
      10
      12
      12
      12
       7
      14
      17
      13
      11
       9
      15
       9
       9
       8
       8
      10
      11
       8
      10
      16
      13
       9
       9
      11
      10
      14
      10
       9
      16
      12
      10
      10
      11
      16
      10
      14
      10
       9
      14
      11
       8
       8
       9
       6
      14
      14
      10
       9
      17
      11
      16
      11
      10
       9
       9
      10
      17
      12
       9
      10
      18
       9
      12
      13
      11
      12
      11
      13
      13
      10
      13
      19
       9
      15
       8
       7
      14
      16
       7
      16
      11
      16
      10
      11
      23
      15
       5
      13
      10
      14
      16
       9
      10
       9
      12
      11
      10
      14
      14
      15
       9
       7
      10
       6
      10
      19
       6
      11
       7
      11
       8
      13
      10
       9
      13
      11
      10
       7
       9
      11
      10
      12
      15
      18
      11
       8
      11
       6
      12
       9
      11
      17
      10
      10
       9
      10
      11
      10
      10
      16
      13
      12
      10
       9
      12
      12
      11
      20
      11
      10
      12
      15
      13
      11
       9
      12
       6
       8
      12
      12
      13
      14
       6
      10
       6
      15
       9
      18
      14
       6
      14
      10
      17
      15
      14
      10
      10
      16
      13
      10
      15
       7
      11
      12
      10
      12
      13
      13
      11
      15
       8
       9
       9
       9
      11
      12
       8
      14
       6
      10
      11
      14
      13
       8
      17
       9
      21
       9
      17
      10
       9
      17
       6
      10
      10
      13
      16
      12
      15
       6
       9
       9
      15
       7
      13
      14
      14
       9
      13
      14
      17
      14
       9
      13
       9
      18
      10
       9
      18
      13
       7
      13
      10
      11
      19
      16
       9
      14
      19
      11
      13
       7
      14
      11
      14
      11
      12
       7
      16
      13
      11
      12
      13
      14
      11
       9
      10
       8
       8
      15
      11
      14
      10
      19
      11
      14
       9
      11
      15
      11
      16
      21
      12
      13
       6
      15
       4
       9
      16
      11
      11
       7
      16
      17
      10
       8
       6
      22
      17
      14
      14
      15
      13
      14
       9
      10
      11
      13
      13
      11
      14
       8
      15
      18
      11
      10
      11
      13
       8
      12
      10
      10
      12
      12
      10
      12
      12
      13
       9
      15
       7
      16
      16
       8
      12
      18
      12
      11
      12
       7
       9
       8
       9
      14
      12
      10
      17
      10
       7
      13
      16
      13
       8
      11
       9
      11
      12
      10
       8
       6
      13
       8
      13
      14
       8
       8
       6
      15
      15
      14
      13
       9
      12
      12
      15
       5
      13
      11
      15
       7
      16
      17
      14
      15
      16
       3
       8
      12
      13
      10
      11
      11
      12
       9
       8
       8
       8
      10
      16
      14
      14
      15
      11
       8
      11
       7
       8
      15
      14
       8
      14
      16
       6
       9
      11
       8
      11
      14
      12
      11
      11
      13
       7
       9
      12
      14
      14
      17
      12
       9
      14
       4
      10
      18
      14
       6
      11
      10
      12
       9
      16
      12
      11
      12
       8
      13
      17
       9
      13
      11
      14
       9
      12
      12
      10
      11
      13
      11
      15
       8
      10
       9
       8
       9
      10
      12
      13
       6
      12
      10
       8
       8
       8
       8
      14
      13
      14
      12
      14
      15
      10
      21
       8
      11
       9
      12
      16
      12
       7
      12
      10
       6
      16
      14
      16
      21
       9
       7
      13
      14
      16
      10
      13
      14
      15
       7
      13
      14
      13
      11
       9
      13
       8
      13
      17
       9
      14
      14
       5
      12
      17
      20
      15
      14
      10
      14
      13
      15
      16
       9
      14
      13
      12
      10
      12
      14
      13
      10
      11
       6
      14
      16
      11
      16
      15
       9
      15
      14
      16
       6
       7
      15
      15
      13
       8
       9
       6
      17
      10
      12
      11
      12
      14
      10
      10
      15
      10
       9
      10
      14
      12
       8
      10
       8
      15
      13
      12
      12
       8
      11
      14
      11
      13
      10
      18
       9
      18
      12
       6
       9
      18
      10
      14
      15
      12
      12
       9
      12
      11
      11
       9
      12
      12
      13
       9
      13
      17
      14
      17
      14
      14
      14
      14
      13
      11
      14
      11
      10
       4
      13
      12
      12
      12
       8
      10
       8
      15
      12
      17
      10
      11
       9
      12
       4
      10
      14
      12
      11
      14
      10
      13
       7
       7
      14
      12
      10
      14
      10
      10
      14
      16
      15
      14
      11
       8
      11
      19
       9
      10
      12
      10
      12
      10
       8
      16
      12
       9
      11
       7
       8
      23
      13
      10
      10
       8
      15
      12
      16
      19
      10
      18
      12
      10
      11
      10
      10
      11
      10
      13
      12
      21
      16
      16
      11
      10
      18
      11
      20
      11
      18
      12
      15
      11
      10
      13
       7
      12
      16
      14
       9
       8
      12
       8
       9
      14
       9
       9
      19
       7
       9
      19
      11
      12
       8
      10
      13
       9
      15
      14
      18
      12
      14
      12
      12
       6
      10
      17
      16
      18
      12
       9
      18
      11
      14
      16
       9
       9
      11
      13
       9
      19
      11
      12
      19
      13
      12
       8
      10
      20
      13
      13
      13
      12
      15
       9
      13
      15
      10
      10
       9
       5
      16
      13
      13
      13
       9
      20
      20
      18
      14
      16
      10
      20
       9
       8
       9
      13
      14
      12
      12
      13
      19
      13
      12
      13
      16
      12
       9
      11
      12
      17
      14
      13
      10
      16
      10
      14
      13
      11
      12
      14
      13
      14
      17
       8
      11
       9
      17
      12
      19
      15
      11
      17
       8
       9
      16
      10
      18
      16
      17
      10
      19
      14
      11
      12
      17
       7
      14
      12
       7
      13
      14
      16
      14
      10
      15
      12
      10
      15
      15
      13
      12
      16
      16
      14
       8
      15
      12
      14
      12
      10
      15
       9
      18
       9
      11
      21
      13
      14
      13
      17
      19
      13
       9
      16
      14
      11
      14
      16
      10
      13
      18
      18
      12
      14
       9
       9
      14
      19
      19
      10
      18
      11
       9
      10
      20
      14
       9
      14
      17
      15
      16
      14
      13
      14
      13
      13
       6
      13
      12
      14
      12
       7
      14
      11
      13
       9
      17
       9
       9
      10
      10
      13
      13
      10
      16
      13
      11
      11
      19
      16
      14
       6
       9
      13
      18
      11
      21
      20
      11
      12
      21
      21
      15
      13
      17
      19
       9
      14
      13
      18
      12
      20
      13
      18
      17
      11
      20
      13
      18
      15
      13
      15
       9
      12
      17
      14
      15
      14
      14
      21
      18
      22
      11
      18
      11
      15
      16
       7
      14
      12
       6
      14
      12
      12
      11
      16
      15
      12
      17
      12
      13
      14
      21
      17
      11
      16
      12
      16
      17
      20
      15
      10
      20
       9
      16
       8
      14
       9
      16
      11
      13
      15
      14
      12
      18
      16
      19
      15
      13
      10
      13
      16
      11
      16
      13
      15
      18
      10
      16
      12
      13
      18
      20
      21
      13
      11
      18
      23
      16
      16
      17
      12
      11
       8
      11
      20
      11
       7
      19
      18
      21
      17
      15
      18
      14
      10
      17
      12
      16
      18
      17
      17
      11
      16
      22
      12
      17
      15
      13
      10
      10
       8
       7
      10
      12
      19
      10
      14
      14
      17
      15
      15
      18
      15
      10
      16
      16
      17
      10
      14
      25
      16
      10
      14
      11
      12
      12
      13
      14
      13
      20
      17
      14
       6
      13
      10
       8
      11
      17
      11
      13
      13
      13
      19
      13
      15
       6
       8
      18
      14
      14
      20
      12
      21
      13
      18
      20
       9
      12
      22
      12
      18
      14
      19
       9
      19
      19
      11
      11
      13
      17
      18
      16
      16
      16
      12
      12
      14
       7
      17
      12
       6
       7
      18
      20
      18
      14
      17
      18
      16
      11
      10
      19
      15
      19
      24
      15
      16
      13
      16
      22
      18
      14
      12
      15
      17
      10
      16
      20
      16
      16
      14
      22
      13
      12
      18
      20
      14
      12
      13
      11
      12
      17
      10
      12
      17
      13
      23
      19
      16
      18
      18
      11
      20
      11
      18
      13
      14
      14
      13
      26
      11
      17
      10
      13
      17
      10
      16
      11
      13
      18
      13
      14
      16
      12
      12
      13
      13
      20
      22
      11
      16
      13
      14
      11
      20
      12
      15
      20
      16
      16
      14
      15
      17
      12
      11
      10
      10
       9
      17
       9
      13
      15
      12
      10
      10
      13
      10
      13
      16
      13
      16
      19
      10
      13
      14
      14
      17
      17
      18
      18
      16
      14
      10
      20
      12
       9
      18
      21
      13
      18
      15
      18
      20
      12
       7
      11
      14
      14
      20
      21
      15
      17
      20
      11
      25
      14
      25
      15
      17
      14
      14
      18
      17
      29
      18
      18
      23
      12
      18
      15
      10
      22
      16
      19
      18
      16
      18
      22
      22
      15
      13
      14
      14
      16
      20
      12
      18
      19
      14
      20
      17
      21
      17
      15
      20
      18
      23
      11
      24
      19
      16
      14
      23
      20
      14
      17
      21
      15
      18
      16
      24
       9
      19
      15
      15
      11
      11
      17
      14
      19
      18
      11
      13
      17
      22
      15
      13
      16
      22
      16
      15
      17
      21
      18
      20
      22
      16
      12
      23
      20
       8
      18
      13
       5
      17
      15
      13
      17
      14
      21
      21
      21
      15
      24
      16
      12
      20
      21
      13
      14
      16
      17
      16
      17
      22
      14
      16
      18
      13
      14
      11
      20
      11
      21
      16
      15
      20
      19
      17
      18
      20
      22
      14
      13
      21
      12
      18
      19
      20
      24
      15
      13
      26
      18
      17
      20
      17
      18
       8
      20
      14
      22
      20
      14
      17
      12
      18
      13
      16
      20
      15
      26
      11
      18
      22
      20
      19
      26
      19
      26
      19
      23
      16
      18
      20
      20
      17
      19
      15
      14
      17
      17
      28
      18
      17
      15
      21
      20
      17
      24
      17
      20
      17
      18
      16
      29
      27
      18
      25
      21
      21
      27
      21
      25
      17
      22
      16
      19
      12
      18
      20
      18
      27
      26
      22
      26
      16
      21
      10
      13
      20
      14
      11
      14
      14
      16
      20
      18
      23
      16
      19
      14
      17
      14
      15
      12
      20
      19
      19
      15
      15
      13
      17
      19
      15
      19
      13
      20
      21
      15
      18
      21
       5
      17
      19
      18
      21
      26
      17
      19
      27
      19
      17
      20
      16
      24
      21
      18
      13
      29
      12
      21
      19
      18
      16
      16
      15
      20
      15
      22
      25
      22
      21
      20
      16
      20
      22
      27
      20
      15
      18
      24
      17
      20
      25
      10
      19
      21
      25
      20
      15
      17
      27
      21
      19
      17
      30
      20
      23
      24
      16
      15
      16
      16
      23
      17
      18
      19
      23
      19
      30
      18
      21
      20
      14
      23
      19
      19
      27
      24
      17
      20
      22
      24
      23
      21
      25
      17
      16
      20
      18
      25
      26
      22
      30
      17
      20
      21
      17
      25
      22
      24
      10
      19
      17
      20
      29
      20
      17
      20
      16
      24
      24
      29
      21
      22
      26
      23
      23
      20
      23
      23
      21
      13
      21
      20
      24
      34
      24
      26
      20
      29
      24
      12
      22
      22
      27
      21
      19
      22
      20
      21
      16
      20
      16
      26
      15
      26
      21
      16
      20
      22
      29
      22
      23
      20
      17
      14
      19
      17
      24
      13
      27
      19
      27
      27
      19
      27
      16
      16
      28
      23
      26
      22
      22
      30
      28
      21
      23
      21
      15
      26
      31
      32
      28
      29
      22
      29
      23
      23
      28
      25
      21
      35
      19
      29
      24
      23
      27
      26
      17
      19
      31
      19
      27
      23
      25
      25
      25
      21
      31
      16
      21
      30
      27
      29
      19
      24
      21
      17
      23
      23
      20
      29
      24
      33
      27
      30
      27
      24
      32
      18
      28
      21
      16
      26
      21
      27
      31
      32
      26
      20
      22
      23
      31
      33
      20
      29
      26
      30
      23
      20
      21
      37
      29
      26
      29
      26
      22
      26
      29
      28
      27
      22
      30
      24
      18
      17
      33
      24
      24
      23
      25
      25
      27
      21
      23
      25
      22
      23
      23
      25
      24
      23
      23
      35
      24
      22
      20
      30
      25
      26
      21
      24
      24
      28
      20
      24
      28
      13
      33
      26
      20
      34
      28
      32
      25
      27
      32
      23
      21
      30
      22
      27
      27
      23
      17
      22
      40
      18
      19
      27
      19
      34
      24
      26
      34
      26
      22
      21
      16
      27
      20
      28
      23
      17
      26
      19
      20
      23
      33
      22
      21
      27
      23
      12
      23
      27
      19
      29
      27
      34
      16
      24
      20
      27
      21
      14
      20
      34
      16
      16
      41
      20
      24
      18
      12
      25
      15
      25
      15
      14
      13
      23
      19
      22
      22
      19
      21
      13
      14
      18
      25
      21
      16
      21
      11
      16
      16
      21
      17
      20
      19
      16
      17
      23
      22
      20
      18
      14
      15
      13
      15
      14
      11
      18
      12
      19
       9
      17
      15
      22
      10
      20
      10
      17
      30
      13
      16
      16
      14
      18
      11
      13
      16
      12
      14
      11
      11
      23
      19
      10
      18
      12
      16
      10
      14
      16
      10
       9
      13
      19
      10
      16
      15
      17
      13
      13
      12
      13
      16
      16
      14
      14
      13
      13
      16
      11
      17
      16
      14
      13
      17
      10
      11
      14
      20
       8
       7
      17
      13
      16
       6
      14
      14
      16
      12
      12
      13
       9
      12
      10
      11
       6
      11
      18
       7
      13
      13
       2
      16
      11
      18
      11
      13
      16
      12
      11
      15
      16
      14
      16
       9
      19
      14
      15
      15
       8
      12
      15
      11
      11
      11
      15
      13
      14
       8
      12
      14
       8
      12
       7
      10
      16
       9
       8
      10
      11
      12
      17
       7
      11
      11
      12
      15
       8
       7
       8
      17
      13
      15
      11
       9
      10
      10
      12
      11
      12
      17
      20
      19
      11
       9
      14
      14
       7
      10
      14
      14
      13
       9
      14
      10
       9
      10
      14
       8
       5
       9
      12
      14
      16
      15
      12
       5
      11
      12
      13
       5
      12
      15
      15
      10
       7
       6
       9
      15
       6
      11
       9
       8
      10
      13
       9
      12
      12
      13
      12
       9
      11
      13
      14
       7
       9
      14
       9
      10
      16
      10
      11
       8
       9
      12
       9
      19
      13
       7
       8
       9
      10
       5
      14
      16
       7
      10
       6
       9
       8
       9
      18
      10
      11
      11
      13
      12
       8
       8
       7
       5
      11
      12
      10
      13
       7
      12
      13
      15
       8
      10
      14
       7
      16
      14
      11
       7
       8
       6
      12
      10
       5
       7
       7
      10
       7
      10
       3
       7
       9
      15
      11
       8
       7
      10
      12
       4
       5
       8
      14
       5
      11
       9
       9
      16
      13
       6
      12
      12
      12
      14
      10
      10
      13
      12
       7
      10
      10
       6
      12
       8
      10
       8
       9
       6
      10
       8
      11
      10
      10
       7
       6
       5
       7
       6
       7
      10
       8
       6
      11
       8
      10
       7
      14
       7
       5
       9
       8
       8
      10
       5
       7
       6
      10
      11
       9
      12
       7
       7
       6
       7
       5
       9
       7
       9
       5
       5
       9
      10
       6
       6
       8
       6
      10
       4
       7
       8
       5
      10
      11
       9
      11
       5
       8
       5
       8
       9
       7
       8
       7
       9
       7
       7
       8
       5
       9
       8
       6
       9
       9
       6
       6
       9
       6
       7
       8
       9
       2
       6
       8
       9
       8
       6
       7
       8
       5
       4
       4
       6
       8
       7
       5
       7
       6
       7
       3
       9
       9
       6
       8
       8
       9
       8
       9
       5
       8
       9
       9
       1
       4
       5
       2
      12
       8
       4
       3
       3
       4
       5
       3
       7
       2
       6
       6
       1
       3
       4
       8
       6
       4
       4
       2
       2
       3
       7
       9
       8
       5
       9
       3
       5
       9
       4
       5
       7
       7
       3
       5
       7
       3
       6
       7
       6
       6
       7
       5
       3
       5
       5
       2
       6
       4
       7
       4
       5
       7
       7
       3
       6
       6
       3
       8
       3
       7
       4
       5
       8
       4
       5
       4
       5
       4
       7
       4
       1
       5
       9
       2
       2
       4
       1
       6
       3
       2
       7
       6
       2
       7
       6
       8
       3
       3
       5
       5
       5
       1
       2
       4
       3
       8
       5
       7
       3
       5
       8
       3
       4
       7
       4
       9
       5
       1
       4
       3
       1
       5
      10
       4
       6
       7
       3
       3
       4
       3
       3
       1
       5
       0
       2
       3
       4
       5
       3
       2
       2
       4
       2
       4
       3
       5
       5
       3
       1
       5
       5
       2
       6
       3
       4
       3
       4
       3
       5
       4
       1
       3
       4
       6
       2
       1
       3
       2
       3
       2
       2
       3
       3
       3
       6
       0
       2
       4
       5
       1
       1
       0
       3
       2
       2
       2
       6
       1
       6
       4
       2
       3
       4
       5
       5
       3
       3
       3
       4
       4
       0
       6
       2
       3
       0
       4
       0
      11
       1
       6
       2
       2
       0
       1
       4
       1
       3
       1
       1
       5
       2
       4
       4
       3
       3
       1
       4
       0
       2
       1
       2
       2
       3
       6
       7
       2
       2
       4
       6
       1
       3
       4
       3
       1
       3
       2
       5
       2
       2
       1
       3
       2
       0
       6
       6
       3
       7
       2
       2
       1
       2
       3
       5
       3
       3
       2
       0
       7
       0
       0
       2
       1
       0
       2
       2
       5
       5
       1
       4
       4
       2
       4
       2
       2
       1
       0
       2
       3
       4
       6
       3
       3
       1
       1
       0
       2
       1
       3
       1
       1
       1
       1
       1
       1
       2
       5
       3
       4
       1
       2
       2
       3
       4
       0
       1
       2
       3
       1
       2
       1
       0
       2
       2
       3
       4
       2
       2
       3
       1
       1
       2
       5
       1
       0
       2
       5
       5
       2
       1
       2
       4
       2
       2
       2
       4
       2
       2
       3
       0
       2
       0
       2
       1
       3
       4
       0
       2
       1
       2
       3
       4
       3
       2
       3
       3
       2
       1
       2
       2
       3
       3
       1
       4
       4
       4
       1
       0
       5
       1
       3
       1
       3
       1
       1
       2
       3
       3
       2
       2
       4
       5
       0
       1
       0
       3
       3
       3
       0
       2
       2
       3
       2
       3
       1
       2
       2
       0
       5
       1
       0
       0
       3
       3
       1
       1
       4
       2
       0
       1
       4
       2
       3
       5
       2
       5
       1
       1
       1
       4
       1
       4
       1
       1
       0
       0
       2
       1
       3
       2
       4
       4
       2
       2
       2
       2
       4
       4
       5
       3
       1
       4
       2
       1
       3
       1
       1
       1
       5
       3
       5
       5
       5
       3
       2
       2
       1
       1
       0
       3
       2
       4
       4
       0
       1
       2
       4
       0
       0
       1
       3
       6
       1
       0
       4
       1
       2
       2
       0
       2
       3
       2
       4
       2
       2
       0
       1
       2
       4
       3
       0
       3
       3
       0
       2
       1
       2
       2
       1
       0
       2
       0
       2
       3
       2
       1
       0
       4
       5
       2
       3
       1
       0
       1
       2
       2
       2
       3
       3
       2
       2
       0
       2
       2
       0
       2
       0
       2
       1
       0
       6
       1
       3
       1
       3
       2
       3
       1
       4
       2
       0
       0
       1
       3
       0
       0
       2
       1
       3
       1
       2
       1
       3
       3
       0
       0
       1
       1
       2
       5
       2
       2
       3
       1
       1
       1
       4
       1
       1
       4
       1
       2
       0
       5
       3
       2
       2
       2
       2
       5
       2
       5
       3
       4
       4
       1
       2
       1
       3
       3
       2
       1
       1
       5
       6
       5
       8
       5
       1
       2
       2
       3
       4
       6
       9
       4
       3
       7
       6
       4
       5
       5
       8
       5
       6
       8
       3
       7
       6
       6
      13
       5
       6
       9
       8
      11
       8
       7
      13
      14
      12
       9
      14
      13
      13
      18
      10
       8
      14
      18
      20
      20
      20
      17
      16
      21
      21
      27
      22
      30
      35
      29
      33
      35
      52
      61
      36
      46
      57
      53
      62
      65
      64
      62
      81
      84
      91
      96
     110
     118
     105
     121
     120
     120
     136
     145
     137
     157
     158
     157
     167
     145
     171
     172
     154
     168
     177
     176
     181
     174
     182
     178
     184
     175
     199
     158
     181
     181
     201
     182
     217
     178
     195
     175
     192
     179
     197
     182
     194
     183
     166
     190
     191
     204
     188
     176
     196
     166
     173
     172
     177
     144
     157
     134
     145
     120
      94
      96
     102
      84
      83
      71
      79
      60
      59
      33
      34
      30
      37
      23
      37
      25
      20
      21
      10
      18
      13
      11
       5
       8
       9
       3
       4
       7
       2
       2
       4
       1
       1
       2
       2
       2
       0
       2
       1
       1
       0
       1
       1
       1
       0
       1
       1
       0
       1
       0
       0
       1
       2
       0
       2
       0
       0
       1
       1
       0
       3
       0
       0
       1
       1
       0
       1
       1
       0
       0
       0
       0
       0
       1
       1
       0
       2
       0
       2
       0
       0
       0
       0
       2
       3
       1
       1
       0
       0
       0
       0
       0
       0
       2
       0
       0
       0
       0
       1
       0
       1
       0
       1
       0
       2
       1
       1
       0
       0
       1
       0
       0
       0
       0
       1
       0
       0
       2
       1
       1
       0
       0
       1
       1
       0
       0
       1
       1
       1
       1
       0
       1
       0
       0
       0
       0
       1
       0
       3
       0
       1
       0
       1
       0
       0
       1
       0
       2
       2
       1
       2
       1
       0
       0
       3
       1
       1
       1
       1
       0
       0
       1
       2
       1
       0
       0
       0
       0
       0
       1
       0
       0
       0
       0
       1
       0
       0
       0
       0
       0
       2
       1
       0
       0
       1
       0
       1
       0
       1
       1
       1
       0
       1
       0
       1
       1
       0
       1
       0
       0
       0
       0
       0
       2
       0
       1
       0
       1
       1
       2
       1
       0
       0
       0
       1
       0
       1
       1
       0
       1
       0
       0
       0
       1
       2
       0
       0
       1
       0
       0
       0
       1
       1
       1
       1
       0
       1
       1
       0
       0
       1
       1
       0
       0
       3
       2
       1
       0
       2
       0
       2
       0
       0
       2
       1
       2
       0
       0
       0
       0
       0
       0
       0
       1
       2
       0
       0
       0
       0
       0
       0
       0
       2
       1
       0
       1
       1
       1
       0
       1
       0
       0
       1
       2
       1
       0
       0
       1
       2
       0
       0
       0
       0
       0
       0
       1
       0
       1
       0
       1
       1
       0
       1
       0
       2
       2
       1
       1
       0
       0
       3
       0
       1
       0
       0
       1
       0
       0
       0
       0
       0
       0
       0
       1
       0
       0
       3
       1
       0
       0
       1
       0
       0
       1
       0
       2
       2
       1
       0
       0
       0
       1
       0
       2
       0
       0
       0
       1
       0
       0
       2
       0
       0
       1
       1
       0
       0
       0
       0
       0
       3
       1
       0
       0
       0
       0
       1
       0
       0
       1
       0
       1
       0
       0
       0
       0
       0
       1
       1
       0
       0
       0
       0
       0
       0
       1
       0
       0
       1
       0
       0
       1
       1
       0
       0
       1
       0
       1
       3
       2
       0
       0
       2
       1
       2
       0
       1
       0
       4
       0
       2
       0
       2
       0
       0
       0
       0
       0
       0
       0
       1
       0
       1
       0
       1
       0
       0
       0
       2
       1
       3
       1
       2
       0
       1
       0
       1
       0
       0
       4
       1
       0
       0
       1
       0
       1
       0
       1
       1
       1
       0
       2
       0
       1
       2
       1
       1
       1
       1
       1
       0
       2
       0
       1
       1
       1
       0
       0
       0
       0
       0
       0
       0
       2
       0
       0
       1
       0
       2
       0
       1
       1
       0
       1
       0
       1
       0
       0
       0
       0
       1
       0
       1
       0
       0
       0
       0
       1
       1
       2
       1
       0
       0
       0
       0
       0
       0
       0
       1
       1
       1
       4
       0
       0
       1
       0
       0
       1
       3
       1
       1
       0
       1
       1
       0
       0
       2
       0
       1
       0
       1
       2
       2
       0
       0
       1
       0
       0
       1
       0
       0
       0
       1
       1
       0
       2
       0
       2
       2
       1
       0
       1
       1
       0
       1
       1
       0
       1
       0
       1
       1
       0
       0
       0
       1
       0
       1
       0
       0
       0
       0
       0
       1
       0
       0
       0
       1
       0
       1
       0
       1
       2
       0
       0
       0
       1
       1
       1
       0
       1
       0
       1
       0
       0
       3
       0
       0
       0
       1
       0
       0
       0
       2
       1
       2
       1
       0
       1
       0
       0
       0
       0
       0
       0
       2
       1
       1
       0
       1
       0
       2
       0
       1
       1
       1
       1
       0
       1
       1
       0
       0
       0
       0
       1
       1
       1
       1
       1
       2
       0
       2
       1
       0
       0
       1
       0
       0
       0
       0
       2
       2
       1
       1
       1
       0
       0
       0
       1
       0
       0
       0
       1
       0
       0
       0
       1
       0
       0
       1
       0
       0
       2
       1
       1
       1
       0
       0
       0
       0
       1
       0
       2
       0
       1
       0
       0
       2
       0
       0
       1
       1
       0
       0
       0
       0
       0
       1
       0
       2
       1
       0
       1
       2
       0
       0
       2
       0
       0
       0
       0
       0
       0
       0
       0
       0
       2
       2
       0
       0
       0
       1
       0
       1
       0
       0
       1
       0
       0
       0
       2
       1
       0
       0
       0
       0
       0
       1
       0
       2
       0
       1
       1
       0
       0
       0
       0
       1
       0
       1
       2
       1
       0
       0
       0
       0
       1
       0
       0
       3
       2
       0
       0
       3
       2
       0
       0
       2
       0
       2
       0
       0
       1
       1
       0
       2
       0
       1
       1
       0
       1
       0
       0
       1
       2
       1
       1
       0
       2
       3
       0
       1
       0
       0
       1
       0
       1
       0
       0
       1
       0
       2
       1
       0
       2
       1
       1
       1
       1
       2
       0
       0
       0
       0
       0
       0
       3
       0
       0
       1
       2
       0
       0
       0
       1
       0
       1
       2
       1
       0
       1
       0
       0
       0
       1
       1
       0
       1
       2
       0
       3
       1
       2
       1
       0
       2
       2
       1
       2
       0
       1
       1
       1
       2
       1
       1
       1
       2
       0
       1
       0
       1
       0
       2
       0
       1
       2
       4
       1
       2
       2
       4
       0
       1
       2
       3
       3
       1
       1
       0
       0
       0
       2
       0
       3
       3
       1
       1
       1
       1
       0
       2
       2
       0
       1
       1
       1
       1
       0
       0
       2
       2
       2
       2
       1
       0
       1
       0
       1
       1
       1
       1
       1
       0
       0
       0
       1
       1
       2
       2
       1
       2
       0
       0
       2
       2
       2
       4
       0
       1
       1
       1
       1
       0
       1
       1
       1
       0
       1
       3
       0
       1
       1
       2
       1
       1
       0
       1
       2
       1
       2
       1
       0
       0
       1
       0
       1
       1
       2
       0
       2
       1
       0
       2
       1
       0
       1
       1
       2
       2
       2
       0
       0
       0
       0
       0
       2
       1
       4
       2
       0
       1
       1
       2
       0
       2
       0
       0
       0
       0
       0
       0
       0
       1
       2
       1
       2
       1
       1
       2
       0
       1
       1
       1
       0
       4
       0
       1
       0
       3
       0
       1
       3
       1
       3
       0
       0
       1
       0
       0
       0
       1
       2
       1
       2
       0
       3
       1
       2
       0
       1
       0
       0
       2
       2
       1
       1
       4
       3
       0
       1
       1
       0
       0
       1
       2
       2
       2
       2
       1
       3
       2
       2
       0
       1
       1
       0
       0
       4
       4
       0
       0
       1
       3
       1
       1
       4
       0
       2
       2
       2
       0
       4
       0
       0
       1
       1
       2
       3
       1
       0
       0
       2
       2
       0
       1
       4
       5
       0
       0
       2
       2
       1
       1
       1
       0
       2
       3
       1
       3
       1
       1
       3
       2
       2
       2
       1
       0
       0
       1
       1
       1
       2
       3
       0
       0
       0
       0
       0
       1
       2
       2
       0
       2
       2
       3
       0
       4
       1
       0
       0
       2
       4
       1
       1
       5
       2
       0
       2
       1
       0
       1
       2
       1
       2
       1
       1
       4
       3
       8
       4
       1
       3
       6
       1
       3
       1
       3
       4
       3
       2
       5
       6
       4
       4
       2
       2
       2
       4
       2
       6
       5
       2
       2
       2
       1
       2
       2
       4
       4
       0
       5
       1
       1
       1
       1
       1
       0
       4
       5
       2
       2
       3
       3
       3
       2
       1
       4
       1
       3
       1
       4
       0
       3
       1
       3
       3
       0
       0
       3
       3
       1
       1
       2
       3
       2
       2
       4
       1
       4
       0
       1
       1
       3
       3
       1
       3
       4
       0
       4
       3
       2
       4
       3
       3
       3
       0
       4
       1
       2
       2
       1
       1
       1
       3
       0
       0
       1
       3
       2
       2
       1
       0
       3
       4
       1
       3
       1
       1
       0
       1
       1
       1
       1
       2
       3
       2
       1
       1
       2
       2
       1
       3
       1
       1
       4
       1
       0
       2
       2
       0
       3
       1
       0
       2
       0
       4
       1
       2
       1
       3
       1
       2
       2
       0
       1
       1
       1
       2
       1
       2
       1
       0
       2
       1
       3
       2
       0
       0
       2
       1
       2
       0
       0
       2
       1
       1
       3
       1
       0
       1
       1
       2
       2
       1
       2
       1
       1
       2
       2
       2
       0
$ROI:
5
349 399
960 988
992 1050
1491 1501
5157 5169
$PRESETS:
None
0
0
$ENER_FIT:
0.000000 0.186875
$MCA_CAL:
3
0.000000E+000 1.868748E-001 0.000000E+000 keV
$SHAPE_CAL:
3
0.000000E+000 0.000000E+000 0.000000E+000
