$SPEC_ID:
No sample description was entered.
$SPEC_REM:
DET# 1
DETDESC# DLAB-PHY-L3-49 926 Right
AP# Maestro Version 7.01
$DATE_MEA:
10/18/2024 16:36:21
$MEAS_TIM:
117 127
$DATA:
0 8191
       0
       0
       0
       0
       0
       0
       0
       0
       0
       0
       0
       0
       0
       0
       0
       4
       3
       5
       2
       6
       7
       5
       3
       9
       6
       6
       9
       9
       9
      12
      23
      19
      30
      40
      46
      48
      78
      67
      71
     101
     123
     138
     121
     150
     129
     148
     153
     113
     132
     144
     127
     140
     144
     144
     131
     125
     149
     126
     132
     148
     149
     132
     126
     111
     136
     145
     145
     139
     113
     143
     116
     135
     112
     116
     116
     116
     128
     108
     105
     132
     137
     116
     130
     156
     118
     129
     114
     113
     112
     121
     111
     116
     115
     114
     129
     109
     102
     108
     132
     107
     121
      98
     101
     122
     121
     112
     111
     109
     111
     113
      99
     110
     114
     121
     122
     101
     117
     115
     119
     108
     108
     116
     120
     115
     117
      93
     121
     117
     103
     118
      95
     121
     108
     116
     116
      68
     102
      96
     118
     117
     121
     106
      99
      94
     121
      93
     111
     125
      98
      88
     118
     111
     105
      98
     101
     118
      90
     101
     104
     100
     104
      98
     103
     105
     109
     107
     121
      82
     103
     115
     104
     112
     112
     105
      82
     107
      78
     101
     108
      74
     105
      87
     100
      84
     110
     109
     101
      91
      79
     102
     120
      86
      87
     113
      96
     106
     100
      80
      98
      81
     116
      87
     102
      94
     108
      93
      88
     102
     105
      95
      95
     122
     104
      97
      70
      79
      97
      85
     108
      98
      99
      98
      80
      85
      88
      98
     104
      95
      99
     121
      93
     103
      96
      88
      82
      97
      97
      80
      82
     100
      97
      96
      94
     102
      88
      90
      88
      90
     100
     106
      93
     114
     105
     106
     100
      77
      78
      92
      94
      95
      98
     100
     100
     106
      82
      87
     104
      85
     105
     112
     102
      92
      96
      95
      89
      96
      85
      84
      88
      86
      86
     104
      96
     106
      82
      81
      79
      97
      94
      89
      88
     100
     102
      89
     119
      82
      82
      77
      87
     103
      76
     100
     103
      95
      90
      91
     110
      98
      92
      97
      80
      82
     102
      88
      85
      81
     107
      86
      74
     102
      99
      94
      84
      89
      90
      88
      87
      91
     108
      99
     118
      78
      87
     101
      97
      92
     106
      99
     104
      95
     104
     103
      99
     104
      96
     114
     116
     113
     108
     148
     113
     132
     144
     112
     127
     132
     144
     164
     145
     140
     129
     148
     144
     133
     119
     130
     135
     123
     111
     101
     113
     124
     111
     129
      91
     115
     110
     106
      98
     111
     108
      98
     102
     110
     100
     103
      92
      77
      88
      95
      81
      88
     100
     109
      88
      87
      85
      89
      74
      96
      91
      84
      92
      92
      88
     103
     108
      92
     125
     115
      97
     103
     118
      99
     108
      96
     115
     115
     123
     106
     104
     121
     107
     111
      99
     119
     109
     100
     103
      95
      99
     101
     106
      91
      94
      85
      92
      87
     108
      93
      74
      81
      84
      85
      87
      92
      86
      76
      76
      80
      88
      86
     105
      87
      95
      85
      86
      86
      98
     112
     102
      90
      71
      78
      78
      89
      84
      79
      82
      76
      85
      85
      80
      87
      86
      87
      93
      80
      78
      91
      97
      86
      86
      89
      98
      74
     102
      84
      96
      84
      84
      84
      78
      83
     103
      86
      91
      86
      85
      91
      83
      89
      98
      85
      81
      72
      77
      88
      91
      75
      83
      84
      91
      72
      83
      79
      86
      78
      90
      89
      85
      83
      88
      71
      91
     101
      85
      79
     103
      79
      73
      86
      91
      72
      87
      81
      85
      89
      78
     105
      88
      62
      96
      88
      80
      82
      78
      82
      80
      86
      86
      97
      70
      77
     101
      84
      68
      97
      92
      93
      95
      97
      88
      67
      71
     106
      90
      79
      82
      83
      87
      96
     105
      98
      79
      86
      98
      67
      77
      73
      77
      96
      74
      98
      72
      78
      86
      91
     107
     111
      89
      85
      79
      88
      89
      89
      78
      90
     106
      75
      72
      88
      79
      92
      97
      90
      89
      83
      97
      78
      94
      90
      87
      73
      83
      91
      84
      82
      79
      95
      89
      66
      76
      82
      81
      91
      75
      77
     100
      93
      86
      79
      84
      90
      94
      93
      87
      75
      81
      79
      68
     104
      69
     101
     102
      86
      68
      79
      73
      89
      90
      86
      79
      81
      91
      81
      78
      70
      86
     102
      69
      79
      75
      96
      77
      95
      75
      81
      83
      93
      79
      84
      92
      72
      76
      91
      95
      84
      84
      71
      81
      79
      89
      95
      79
      83
      84
      91
      72
      78
      81
      81
      76
      88
      93
      78
      83
      93
      84
      88
      96
      98
      70
      80
      88
      82
      81
      82
      99
      83
      69
      65
      75
      78
      79
      85
      73
      92
      73
      92
      90
      68
      97
      83
      79
      79
      91
      79
      72
      85
      87
      84
      89
      86
      81
      77
      71
      83
      92
      74
      81
      81
      78
      88
      89
      66
      84
      90
      72
      86
      79
      79
      78
      79
      84
      92
      72
      81
      94
      73
      93
     103
      85
      84
      82
      71
      87
      77
      89
      81
      77
      72
      76
      91
      92
      71
      95
      89
      78
      69
      85
      75
      94
      76
      93
      78
      74
      86
      84
      75
      87
      91
      92
      83
      80
      86
      96
      90
      76
      95
      82
      99
      90
      97
      84
      91
      73
      88
      81
      79
      81
     106
      78
      81
      77
      86
      71
      89
      74
      84
      62
      93
      86
      78
      85
     113
      92
      69
      84
      95
      85
      88
      77
      86
      73
      82
      93
      94
      80
     101
      77
      92
      78
      83
      85
      81
      96
      80
      88
      97
     100
      91
      95
      78
      89
      97
      86
      79
      88
      88
      72
      92
      89
      82
      81
      86
      72
      80
      78
      92
      77
      95
      93
      94
      82
     106
      88
      89
      71
      69
      90
      87
      87
      95
     106
      83
      97
     100
     108
      87
      81
      89
      87
      90
      79
      99
      79
     102
      72
      88
     101
     108
     101
      88
     103
      89
      96
      84
      78
      88
      95
     102
      98
      86
      82
     100
      86
     105
      93
      92
     105
      89
      77
      90
      97
     101
      97
      84
      82
      90
      95
     109
     108
      94
      98
      90
      94
     105
     105
      98
      87
     100
      89
      80
      87
     106
      86
      97
      80
      96
      95
      93
      95
      95
      95
     101
      93
      83
      80
      95
      82
     102
      91
      93
      94
      91
      89
      87
      85
      93
      74
     116
      81
      74
      92
      85
      96
      70
      87
      99
     104
      88
      90
      94
      80
     112
      91
      97
      98
      97
     104
     100
      91
      91
      96
      84
      81
     100
      89
      98
      92
      84
      96
      99
      64
      78
      83
      90
      87
      77
      96
      87
      86
      76
      88
      96
      92
      92
      88
     101
     112
      96
      94
      88
      89
      93
      86
      80
      73
      86
      81
      97
      82
      93
      87
      83
      83
      83
      87
      88
      82
      93
      87
      83
     103
     116
      73
      92
      93
     108
      92
      78
      93
      93
      94
      74
      79
      80
     107
     100
      80
      80
      95
      87
      97
      86
      96
      85
      92
      87
      72
     115
      90
      81
      82
      88
      88
      99
      82
      81
      94
      86
      96
      86
      86
      80
      98
      80
      83
      83
     102
      99
      95
      93
     100
      97
      81
      90
      96
     101
      92
     100
      97
      83
      99
      96
      88
      84
      85
      99
      93
      93
     100
      83
     108
      86
      90
     102
      83
      83
      89
      96
     103
      95
     103
     107
     107
      84
      96
      83
      77
     109
      86
      99
      93
      93
      93
     107
     113
      86
      78
      84
      77
      92
      97
      95
      96
      76
      92
      98
     106
      93
      87
     106
      77
      96
      79
      88
      94
      98
      84
     113
     100
      81
      89
      92
      87
      83
      94
      91
     103
      94
      92
      91
      97
      89
     101
      86
      75
      83
      91
     101
      90
     105
      89
      83
      82
      93
      89
      94
      93
      94
      89
      92
      81
      85
     106
     103
      87
      89
      86
      86
      81
      99
     100
      81
      99
      87
      97
      88
      88
      85
      88
      92
      78
      79
     106
      91
      91
      95
      86
      79
      89
      95
      78
     105
      93
      92
      93
      97
      90
      91
      77
      98
      84
      81
     105
     106
     105
      84
      88
      81
      90
     101
      75
     101
      96
      91
      82
      97
      85
     110
      89
      96
      84
      83
      88
     104
      80
      88
      88
     100
      98
     116
      84
     108
     103
      89
      96
      91
     103
      85
      83
      88
      88
      93
      80
      84
      96
      98
      99
      84
      95
      88
      93
      89
      78
      94
     104
      73
      81
      92
      98
     105
      92
      85
      85
      91
      79
     116
     102
      83
      94
      90
      87
     101
      99
     105
     101
      85
      83
      91
      84
      96
      90
      97
      83
     102
      93
      89
      90
      94
     102
      84
      91
      90
      81
      95
      80
      89
      89
      84
     105
      88
     102
      95
      95
      73
      83
      85
      84
      89
      85
      96
      74
      79
      79
      87
      85
      87
      87
      80
      90
      82
      86
      99
      88
      78
      91
      86
     104
      82
      94
      78
      91
      75
      94
     102
      81
      95
      82
     102
      88
     101
      90
      94
      94
      95
      88
      79
     102
     102
      79
      83
      96
      96
     106
      81
      93
     102
      77
     107
     103
      89
     105
     102
      86
      86
      93
      80
      77
      99
      75
      82
     103
      95
      86
      88
      88
      79
     107
     105
      76
      98
     105
     101
      85
      89
      99
      71
      94
      97
      80
      86
      88
      88
      89
     101
      99
     102
      86
      90
      81
     104
     109
      88
      86
      87
     114
      91
      75
     105
     104
      71
      75
      85
     101
     122
      94
      91
      93
      87
      81
      77
      94
      91
      88
     107
      96
      95
      98
      77
      98
      89
      96
      95
     101
     106
      97
      84
      74
      93
      96
     102
      96
      96
     111
      91
     102
      84
      90
      95
      86
     102
      93
      88
      82
     121
      83
      99
      87
     104
      85
      77
      89
      93
      82
      91
     101
     114
      83
      87
      75
      91
      82
      82
     107
      98
      97
      91
      91
     101
      84
     100
      96
     122
      99
     114
      87
      86
     102
     107
      89
     105
      92
      97
      92
     106
      93
      95
     101
     101
      91
     104
     109
      87
     104
     104
      88
      98
     103
     119
     118
      94
     100
      88
     102
      89
     106
      96
      99
      97
      94
     110
     109
      97
     102
     106
     108
      87
      98
     117
     115
     102
      97
      97
     114
     105
     124
      93
     105
     106
      86
      99
      91
      96
      86
      86
     119
     114
     103
     104
     110
     105
     117
     111
     101
      96
      94
      98
     117
      87
     101
     100
      99
     109
     109
     108
      97
     106
      98
     102
     104
      97
     107
     110
     114
     110
     102
      87
     107
     114
     129
     103
     115
     107
      96
      99
      96
     118
      94
     105
     113
     105
     110
     121
     105
     102
     101
     110
     103
     112
     112
     112
     122
     126
     110
     104
     101
      98
     106
     109
     123
     110
     105
     108
     107
     108
     100
      86
     112
      97
     112
     108
     111
     108
     123
     109
     100
     124
      85
      92
     115
     125
     100
     133
     128
     117
     105
     120
     106
      97
     110
     115
      96
     102
     104
     109
     113
     104
     116
      90
      99
     133
     110
     128
     108
     102
     122
     109
     129
     108
     109
     117
     113
     117
     115
     117
     128
     116
     122
     102
     112
     115
     123
     109
     111
     115
     107
     120
     101
     119
      93
     114
     100
      91
     112
     123
     126
     138
     120
     119
     102
     115
     124
     125
     108
     113
     110
     119
     112
     107
     105
     106
     121
     130
     131
     107
     122
     116
      90
     117
     123
     126
      97
     114
     123
     135
     110
     101
     110
     123
     131
     113
     120
     127
     113
     120
     105
     112
     124
     109
     130
     100
     100
     127
     100
      89
     104
     120
     103
     117
     105
     109
     108
     129
      92
      99
      98
     109
     121
     100
     111
      87
     125
      96
      98
     102
     102
      98
      95
     117
      97
      86
      85
      79
     112
     107
      96
      75
     100
      94
      96
      95
      73
      86
      78
      83
      81
      64
      79
      84
      85
      68
      73
      73
      70
      58
      71
      80
      67
      70
      80
      85
      64
      75
      91
      89
      79
      72
      61
      83
      59
      83
      66
      65
      66
      73
      75
      76
      57
      60
      66
      59
      64
      62
      69
      72
      69
      70
      78
      68
      76
      68
      60
      59
      51
      60
      59
      61
      91
      67
      63
      58
      57
      55
      67
      78
      58
      52
      58
      57
      56
      77
      62
      55
      65
      71
      59
      61
      63
      48
      63
      63
      65
      57
      65
      65
      55
      64
      58
      69
      72
      66
      44
      59
      53
      51
      51
      70
      50
      55
      53
      60
      70
      65
      52
      41
      59
      57
      47
      44
      58
      47
      45
      65
      52
      52
      50
      42
      53
      46
      40
      48
      62
      51
      55
      44
      51
      53
      65
      63
      61
      55
      49
      60
      71
      51
      53
      66
      38
      61
      51
      46
      51
      52
      53
      44
      64
      42
      55
      43
      56
      50
      41
      55
      56
      59
      60
      45
      39
      51
      42
      50
      52
      44
      54
      43
      46
      37
      42
      63
      36
      50
      41
      57
      49
      38
      54
      36
      50
      41
      53
      54
      46
      47
      39
      46
      51
      39
      37
      41
      36
      45
      39
      61
      49
      46
      44
      48
      39
      33
      57
      37
      49
      57
      47
      42
      41
      52
      38
      42
      53
      45
      41
      49
      36
      40
      41
      29
      45
      39
      54
      42
      43
      42
      53
      42
      41
      39
      47
      25
      46
      38
      40
      43
      37
      41
      41
      36
      39
      37
      48
      40
      38
      38
      27
      35
      30
      37
      52
      30
      49
      53
      37
      46
      57
      38
      44
      27
      44
      37
      41
      37
      29
      29
      34
      31
      46
      31
      39
      37
      44
      37
      34
      33
      31
      37
      32
      43
      32
      40
      32
      38
      35
      30
      39
      28
      38
      36
      30
      27
      49
      37
      28
      26
      40
      24
      31
      44
      36
      25
      24
      31
      35
      38
      30
      26
      31
      33
      32
      26
      25
      32
      24
      36
      27
      29
      33
      37
      24
      32
      27
      33
      43
      31
      36
      35
      30
      18
      27
      29
      32
      35
      34
      37
      27
      30
      35
      29
      31
      29
      33
      23
      32
      32
      27
      39
      32
      29
      41
      31
      27
      33
      23
      29
      35
      27
      28
      29
      32
      33
      25
      37
      33
      26
      25
      22
      30
      35
      22
      27
      35
      34
      32
      25
      30
      36
      31
      22
      18
      31
      33
      38
      29
      33
      22
      26
      25
      25
      26
      27
      31
      26
      24
      28
      34
      24
      24
      38
      21
      29
      33
      37
      31
      27
      36
      37
      22
      34
      24
      26
      30
      26
      19
      23
      29
      30
      23
      27
      20
      31
      26
      28
      27
      26
      29
      24
      31
      28
      23
      26
      32
      25
      28
      27
      28
      21
      24
      24
      27
      27
      27
      26
      19
      17
      18
      24
      31
      19
      28
      21
      30
      27
      14
      24
      26
      30
      30
      25
      14
      25
      31
      19
      29
      21
      16
      35
      27
      28
      24
      22
      25
      23
      23
      20
      33
      26
      27
      33
      32
      26
      28
      29
      13
      23
      29
      25
      23
      30
      19
      17
      24
      29
      36
      27
      22
      33
      26
      20
      23
      26
      25
      25
      27
      24
      26
      28
      30
      27
      36
      19
      31
      26
      20
      17
      29
      34
      21
      23
      22
      27
      23
      25
      28
      24
      23
      23
      25
      31
      26
      27
      32
      24
      26
      22
      28
      20
      25
      35
      17
      25
      20
      35
      27
      19
      33
      30
      19
      27
      29
      26
      25
      21
      17
      20
      22
      20
      18
      23
      25
      20
      19
      22
      25
      29
      22
      16
      22
      32
      23
      29
      13
      18
      23
      27
      27
      26
      24
      27
      28
      28
      21
      25
      20
      39
      36
      23
      22
      20
      17
      25
      21
      27
      27
      24
      18
      27
      31
      18
      23
      22
      15
      18
      20
      19
      20
      29
      18
      20
      16
      23
      26
      19
      27
      20
      19
      24
      21
      22
      23
      29
      26
      30
      27
      20
      24
      16
      31
      18
      23
      28
      26
      23
      22
      20
      24
      22
      22
      26
      21
      29
      22
      21
      27
      23
      16
      25
      28
      12
      17
      27
      21
      23
      24
      24
      20
      16
      27
      24
      25
      26
      20
      18
      23
      23
      24
      25
      20
      19
      18
      20
      28
      29
      30
      23
      20
      26
      16
      26
      30
      27
      31
      20
      22
      26
      25
      26
      19
      17
      19
      21
      24
       6
      20
      27
      16
      20
      27
      22
      21
      21
      26
      18
      13
      18
      16
      19
      19
      20
      15
      25
      17
      17
      19
      23
      24
      22
      25
      24
      20
      25
      29
      21
      25
      22
      21
      25
      22
      13
      25
      24
      26
      20
      10
      22
      17
      20
      17
      14
      21
      26
      19
      24
      19
      24
      23
      24
      21
      21
      28
      24
      18
      17
      21
      26
      14
      16
      19
      21
      17
      24
      18
      16
      26
      19
      14
      24
      15
      28
      27
      20
      25
      24
      27
      26
      22
      26
      25
      25
      27
      14
      17
      18
      27
      16
      17
      21
      31
      17
      31
      26
      19
      16
      23
      16
      28
      22
      22
      25
      20
      25
      28
      18
      16
      23
      26
      15
      15
      20
      21
      18
      23
      20
      18
      22
       9
      15
      22
      19
      30
      28
      21
      26
      23
      16
      22
      26
      22
      18
      13
      21
      15
      26
      15
      16
      21
      24
      23
      24
      18
      21
      22
      16
      17
      25
      18
      22
      27
      21
      20
      26
      22
      28
      30
      28
      29
      22
      36
      31
      25
      34
      34
      34
      38
      49
      40
      58
      53
      53
      45
      61
      76
      78
      94
      76
     110
     105
     111
     138
     155
     154
     164
     207
     246
     270
     258
     321
     370
     380
     400
     502
     563
     570
     597
     634
     714
     781
     820
     909
     994
    1014
    1069
    1152
    1186
    1315
    1309
    1350
    1416
    1408
    1370
    1532
    1461
    1409
    1359
    1453
    1397
    1378
    1384
    1286
    1290
    1263
    1200
    1177
    1050
    1022
     929
     965
     801
     804
     722
     620
     566
     530
     488
     462
     374
     341
     300
     236
     222
     189
     200
     148
     115
     107
     103
      91
      62
      52
      50
      44
      48
      39
      30
      26
      27
      24
      21
      28
      10
      16
      12
      14
       7
      15
      15
      16
      17
      12
      12
       2
      15
      10
       8
      14
      14
      11
       7
      12
      13
      19
      13
       9
      13
      13
      14
       7
      23
      15
       6
      11
      13
      14
      10
      12
      12
       9
      14
      13
       9
      19
       7
       8
      10
      11
      14
      14
      12
      13
      12
      18
      14
      11
      15
      17
      12
      14
       4
      14
      13
      14
      14
      13
      10
      11
      12
      10
      15
      10
      12
      17
      11
       8
      10
      10
       3
      17
      12
      14
      15
      11
       8
       6
       7
      15
       5
       8
      13
      12
      11
       6
       5
      11
      10
       9
      11
      11
      14
       9
      12
      21
      14
       8
      11
       5
       7
      18
      12
       7
      15
      13
       6
      12
      11
      11
       7
      11
      14
       9
       7
      11
       7
      13
      12
      18
      11
       9
       9
       8
       9
      11
      11
       9
      10
      19
      14
      12
      11
      10
       7
       7
      11
       9
      12
      12
       9
       7
      13
      14
       7
      11
      12
       8
      14
       9
      13
      11
      11
      12
       9
      13
      14
      10
      10
       9
      12
      11
      10
      13
      11
       9
      11
      16
      14
      17
      10
      13
       7
       7
      14
       8
      11
      13
      14
      10
       8
       8
      12
      13
      10
      13
       5
       9
      12
      14
       8
      16
      12
      13
      17
      10
      17
       9
      10
      10
      10
      12
      10
      12
       8
      15
      10
      14
      13
      19
       7
      10
      12
      10
       7
      12
      11
      13
      17
      12
      10
       9
      12
       8
      13
      14
       8
       9
      19
      11
       9
       4
       8
       9
       8
      14
       3
      10
       5
      14
       9
       9
      13
       9
       9
       8
       9
       9
       8
       7
      10
      10
      11
       8
      13
      18
       7
      11
      11
      14
      14
      10
      15
      10
       9
      10
      14
      14
       5
       9
      15
      13
       8
      13
      10
      14
      16
       7
       8
       8
       7
      13
      13
      12
      13
      15
      14
      21
       6
       4
       9
       6
       8
      14
      10
      13
      21
      13
      10
      10
      15
      14
      10
      14
      11
      13
      12
      17
      13
      12
       7
       7
      10
      15
      10
       9
      11
      11
      13
      10
      15
      10
       9
       7
      13
      11
       6
      12
       7
      13
      13
      11
       9
      11
      15
      11
       7
       9
       4
      13
      19
       8
      13
      11
       9
      11
       9
       4
      12
      14
      11
      16
      14
      13
      10
       9
      13
      13
      21
      14
      15
       7
       9
       4
      15
       9
      10
      11
      11
      17
      16
      11
       3
       9
      17
      10
       7
      13
      12
       9
      16
      14
      10
       6
      14
      14
       7
       8
      13
      16
      14
      10
       4
      13
      13
      12
      12
       7
      11
      11
       9
       9
      12
       8
      10
      16
      10
      17
      13
       9
      11
       5
       9
      11
      15
      15
      14
      13
       5
      16
      18
      18
      11
      12
       9
      13
       9
       8
       9
       5
       9
      11
      12
      13
       9
       6
       6
      19
      13
       9
       9
      17
       8
      10
      16
      16
       8
      11
      14
      10
      11
       9
       4
      14
       8
       7
      10
      14
      14
      10
       4
      14
      15
      12
      10
       4
      11
      11
      10
      14
      17
       5
      14
      14
      17
      18
      11
      14
       9
      12
       8
      14
      13
      10
      10
       2
      10
       9
       9
      15
       6
      11
      14
      16
      15
       9
      11
       9
       9
      11
      12
      12
      11
      12
      11
       7
      11
      11
      16
      13
       8
       7
      11
       9
      11
       9
      13
      11
       5
       6
       9
      15
      14
       7
       8
       8
      11
      10
       9
       8
      12
      11
       9
      11
      15
      20
      13
      16
      13
      12
       9
      19
       7
      11
       7
      10
      13
       9
      14
      16
      16
      11
       8
      10
       8
      10
       7
      14
      13
       9
      11
       8
       5
       6
      14
       8
      15
      11
      14
      13
      11
      14
      12
      12
       8
      18
      17
      13
      15
      10
       8
       5
       7
      13
       8
       9
      15
      13
       9
       9
      12
      10
      10
      11
       9
       9
      10
      12
       7
      10
      10
      19
       7
      15
      11
       7
      16
      11
      10
      13
      10
      13
      10
      10
      10
       8
       8
      16
      12
       9
       8
      15
       8
      14
      11
      13
       8
       5
       9
      11
      10
       8
       9
      11
       9
      12
       6
      10
      18
       2
      11
      11
      16
       5
       8
      13
      10
      16
      11
      12
      12
      12
      18
      12
      13
      15
      15
       9
      10
      10
       9
      14
      14
      13
      16
      10
       8
       7
      12
       9
      13
      12
      10
       7
      14
      11
       6
      19
       9
      11
      10
      14
      12
      13
      16
       8
      12
      11
       9
      10
       7
      12
       7
       7
       5
      12
       7
       7
      12
      20
      15
      14
      11
       5
      11
       7
       8
      13
      10
       8
       8
      10
      13
      13
      12
      16
      14
       8
       8
      11
       7
       9
      11
      19
      12
      10
       8
       5
      16
      13
       8
       5
      13
       9
       7
       8
       7
       9
       9
       9
       8
       8
      14
      11
       6
      16
       6
       9
       7
       5
       7
      14
       9
       9
       5
      16
       4
       8
       7
       7
       9
      12
      11
      10
      10
       9
      10
      13
       9
      10
       6
       4
       7
      12
       9
       7
      16
       8
      14
       9
      10
      12
      12
      11
       9
       6
       9
       8
       5
      12
      16
       6
      11
      12
      12
      10
      12
      11
      10
      10
      14
      11
      15
       8
       8
      11
      14
       7
      17
       9
       8
      13
       8
      15
      11
      12
      11
       9
      14
      10
      15
      11
       6
       7
       6
       6
      12
       6
       8
       8
      15
      10
      12
      15
       7
       8
       6
       8
       7
       6
      13
      13
      13
      12
       8
       8
       7
       5
       8
      10
      10
      17
       9
      13
      16
      11
       3
      14
      15
       7
      17
      10
       9
      13
       8
       8
       4
      11
      12
      11
      14
       5
      12
       6
      10
      10
       8
       6
      15
       7
      12
       5
       9
      12
      10
      16
       6
      10
       9
       7
       7
      15
       7
       8
       9
      13
       8
      11
       5
       9
       8
      12
      10
       7
      10
      12
      14
      11
      15
      13
      10
      10
       9
      13
       8
       6
       8
       7
       1
       6
      14
      13
      18
       6
       7
      12
       4
       5
       6
      14
      11
       7
       8
       9
      12
       3
      11
      11
      14
       4
      16
      12
      15
       8
      14
       7
       7
       7
      10
      11
       7
      15
       4
      11
      11
      16
       8
      15
      16
       7
       8
      14
       9
      12
       8
       6
      16
      10
      14
      12
      15
      11
       8
      12
      11
      14
       9
      15
       4
       7
       6
       9
      10
      10
      12
      10
       6
      16
       6
      12
       8
       7
      16
      11
      13
       9
      11
      10
      21
       8
       8
      14
      18
      15
      17
       7
      13
       8
      11
      11
       7
      14
      10
      14
       7
      12
      15
      10
      12
      10
       8
       8
       9
      11
       7
       7
      12
      13
       9
       9
       5
      16
       9
       9
      13
       9
      11
      13
      13
      12
       7
      10
      12
       8
      12
      11
       7
       5
       9
       8
      10
      11
       8
      12
      13
      11
      14
      12
      10
       9
       6
       6
       8
       8
      13
      12
      11
      15
      11
      14
      10
      15
      15
       7
      14
      13
      10
       9
       6
      13
      11
      10
      11
      14
      15
      12
      14
      11
       7
      10
      10
      12
      16
      13
      19
       6
      14
       9
       8
      13
      10
      15
      12
      13
      13
       8
       8
      16
       7
      19
       8
      10
       9
      10
       9
      11
      12
      13
      10
      12
       9
      11
      10
       7
      13
      14
      10
      12
       8
      16
      13
       8
       6
      11
      15
      10
      10
      10
       7
      10
      12
       5
      11
      16
      15
      14
       6
      14
      15
      13
      13
      14
       6
       7
      10
       7
      13
       8
      10
       9
      14
       6
       9
       6
      10
      11
      11
      11
       9
      10
       5
      13
       7
      12
      13
      12
       9
       6
       4
      13
      10
      13
       8
      15
      11
       4
      15
      12
      17
      13
      12
       3
       4
      11
      10
      17
       4
      10
      12
      14
      13
       9
       2
       7
      11
       5
       8
      10
      11
      10
      12
      10
      10
      11
      10
      11
      15
      13
      14
      11
       8
      10
       9
       5
       6
       9
       9
       9
      11
       7
       4
      11
      12
       8
      17
       8
      11
      12
      12
       7
       5
      11
      13
       8
       4
      11
      15
      15
      12
      17
      12
      11
      10
      13
      10
       7
      12
       7
       7
       9
      13
       5
      12
      11
      14
      16
      16
      12
      10
      18
      13
       9
      11
      10
      12
      13
       7
       7
      15
      12
      16
       6
       9
       5
       8
       7
      14
       6
      13
      16
       7
       7
       9
      15
      10
       9
      12
      10
      19
      14
      11
      10
      11
      12
      12
      11
      11
      12
       9
      12
       6
      11
      10
      11
      10
      11
      11
      13
      12
       9
       9
      10
       6
       7
      12
      13
       9
      13
      12
      14
      17
      17
       9
      14
       8
       9
      12
       9
      13
      13
      13
       4
      10
      10
      13
      18
      13
      10
      17
       9
       6
      10
       9
       9
       9
      12
      16
      11
      11
      11
      14
      22
       7
      15
      14
      11
      10
       8
       7
       7
       8
      13
      10
      10
      14
      11
       8
      10
      15
      11
      10
       7
      11
       7
       9
       9
      11
      12
       9
       6
      12
      10
      10
       9
      12
      11
      10
       7
      13
      11
      13
      12
       9
      12
      10
       9
       7
       6
       8
       4
      12
      14
      14
      10
      10
      10
      12
       7
       6
      10
       8
      19
       9
       9
      10
       6
      11
       5
       6
      14
      10
       9
       7
       8
      11
       4
      10
      10
      11
      10
       8
       9
       9
      17
      10
      17
      14
      11
      12
       8
      15
      20
      10
      16
      14
      11
      11
      11
       9
      15
      10
      12
       6
       8
      10
      14
       9
      14
      11
      22
      10
       9
       8
       8
      10
      12
       6
      12
      11
      10
      16
      15
       9
       9
       9
      15
      12
      12
      11
       8
       7
       8
      11
      12
      11
       9
       8
      13
      11
      14
      10
      16
      13
      10
      10
      13
      12
      18
       8
      13
      10
      18
      10
       7
       7
      11
      12
      12
       8
      12
       9
       8
       6
      10
       8
       7
       9
       6
       9
      16
       7
      17
       6
      13
      15
      13
      14
      13
      13
      12
      16
      16
       9
       6
      13
       9
      13
      10
      12
      22
      14
      14
      12
      17
       9
      12
      14
       7
      15
      15
      12
       8
      10
       8
       8
      17
       7
      14
      12
      10
       8
       4
      10
      15
      15
      13
      12
       3
      11
      15
      10
      10
       8
       9
      10
      18
      10
      12
      16
      10
      17
      14
      13
      12
       8
      13
      15
      10
      14
      13
      11
      16
      15
      16
      15
      17
      10
      10
       8
       7
      13
      10
       8
      15
      11
      11
      14
       6
       9
      16
      12
      14
      15
      13
      11
      11
       9
       8
       6
       7
      13
      13
      13
       6
       6
      14
      10
      13
       6
      12
      13
       7
       6
      16
      10
      15
      16
      12
      11
      22
      16
      11
      11
      16
      11
      12
      12
      12
      11
      12
      10
       6
      16
      16
      15
       8
      12
      17
       3
      16
       7
      13
      13
      12
      11
      14
       9
      13
      16
       9
      10
      11
      22
      10
      14
      11
       8
      16
      16
       6
       9
       7
      17
      14
      10
       6
      12
       9
      11
      13
      16
      15
      22
       7
      16
      17
      14
      15
       8
      13
      10
      10
      10
       8
       6
      15
      16
       5
      12
       7
       9
      18
       8
      12
      12
       7
      17
      17
      11
      12
      14
      13
      12
      11
      10
      14
      19
      15
      10
      14
       9
      10
      18
      10
      11
      12
      15
      10
      15
      16
      18
      11
      17
      11
      14
       8
      12
      11
      13
      14
      13
      13
       7
       9
      15
      12
       7
      14
       7
      11
      10
       6
      16
      16
       4
      12
      14
      10
      16
      12
      12
      11
      15
      15
      18
       8
      14
       9
      10
      11
      13
      12
       9
       8
       9
      17
      11
      16
      11
      10
      15
      11
       8
       5
      16
      17
      17
      17
       8
      13
      15
      14
      10
       8
      15
      11
      12
      14
      11
      15
      10
      12
      12
      10
      14
       9
      13
      15
      14
      15
      12
      13
       5
       8
      21
       9
      17
      12
      19
      10
      15
       9
       9
      11
       8
       5
      17
      12
      20
      15
      15
       8
      10
      17
      12
      12
       9
      12
      15
       8
      11
      22
       9
      14
      13
      20
      13
      10
       6
      14
      13
       5
       6
      15
       8
      19
      14
      18
      14
      11
      11
      17
       8
      14
      10
      16
       7
       8
      15
      21
      13
       6
      15
      16
      15
      13
      15
       7
      13
       9
      16
      11
      16
      10
      10
       6
      14
      17
      12
      11
      14
      11
      12
      10
      10
      13
      16
       8
       5
      14
      21
      17
      10
       9
      11
      14
      16
      12
      12
      11
      15
      15
       8
       7
      12
      14
       6
       9
      12
       9
      14
       8
      11
       9
      17
       8
      12
       9
       9
      14
      14
      11
      12
       9
      14
      12
      12
       7
       7
      14
       9
      21
      14
       7
       6
      13
      16
      19
      16
      16
      11
      12
      12
      19
      18
       8
       8
       7
      12
      16
      14
      19
      10
      12
       9
      11
      12
      15
      14
      13
      13
      14
      21
      16
      10
      13
      13
      15
      14
      15
       9
       8
      13
       8
      15
      17
      13
      10
      11
      14
      14
      20
      15
      11
      16
      14
      13
      12
      11
      10
       9
      16
      25
      11
      12
       9
       7
      16
      11
      11
      14
      10
       9
      14
      12
      14
      11
       8
       8
       7
      13
      20
      13
       4
       6
      13
      13
      11
       9
       9
      13
      11
       9
      18
      16
      21
       6
       5
      17
      18
      21
      16
      11
      14
      11
      18
      12
      11
      14
      13
      15
      13
      12
      15
      10
      12
      10
      15
      17
      19
      14
      13
      17
      15
      17
      14
      15
      16
       7
      19
      11
       9
      10
      15
      14
      15
      14
      17
      14
      12
       8
      14
      11
      11
       9
      11
      10
      11
       9
      12
      17
      11
      14
      12
      18
      16
      15
      15
      17
      13
      15
      19
      20
      16
       6
      13
       6
      16
      11
      11
      14
      18
      13
       9
      16
      13
      12
      16
       9
      14
      13
      10
      13
      11
      12
      16
      16
      12
      11
       9
      12
      11
      15
       8
      13
      17
      20
      18
      16
       7
      20
      13
      16
      10
      12
       6
      17
      15
      12
      18
      17
      11
      15
      17
      12
      12
      19
      18
       8
      17
      14
       9
      15
      24
      10
      18
       9
      21
      14
      15
      15
      14
      11
      15
      17
      21
       9
      12
      15
      22
       8
      20
      15
       9
       8
      21
      12
      17
      10
      10
      19
      13
      18
      13
      12
      17
       7
      20
      11
      14
       5
      10
      16
      14
      19
      13
       8
      15
      18
      12
      11
      15
      14
      12
      12
      16
      13
      22
      12
      16
      14
      12
      16
      11
      11
      17
      11
      21
      20
       7
      20
      13
      13
      11
      23
      15
      19
      21
      19
      15
      17
      11
      13
      20
      17
       7
      17
      11
      10
      20
      14
      16
      20
      16
      12
      18
      23
      20
      20
       7
      10
      11
      17
      12
       7
      17
      18
      15
      12
      21
      15
      18
      20
      10
      16
      10
      26
      14
      14
      16
      13
      13
      19
      10
      13
      14
      11
      12
      24
      20
      19
      17
      18
      12
      21
      11
      20
      13
      11
      23
      20
      16
      11
      14
      17
      15
      19
      19
      14
      12
      17
      14
      16
      13
      12
       8
      21
      13
      20
      14
      15
      10
      15
      15
      13
      16
      18
      15
       9
      12
       9
      14
      16
      17
      15
      16
      15
      21
      15
       8
      23
      19
      13
      14
      11
      23
      16
      11
      14
      18
      23
      15
      19
      20
      13
      18
       9
      13
      15
      15
      20
      15
      13
      13
      17
       9
      11
      17
      11
      17
      14
      17
      27
      15
      14
      19
      16
      14
      21
      14
      13
      18
      13
      14
       9
      12
      20
      16
      20
      15
      11
      16
      12
      16
      17
      20
      16
      22
      16
      18
      18
      14
      17
      15
      21
      28
      23
      20
      21
      18
      20
      14
      15
      13
      17
      12
      18
      18
      16
      13
      22
      13
      13
      20
      17
      24
      20
      19
      22
      18
      13
      19
      16
      14
      25
      11
      29
      19
      19
      25
      26
      29
      14
      14
      17
      15
      24
      14
      14
      18
      20
      22
       9
      18
      17
      21
      18
      16
      18
      18
      12
      16
      20
      19
      18
      20
      16
       9
      16
      15
      24
      21
      12
      16
      19
      19
      12
      14
      14
      19
       9
      15
      16
      23
      11
      19
      16
      19
      18
      18
      11
      25
      18
      26
      10
      29
      23
      19
      18
      25
      13
      23
      24
      16
      10
      14
      18
      17
      19
      20
      20
      18
      20
      14
      22
      17
      18
      19
      19
      18
      19
      16
      20
      21
      16
      13
      17
      24
      18
      20
      16
      24
      16
      17
      19
      19
      17
      19
      18
      18
      20
      22
      11
      21
      22
      18
      14
      24
      19
      18
      17
      19
      19
      15
      10
      19
      15
      19
      13
      27
      22
      16
      13
      32
      14
      23
      15
      25
      13
      17
      24
      14
      12
      24
      21
      24
      19
      26
      19
      19
      20
      24
      22
      12
      13
      26
      29
      21
      11
      25
      24
      12
      17
      17
      24
      16
      19
      30
      26
      20
      24
      22
      28
      20
      18
      21
      22
      17
      24
      24
      19
      20
      18
      18
      17
      13
      14
      17
      17
      23
      21
      29
      21
      17
      17
      12
      18
      22
      22
      27
      17
      26
      21
      18
      23
      17
      20
      20
      21
      19
      18
      13
      13
      17
      19
      27
      24
      18
      19
      24
      26
      24
      17
      16
      19
      19
      23
      19
      15
      21
      25
      19
      18
      21
      30
      18
      28
      23
      17
      20
      19
      19
      26
      20
      21
      18
      23
      18
      19
      21
      24
      32
      16
      18
      13
      16
      24
      28
      28
      22
      17
      23
      24
      24
      25
      20
      22
      28
      18
      16
      25
      18
      20
      19
      23
      27
      26
      21
      25
      28
      23
      22
      18
      35
      23
      13
      19
      20
      21
      20
      24
      18
      20
      16
      27
      31
      24
      20
      19
      25
      17
      20
      22
      35
      16
      12
      16
      17
      20
      18
      22
      20
      20
      26
      25
      26
      18
      26
      28
      19
      18
      24
      20
      29
      29
      18
      29
      24
      25
      31
      18
      20
      14
      24
      12
      34
      19
      18
      20
      26
      22
      34
      31
      19
      20
      24
      29
      22
      15
      24
      23
      22
      22
      29
      23
      18
      34
      24
      26
      26
      23
      23
      23
      23
      30
      14
      20
      24
      18
      27
      25
      29
      31
      19
      29
      24
      19
      25
      20
      15
      29
      24
      23
      24
      19
      18
      20
      23
      28
      24
      23
      22
      28
      23
      20
      24
      20
      26
      29
      23
      35
      29
      21
      26
      35
      30
      26
      26
      12
      16
      34
      25
      17
      19
      27
      25
      22
      19
      22
      34
      18
      26
      18
      27
      27
      15
      24
      33
      26
      20
      30
      24
      21
      26
      20
      17
      30
      20
      29
      25
      20
      16
      21
      28
      22
      22
      21
      26
      19
      17
      27
      31
      33
      20
      21
      22
      25
      21
      19
      20
      20
      21
      25
      18
      10
      12
      23
      21
      24
      17
      23
      19
      24
      16
      18
      21
      17
      23
      21
      13
      15
      21
      19
      11
      13
      10
      18
      12
      12
      13
      14
      24
      18
      18
      11
      15
      21
      22
      12
      15
      20
      11
      11
      11
      24
      12
      15
      16
      16
      17
      20
      19
      11
      15
       9
      19
      24
      16
      11
      16
      13
      22
       8
      10
      14
      16
      18
      10
      24
      12
      13
       9
      13
      13
      15
      13
      12
      10
      19
      14
       7
      14
      14
      10
      20
      13
      12
      14
       9
      16
       9
      14
      16
      14
      13
      11
      13
      10
      14
       8
      15
      11
       6
      12
      13
      15
       9
      13
      13
      10
       8
      18
      18
       9
      15
      10
      11
      13
      10
      21
      15
      15
       8
      19
       6
      21
      17
      10
      20
      10
      19
      17
      16
      14
      11
       9
       6
      15
      17
       8
      10
      15
      15
      14
      17
      13
      14
      14
      12
      11
      13
      13
      12
      16
       9
       5
      15
      12
      12
      11
      15
      10
      15
      14
      20
      16
      14
       7
      12
      13
       8
      11
       9
      13
       7
       7
       7
      13
      14
       7
      11
       5
      14
      14
       9
      12
       9
       5
      13
      14
      12
      17
      10
       7
      10
      14
      14
       5
       7
      22
       3
      19
      11
      11
       8
      14
       9
      16
       7
       9
       8
       8
      17
      11
      10
      13
      10
      13
       7
       6
      15
      16
       8
       5
      15
      15
       7
       8
       8
      11
      14
       7
       9
      17
      11
      11
      15
      12
      10
      11
      12
      11
      11
      13
       8
      13
       9
      11
      14
       8
      10
      17
       7
      10
      13
      10
       6
      11
       9
       9
       8
       8
      15
       6
       8
      12
       8
      11
       5
      19
      16
      12
      13
       5
      15
       9
       6
       9
      11
      12
      15
       8
       9
      12
       6
       4
       7
      10
       9
      11
       4
       9
      18
       7
       7
      12
       3
      16
       8
       6
       6
      14
       7
      12
       7
      13
       9
      11
      10
       9
       9
      13
       7
      13
      12
      11
      11
       7
       7
      15
      10
       9
      12
      10
      18
      11
       7
       7
       5
      10
       9
      12
       7
       4
       8
      13
       8
       9
       9
      10
      10
       4
      13
       7
      12
      10
       7
      10
      13
       9
       6
       7
       4
      11
       5
       9
       9
       5
       8
       8
      12
      11
      10
       8
       7
       6
       4
      12
       9
       9
       9
       4
       5
       8
      14
       7
      10
       2
       8
      10
       8
       6
       3
       6
       9
       7
       6
      11
      13
       7
       9
       5
      10
       4
       9
       5
      10
      11
       9
       5
       5
       6
      11
       6
       7
       8
       5
       5
       4
      13
       5
       6
       9
       7
       5
       7
       1
       6
      12
       3
       7
       8
       8
       9
      11
       7
       9
       4
       7
       4
       5
       3
       8
       5
       4
       7
       5
       8
       8
      10
       6
       5
       5
       7
       3
       5
       4
       5
       9
       5
       5
       5
       3
       6
       7
       6
       6
       8
       5
       7
      10
       8
       0
       7
       9
       5
       8
       8
       3
       9
       3
       3
       2
       4
       5
       6
       7
       5
       7
       8
       8
       3
       3
       3
       8
       4
       4
       9
       4
       5
       4
       5
       4
       5
       3
       4
       5
       5
       3
       3
       5
       3
       3
       5
       4
       6
       6
       3
       3
       3
       2
       5
       5
       2
       3
       4
       9
       4
       3
       6
       5
       2
       5
       3
       6
       5
       1
       5
       2
       1
       5
       1
       6
       1
       4
       8
       5
       3
       7
       3
       1
       7
       6
       2
       2
       3
       3
       5
       4
       4
       4
       1
       5
       6
       1
       2
       4
       4
       2
       6
       2
       4
       4
       3
       5
       5
       2
       4
       2
       7
       3
       5
       3
       3
       5
       1
       4
       4
       5
       5
       7
       3
       4
       1
       3
       6
       1
       6
       3
       3
       1
       3
       9
       3
       3
       4
       2
       3
       2
       6
       6
       2
       2
       7
       6
       2
       3
       6
       6
       4
       2
       1
       2
       3
       2
       1
       5
       4
       3
       3
       4
       4
       1
       2
       2
       3
       2
       3
       4
       5
       2
       5
       3
       6
       4
       2
       2
       2
       3
       1
       1
       7
       4
       2
       2
       4
       2
       2
       4
       3
       1
       1
       3
       2
       3
       4
       3
       3
       3
       6
       7
       2
       6
       2
       1
       0
       7
       4
       5
       4
       4
       2
       4
       7
       1
       1
       5
       5
       5
       2
       4
       2
       2
       4
       4
       2
       4
       1
       1
       3
       1
       6
       1
       0
       4
       3
       2
       2
       2
       1
       3
       5
       1
       5
       2
       0
       2
       1
       2
       3
       2
       1
       1
       0
       4
       1
       0
       4
       1
       1
       4
       4
       1
       1
       4
       5
       3
       2
       4
       2
       3
       4
       2
       1
       5
       1
       0
       1
       2
       0
       2
       3
       1
       4
       5
       4
       1
       0
       2
       1
       4
       4
       1
       1
       1
       3
       0
       1
       0
       2
       0
       2
       2
       2
       3
       2
       1
       1
       4
       4
       4
       2
       2
       1
       2
       1
       1
       5
       3
       1
       6
       2
       2
       1
       3
       1
       0
       4
       2
       0
       4
       0
       0
       0
       3
       3
       3
       3
       1
       1
       3
       1
       1
       1
       2
       1
       2
       1
       1
       2
       0
       4
       0
       3
       0
       3
       6
       2
       3
       2
       5
       0
       3
       1
       2
       3
       5
       4
       0
       4
       1
       3
       1
       0
       2
       1
       3
       0
       3
       2
       4
       2
       5
       0
       0
       5
       3
       2
       2
       4
       2
       3
       2
       1
       2
       5
       2
       2
       5
       2
       1
       0
       4
       2
       2
       2
       2
       2
       1
       3
       2
       3
       2
       2
       2
       3
       1
       2
       2
       4
       4
       2
       2
       4
       1
       0
       1
       1
       1
       0
       3
       1
       3
       2
       2
       2
       3
       3
       4
       6
       4
       0
       1
       4
       1
       2
       2
       2
       2
       4
       1
       3
       2
       1
       2
       6
       2
       0
       5
       3
       5
       3
       2
       1
       0
       0
       1
       1
       2
       1
       2
       2
       3
       3
       3
       2
       3
       0
       0
       1
       1
       3
       1
       2
       2
       3
       0
       2
       0
       0
       0
       3
       3
       0
       3
       2
       2
       2
       3
       3
       3
       1
       1
       2
       2
       5
       0
       0
       1
       2
       2
       2
       0
       2
       3
       2
       1
       0
       1
       4
       1
       5
       2
       3
       0
       0
       1
       0
       0
       2
       3
       2
       1
       2
       2
       5
       1
       4
       2
       2
       1
       3
       3
       3
       2
       4
       2
       2
       0
       1
       3
       2
       1
       3
       2
       4
       1
       1
       5
       0
       4
       2
       5
       1
       0
       3
       3
       2
       2
       2
       1
       3
       5
       1
       1
       2
       3
       4
       3
       3
       3
       4
       3
       4
       4
       2
       4
       3
       3
       3
       1
       4
       6
       5
       2
       2
       3
       2
       6
       5
       4
       7
       3
       4
       6
       7
       4
       8
       5
       8
       4
       5
       6
       5
       8
       6
       7
      10
       4
       6
      11
       9
       9
       7
       8
      10
      12
       9
       7
      13
      14
       5
       9
      12
      12
      20
      13
      17
      16
      23
      23
      21
      15
      23
      23
      22
      20
      26
      26
      28
      29
      37
      38
      38
      39
      45
      38
      57
      52
      52
      76
      53
      62
      69
      77
      83
      83
     112
     101
     108
     128
     100
     110
     106
     138
     156
     146
     144
     152
     166
     148
     150
     173
     164
     169
     165
     150
     177
     176
     160
     186
     149
     175
     178
     192
     181
     165
     184
     183
     185
     165
     194
     175
     173
     171
     188
     175
     178
     188
     169
     184
     186
     170
     168
     172
     165
     156
     157
     161
     142
     128
     133
     105
     127
     121
     109
     100
      99
      79
      68
      65
      67
      60
      37
      43
      41
      28
      25
      30
      16
      15
      13
      16
       9
      11
      11
       9
       6
       4
       0
       5
       4
       4
       2
       1
       3
       0
       1
       1
       0
       1
       2
       0
       1
       1
       0
       2
       0
       0
       0
       2
       0
       1
       1
       1
       0
       1
       0
       1
       0
       0
       2
       0
       0
       0
       0
       1
       1
       0
       1
       0
       0
       0
       0
       1
       0
       3
       0
       0
       2
       0
       1
       1
       1
       0
       1
       2
       0
       2
       1
       0
       2
       0
       0
       0
       0
       2
       1
       0
       0
       0
       0
       0
       1
       0
       0
       1
       0
       0
       0
       3
       0
       2
       0
       1
       1
       3
       2
       1
       2
       0
       0
       0
       1
       0
       0
       1
       0
       0
       0
       0
       0
       0
       0
       0
       0
       1
       0
       0
       1
       0
       1
       1
       0
       1
       0
       0
       0
       0
       0
       0
       0
       0
       2
       0
       0
       0
       3
       0
       1
       0
       1
       1
       0
       2
       1
       0
       0
       0
       0
       0
       0
       1
       0
       0
       0
       1
       0
       2
       1
       0
       2
       0
       1
       1
       1
       0
       2
       0
       1
       0
       0
       1
       0
       1
       1
       0
       0
       1
       0
       1
       0
       0
       0
       0
       1
       0
       3
       0
       0
       0
       1
       1
       0
       1
       1
       0
       0
       1
       1
       0
       1
       1
       0
       0
       0
       0
       0
       0
       1
       0
       0
       1
       1
       0
       4
       1
       0
       1
       0
       2
       0
       0
       1
       0
       0
       1
       0
       0
       1
       0
       3
       0
       0
       0
       0
       0
       0
       0
       1
       0
       0
       2
       1
       2
       0
       2
       1
       1
       0
       0
       2
       0
       0
       0
       0
       0
       0
       0
       1
       2
       0
       0
       0
       0
       1
       0
       0
       2
       1
       1
       0
       1
       0
       1
       0
       1
       1
       2
       0
       0
       1
       1
       1
       1
       2
       0
       1
       0
       0
       1
       0
       1
       1
       1
       0
       1
       1
       0
       0
       1
       0
       1
       1
       0
       1
       2
       2
       1
       0
       0
       1
       0
       0
       1
       0
       2
       1
       0
       1
       0
       1
       1
       2
       1
       3
       0
       0
       0
       0
       1
       0
       1
       2
       0
       0
       0
       0
       2
       0
       0
       3
       0
       0
       0
       0
       0
       1
       1
       0
       0
       3
       1
       0
       0
       0
       1
       0
       1
       1
       0
       0
       1
       1
       1
       0
       2
       0
       0
       2
       1
       0
       0
       0
       0
       1
       0
       0
       1
       1
       0
       1
       1
       0
       0
       0
       2
       0
       1
       1
       1
       0
       0
       0
       1
       0
       0
       1
       0
       1
       1
       1
       0
       0
       0
       1
       1
       0
       0
       2
       0
       1
       1
       1
       1
       1
       1
       2
       0
       0
       2
       2
       0
       0
       0
       0
       0
       0
       1
       1
       1
       1
       0
       2
       0
       1
       1
       1
       0
       0
       1
       0
       0
       0
       0
       0
       0
       0
       2
       1
       0
       0
       1
       1
       1
       0
       1
       0
       0
       1
       0
       0
       1
       1
       0
       0
       1
       0
       0
       0
       0
       0
       0
       2
       2
       0
       1
       1
       0
       0
       0
       0
       0
       0
       0
       1
       0
       0
       1
       1
       1
       1
       0
       0
       0
       0
       0
       1
       0
       0
       0
       0
       0
       1
       1
       2
       0
       0
       0
       0
       2
       0
       0
       0
       0
       0
       0
       0
       0
       0
       1
       1
       2
       1
       0
       0
       1
       0
       0
       1
       0
       1
       2
       0
       0
       0
       2
       1
       0
       0
       2
       0
       1
       0
       0
       2
       0
       0
       0
       1
       2
       0
       0
       2
       0
       1
       0
       0
       1
       1
       0
       0
       1
       1
       1
       0
       0
       0
       0
       2
       1
       0
       1
       1
       1
       0
       0
       0
       2
       0
       0
       1
       1
       2
       0
       0
       0
       2
       0
       0
       0
       1
       0
       0
       0
       0
       0
       1
       0
       0
       0
       1
       0
       0
       0
       1
       1
       1
       1
       0
       1
       0
       1
       1
       1
       0
       1
       0
       2
       0
       0
       0
       0
       0
       0
       1
       0
       1
       1
       0
       0
       0
       0
       0
       3
       0
       0
       0
       1
       0
       1
       1
       0
       1
       2
       1
       0
       0
       0
       0
       0
       0
       0
       0
       0
       0
       1
       0
       0
       0
       1
       0
       0
       0
       0
       0
       0
       1
       0
       0
       2
       1
       0
       0
       0
       0
       1
       1
       2
       2
       0
       0
       0
       0
       0
       0
       0
       1
       0
       0
       0
       0
       0
       1
       1
       1
       1
       0
       0
       0
       0
       2
       1
       0
       0
       1
       1
       0
       1
       1
       0
       1
       0
       0
       1
       0
       1
       0
       0
       0
       0
       1
       1
       0
       0
       0
       2
       0
       1
       0
       1
       0
       2
       1
       0
       1
       0
       0
       0
       1
       0
       1
       0
       0
       1
       1
       1
       0
       0
       2
       0
       1
       1
       2
       0
       1
       1
       1
       1
       0
       1
       0
       0
       1
       1
       1
       0
       1
       0
       0
       2
       1
       1
       1
       0
       0
       3
       0
       1
       2
       0
       2
       0
       0
       1
       0
       1
       1
       0
       1
       1
       2
       0
       0
       0
       2
       1
       2
       0
       0
       1
       1
       1
       0
       0
       1
       1
       1
       0
       1
       3
       1
       2
       0
       0
       0
       1
       1
       0
       0
       0
       1
       1
       0
       1
       1
       0
       1
       0
       2
       3
       2
       0
       0
       2
       1
       1
       2
       1
       0
       1
       0
       1
       0
       0
       1
       0
       1
       2
       1
       0
       0
       1
       2
       3
       1
       0
       1
       1
       1
       2
       0
       3
       0
       0
       0
       0
       4
       0
       1
       0
       0
       1
       2
       0
       2
       1
       0
       1
       0
       1
       0
       3
       0
       1
       2
       3
       3
       0
       0
       2
       2
       2
       0
       1
       1
       1
       1
       1
       2
       1
       0
       1
       2
       0
       0
       0
       0
       0
       2
       0
       2
       0
       0
       2
       2
       0
       1
       0
       1
       1
       1
       0
       0
       0
       1
       1
       2
       1
       0
       0
       1
       2
       3
       0
       1
       0
       1
       1
       0
       0
       1
       1
       4
       0
       3
       1
       1
       2
       1
       1
       1
       3
       1
       1
       2
       3
       0
       1
       2
       0
       0
       1
       2
       0
       2
       1
       1
       1
       0
       1
       3
       2
       1
       0
       1
       0
       0
       1
       2
       1
       0
       1
       2
       2
       2
       4
       1
       2
       0
       2
       0
       1
       1
       1
       0
       3
       2
       1
       1
       0
       1
       0
       0
       1
       2
       2
       1
       1
       1
       4
       0
       1
       0
       2
       3
       0
       1
       1
       1
       1
       4
       2
       2
       2
       1
       1
       2
       0
       1
       0
       2
       1
       2
       0
       0
       3
       1
       1
       1
       0
       4
       1
       3
       1
       3
       1
       0
       3
       1
       1
       0
       3
       2
       3
       0
       2
       1
       0
       1
       0
       2
       0
       2
       0
       0
       2
       1
       5
       1
       4
       2
       2
       0
       2
       2
       1
       1
       0
       2
       1
       0
       1
       2
       0
       3
       1
       1
       1
       0
       3
       0
       0
       0
       3
       1
       0
       1
       0
       3
       0
       3
       1
       2
       3
       0
       1
       2
       0
       0
       1
       1
       0
       1
       3
       1
       0
       0
       1
       0
       1
       1
       1
       1
       2
       1
       1
       2
       3
       2
       1
       1
       1
       1
       1
       3
       2
       5
       3
       4
       1
       5
       0
       2
       0
       3
       2
       3
       2
       3
       2
       4
       2
       2
       4
       1
       2
       0
       3
       2
       1
       3
       2
       4
       1
       1
       1
       0
       1
       2
       2
       2
       1
       7
       4
       2
       0
       0
       1
       3
       0
       2
       2
       3
       3
       6
       1
       3
       4
       3
       1
       0
       3
       3
       1
       3
       1
       2
       3
       1
       2
       3
       3
       2
       2
       0
       3
       4
       2
       4
       1
       0
       1
       2
       3
       7
       3
       3
       2
       1
       4
       4
       3
       3
       5
       1
       2
       2
       3
       2
       2
       0
       1
       3
       3
       3
       0
       1
       1
       2
       1
       2
       1
       2
       0
       3
       4
       2
       1
       2
       3
       2
       1
       1
       1
       1
       2
       2
       2
       1
       0
       1
       1
       0
       0
       1
       3
       0
       1
       2
       1
       2
       1
       1
       4
       3
       2
       0
       0
       2
       3
       2
       0
       0
       0
       3
       1
       1
       5
       3
       1
       2
       2
       1
       2
       2
       0
       2
       4
       0
       1
       3
       1
       1
       3
       0
       1
       1
       3
       1
       0
       0
       2
       2
       1
       1
$ROI:
5
349 399
960 988
992 1050
1491 1501
5157 5169
$PRESETS:
None
0
0
$ENER_FIT:
0.000000 0.186875
$MCA_CAL:
3
0.000000E+000 1.868748E-001 0.000000E+000 keV
$SHAPE_CAL:
3
0.000000E+000 0.000000E+000 0.000000E+000
