$SPEC_ID:
No sample description was entered.
$SPEC_REM:
DET# 1
DETDESC# DLAB-PHY-L3-49 926 Right
AP# Maestro Version 7.01
$DATE_MEA:
10/18/2024 15:26:37
$MEAS_TIM:
207 305
$DATA:
0 8191
       1
       1
       2
       2
       2
       0
       0
       2
       1
       2
       1
       2
       0
       1
       0
       2
       2
       2
       2
       0
       1
       1
       4
       3
       3
       3
      19
      28
      94
     169
     383
     534
     784
    1021
    1365
    1632
    2103
    2396
    2799
    3110
    3532
    3893
    4248
    4490
    4545
    4598
    4599
    4531
    4494
    4601
    4484
    4405
    4370
    4449
    4338
    4301
    4435
    4476
    4389
    4446
    4365
    4420
    4344
    4265
    4338
    4308
    4228
    4284
    4285
    4348
    4230
    4203
    4189
    4263
    4167
    4239
    4209
    4214
    4224
    4034
    4171
    4236
    4253
    4197
    4172
    4220
    4149
    4262
    4230
    4128
    4236
    4205
    4132
    4240
    4095
    4149
    4149
    4215
    4241
    4289
    4243
    4145
    4465
    4584
    4677
    4829
    4874
    4982
    5163
    5182
    5568
    5628
    5561
    5547
    5527
    5504
    5418
    5196
    5105
    4957
    4709
    4497
    4490
    4327
    4311
    4331
    4284
    4345
    4372
    4322
    4343
    4589
    4701
    4708
    4685
    4879
    4818
    4777
    4703
    4715
    4317
    4521
    4350
    4259
    4171
    4075
    3969
    3952
    3947
    3949
    3874
    3784
    3867
    3814
    3842
    3821
    3827
    3722
    3720
    3718
    3853
    3826
    3936
    3775
    3872
    3753
    3786
    3731
    3862
    3785
    3780
    3832
    3775
    3722
    3790
    3778
    3839
    3672
    3682
    3728
    3711
    3812
    3836
    3765
    3647
    3822
    3656
    3837
    3676
    3687
    3790
    3816
    3675
    3753
    3728
    3625
    3665
    3724
    3801
    3665
    3641
    3677
    3675
    3582
    3793
    3704
    3698
    3733
    3776
    3631
    3711
    3700
    3778
    3739
    3701
    3710
    3758
    3801
    3746
    3612
    3741
    3714
    3684
    3788
    3791
    3670
    3751
    3727
    3709
    3653
    3720
    3855
    3833
    3549
    3754
    3597
    3790
    3641
    3748
    3651
    3718
    3761
    3705
    3806
    3707
    3794
    3737
    3752
    3813
    3602
    3742
    3721
    3744
    3689
    3711
    3837
    3691
    3798
    3668
    3772
    3728
    3821
    3693
    3679
    3686
    3670
    3826
    3756
    3772
    3760
    3830
    3831
    3722
    3839
    3744
    3726
    3808
    3625
    3793
    3803
    3698
    3714
    3808
    3681
    3687
    3772
    3820
    3681
    3789
    3783
    3689
    3564
    3672
    3833
    3704
    3635
    3765
    3739
    3704
    3741
    3649
    3853
    3614
    3622
    3829
    3793
    3844
    3573
    3754
    3711
    3662
    3669
    3681
    3655
    3782
    3668
    3650
    3729
    3649
    3644
    3651
    3623
    3661
    3649
    3706
    3627
    3693
    3634
    3567
    3742
    3735
    3625
    3709
    3645
    3724
    3548
    3473
    3617
    3790
    3704
    3595
    3673
    3582
    3579
    3804
    3797
    3599
    3621
    3567
    3615
    3687
    3722
    3630
    3664
    3659
    3704
    3639
    3712
    3567
    3674
    3811
    3621
    3576
    3733
    3753
    3576
    3727
    3684
    3647
    3587
    3717
    3784
    3641
    3773
    3723
    3607
    3624
    3726
    3652
    3768
    3741
    3679
    3740
    3723
    3709
    3678
    3733
    3844
    3770
    3796
    3894
    3830
    3955
    3816
    3879
    3830
    3933
    4018
    3926
    3951
    3944
    3997
    3988
    4063
    4197
    4111
    4131
    4072
    4179
    4130
    4103
    4067
    4186
    4107
    4025
    4116
    4128
    4030
    4066
    4216
    4100
    4033
    3979
    4117
    3984
    4163
    4102
    4070
    4004
    4030
    4066
    3934
    3971
    4159
    4069
    4051
    3987
    3901
    4011
    3942
    4011
    3966
    4006
    3945
    3960
    3915
    3755
    3878
    3797
    3869
    3930
    3995
    3809
    3991
    3847
    3993
    3901
    3819
    3840
    3800
    3863
    3750
    3803
    3825
    3930
    3850
    3772
    3781
    3899
    3791
    3884
    3853
    3858
    3895
    3707
    3784
    3770
    3713
    3776
    3741
    3714
    3775
    3704
    3682
    3762
    3752
    3724
    3735
    3806
    3733
    3716
    3837
    3754
    3701
    3717
    3737
    3745
    3714
    3718
    3709
    3634
    3721
    3730
    3655
    3687
    3576
    3618
    3740
    3654
    3719
    3448
    3692
    3739
    3688
    3707
    3592
    3633
    3630
    3580
    3715
    3519
    3516
    3561
    3584
    3563
    3576
    3624
    3546
    3674
    3576
    3596
    3620
    3630
    3580
    3503
    3561
    3521
    3468
    3580
    3612
    3497
    3654
    3629
    3620
    3617
    3531
    3548
    3615
    3576
    3585
    3487
    3501
    3432
    3524
    3528
    3453
    3502
    3548
    3541
    3448
    3503
    3452
    3402
    3551
    3484
    3430
    3442
    3523
    3412
    3530
    3416
    3489
    3397
    3438
    3459
    3574
    3430
    3517
    3382
    3439
    3306
    3422
    3409
    3407
    3303
    3382
    3569
    3397
    3410
    3377
    3472
    3487
    3394
    3366
    3378
    3397
    3492
    3529
    3434
    3468
    3549
    3628
    3531
    3584
    3564
    3521
    3559
    3525
    3573
    3450
    3425
    3428
    3393
    3460
    3435
    3297
    3402
    3446
    3324
    3299
    3301
    3444
    3253
    3240
    3359
    3298
    3309
    3319
    3345
    3304
    3364
    3315
    3312
    3280
    3322
    3328
    3252
    3354
    3253
    3206
    3258
    3330
    3304
    3294
    3237
    3290
    3294
    3246
    3321
    3265
    3355
    3283
    3247
    3223
    3296
    3232
    3195
    3228
    3214
    3221
    3258
    3276
    3197
    3159
    3244
    3197
    3270
    3230
    3195
    3204
    3141
    3235
    3208
    3235
    3165
    3220
    3246
    3114
    3239
    3249
    3176
    3190
    3074
    3188
    3211
    3154
    3218
    3213
    3182
    3198
    3045
    3148
    3108
    3169
    3170
    3150
    3104
    3102
    3091
    3122
    3093
    3068
    3082
    3100
    3175
    3125
    3139
    3104
    3101
    3066
    3053
    3006
    3103
    3088
    3004
    3093
    3051
    3000
    3040
    3148
    3006
    3068
    3078
    2948
    3091
    3058
    3039
    3033
    3178
    3013
    3041
    3098
    3024
    2983
    2969
    2992
    3014
    3065
    2970
    3053
    3093
    3087
    2995
    3043
    3013
    3129
    3081
    3086
    3094
    3017
    2956
    3022
    3076
    2975
    2977
    3032
    3063
    2974
    2900
    2981
    2874
    2907
    2946
    3018
    2909
    2939
    2960
    2979
    2875
    2882
    2877
    2869
    2974
    2922
    2994
    2942
    2860
    2913
    2965
    2838
    2918
    2910
    2946
    2892
    2985
    3023
    2862
    2830
    3000
    2878
    2902
    2931
    2991
    2932
    2846
    2924
    2868
    2969
    2866
    2828
    2945
    2965
    2883
    2853
    2920
    2865
    2844
    2876
    2757
    2780
    2847
    2880
    2890
    2878
    2809
    2881
    2888
    2821
    2810
    2924
    2866
    2801
    2824
    2830
    2775
    2841
    2872
    2908
    2721
    2832
    2777
    2817
    2672
    2845
    2823
    2708
    2780
    2771
    2834
    2705
    2745
    2699
    2772
    2800
    2764
    2690
    2823
    2743
    2790
    2645
    2804
    2721
    2757
    2791
    2778
    2772
    2709
    2723
    2826
    2699
    2727
    2812
    2877
    2731
    2727
    2658
    2778
    2740
    2825
    2800
    2674
    2751
    2746
    2734
    2755
    2750
    2722
    2780
    2719
    2696
    2705
    2743
    2749
    2695
    2712
    2578
    2682
    2761
    2669
    2691
    2687
    2705
    2647
    2674
    2666
    2758
    2691
    2649
    2653
    2572
    2677
    2589
    2787
    2716
    2649
    2655
    2672
    2680
    2696
    2639
    2720
    2611
    2588
    2668
    2658
    2620
    2707
    2710
    2655
    2578
    2605
    2616
    2694
    2702
    2656
    2585
    2558
    2597
    2682
    2638
    2619
    2562
    2585
    2547
    2616
    2653
    2629
    2615
    2652
    2633
    2652
    2589
    2489
    2633
    2647
    2575
    2603
    2541
    2483
    2548
    2533
    2507
    2613
    2606
    2536
    2551
    2570
    2611
    2637
    2503
    2554
    2639
    2682
    2552
    2609
    2565
    2573
    2636
    2462
    2572
    2485
    2599
    2435
    2603
    2627
    2583
    2613
    2618
    2553
    2522
    2492
    2487
    2565
    2547
    2616
    2528
    2499
    2567
    2462
    2580
    2605
    2545
    2547
    2553
    2566
    2445
    2487
    2522
    2577
    2478
    2473
    2456
    2508
    2449
    2596
    2531
    2545
    2561
    2518
    2553
    2657
    2667
    2675
    2728
    2735
    2759
    2800
    2806
    2855
    2855
    2901
    2925
    2897
    2835
    2783
    2839
    2751
    2603
    2649
    2611
    2566
    2576
    2627
    2488
    2487
    2439
    2563
    2482
    2475
    2492
    2539
    2433
    2443
    2453
    2541
    2471
    2537
    2467
    2442
    2478
    2439
    2510
    2549
    2502
    2463
    2449
    2373
    2395
    2351
    2486
    2525
    2392
    2439
    2486
    2472
    2515
    2396
    2511
    2462
    2431
    2336
    2372
    2416
    2372
    2481
    2461
    2459
    2407
    2453
    2441
    2335
    2408
    2407
    2435
    2466
    2477
    2341
    2367
    2458
    2506
    2376
    2404
    2433
    2378
    2399
    2321
    2416
    2427
    2488
    2445
    2427
    2407
    2411
    2419
    2485
    2416
    2445
    2393
    2446
    2427
    2438
    2493
    2369
    2430
    2522
    2353
    2407
    2398
    2421
    2367
    2512
    2406
    2408
    2351
    2489
    2461
    2251
    2405
    2400
    2449
    2435
    2350
    2445
    2464
    2379
    2470
    2282
    2352
    2495
    2356
    2413
    2304
    2460
    2389
    2388
    2448
    2389
    2387
    2362
    2374
    2293
    2457
    2394
    2384
    2376
    2370
    2378
    2385
    2399
    2474
    2383
    2437
    2463
    2353
    2359
    2378
    2461
    2393
    2362
    2293
    2326
    2344
    2471
    2352
    2369
    2436
    2350
    2425
    2361
    2442
    2411
    2404
    2398
    2452
    2317
    2401
    2302
    2434
    2391
    2342
    2364
    2280
    2383
    2402
    2329
    2442
    2431
    2241
    2339
    2362
    2351
    2332
    2320
    2299
    2528
    2342
    2353
    2414
    2429
    2337
    2335
    2363
    2427
    2406
    2460
    2444
    2442
    2413
    2318
    2380
    2322
    2326
    2331
    2409
    2377
    2410
    2355
    2334
    2317
    2385
    2301
    2381
    2423
    2358
    2391
    2339
    2332
    2337
    2326
    2363
    2347
    2451
    2444
    2395
    2291
    2303
    2450
    2303
    2466
    2420
    2342
    2354
    2284
    2381
    2459
    2297
    2381
    2348
    2377
    2355
    2414
    2401
    2409
    2403
    2385
    2438
    2427
    2378
    2299
    2338
    2410
    2433
    2381
    2385
    2321
    2388
    2333
    2291
    2384
    2302
    2406
    2421
    2431
    2358
    2350
    2349
    2323
    2274
    2353
    2399
    2300
    2376
    2332
    2424
    2342
    2357
    2383
    2351
    2340
    2338
    2335
    2337
    2336
    2352
    2347
    2275
    2487
    2397
    2314
    2480
    2385
    2378
    2442
    2290
    2378
    2365
    2433
    2351
    2429
    2344
    2373
    2344
    2452
    2392
    2336
    2395
    2365
    2399
    2444
    2410
    2497
    2323
    2360
    2401
    2419
    2329
    2373
    2398
    2464
    2394
    2376
    2462
    2400
    2375
    2382
    2367
    2325
    2408
    2346
    2337
    2331
    2436
    2390
    2413
    2396
    2356
    2357
    2303
    2440
    2512
    2351
    2351
    2322
    2481
    2419
    2411
    2448
    2467
    2449
    2449
    2389
    2458
    2368
    2404
    2354
    2335
    2411
    2439
    2294
    2387
    2377
    2446
    2422
    2431
    2408
    2344
    2358
    2384
    2405
    2383
    2449
    2486
    2436
    2512
    2451
    2415
    2285
    2427
    2427
    2369
    2420
    2337
    2432
    2424
    2395
    2435
    2436
    2407
    2425
    2411
    2372
    2486
    2563
    2419
    2465
    2417
    2474
    2347
    2378
    2450
    2462
    2465
    2455
    2435
    2530
    2414
    2381
    2464
    2385
    2507
    2450
    2493
    2474
    2439
    2440
    2470
    2498
    2486
    2377
    2493
    2374
    2487
    2454
    2493
    2485
    2563
    2379
    2454
    2416
    2517
    2445
    2460
    2465
    2415
    2505
    2445
    2474
    2432
    2496
    2476
    2512
    2450
    2402
    2443
    2500
    2429
    2468
    2439
    2415
    2633
    2412
    2563
    2450
    2427
    2367
    2463
    2521
    2505
    2554
    2454
    2460
    2554
    2563
    2445
    2469
    2500
    2505
    2523
    2555
    2574
    2532
    2471
    2472
    2490
    2464
    2539
    2551
    2532
    2412
    2473
    2407
    2539
    2526
    2606
    2477
    2489
    2561
    2496
    2597
    2594
    2547
    2504
    2547
    2536
    2584
    2564
    2548
    2588
    2613
    2514
    2509
    2460
    2587
    2550
    2499
    2559
    2464
    2510
    2559
    2526
    2449
    2514
    2579
    2496
    2500
    2516
    2563
    2479
    2592
    2500
    2553
    2617
    2598
    2534
    2497
    2505
    2634
    2632
    2558
    2678
    2589
    2507
    2650
    2585
    2508
    2614
    2573
    2674
    2598
    2525
    2587
    2587
    2664
    2614
    2653
    2587
    2594
    2549
    2494
    2675
    2612
    2501
    2685
    2651
    2596
    2573
    2662
    2677
    2693
    2645
    2598
    2643
    2684
    2554
    2609
    2645
    2658
    2552
    2741
    2636
    2582
    2619
    2768
    2674
    2665
    2763
    2686
    2646
    2653
    2674
    2655
    2670
    2650
    2657
    2684
    2682
    2666
    2765
    2704
    2616
    2675
    2739
    2633
    2685
    2741
    2697
    2649
    2719
    2692
    2721
    2712
    2738
    2705
    2729
    2722
    2691
    2630
    2795
    2705
    2763
    2701
    2768
    2682
    2785
    2738
    2795
    2879
    2744
    2638
    2736
    2824
    2742
    2745
    2819
    2848
    2817
    2826
    2825
    2817
    2796
    2773
    2831
    2790
    2811
    2760
    2889
    2842
    2867
    2906
    2889
    2915
    2829
    2769
    2914
    2920
    2881
    2911
    2989
    2901
    2928
    2928
    2994
    2845
    2900
    2878
    2916
    2873
    2905
    2851
    2900
    2904
    2932
    2919
    2847
    2911
    2845
    2922
    2941
    2922
    2931
    2891
    2912
    2867
    2761
    2970
    2943
    2869
    3010
    2943
    3001
    2813
    2952
    2855
    2963
    2908
    2917
    2928
    2886
    3007
    3017
    3026
    3003
    3014
    2931
    3010
    3048
    3061
    3046
    3135
    2996
    3081
    2967
    2999
    3125
    3048
    3060
    3066
    2944
    2991
    2998
    3021
    3007
    3098
    3009
    3105
    3022
    3118
    3034
    3070
    3017
    3168
    3081
    3081
    3079
    3089
    2945
    3143
    3035
    3108
    3093
    3142
    3132
    3150
    3153
    3124
    3231
    3137
    3180
    3140
    3112
    3198
    3093
    3118
    3291
    3129
    3144
    3186
    3171
    3269
    3185
    3334
    3109
    3347
    3246
    3177
    3257
    3178
    3279
    3235
    3265
    3299
    3241
    3153
    3220
    3331
    3294
    3193
    3371
    3340
    3350
    3277
    3284
    3343
    3458
    3369
    3409
    3289
    3407
    3356
    3309
    3382
    3385
    3343
    3240
    3336
    3506
    3349
    3389
    3444
    3489
    3419
    3352
    3430
    3451
    3532
    3411
    3467
    3510
    3535
    3483
    3419
    3508
    3601
    3517
    3569
    3480
    3575
    3518
    3597
    3607
    3537
    3586
    3651
    3449
    3628
    3584
    3597
    3650
    3595
    3564
    3633
    3562
    3694
    3600
    3794
    3647
    3669
    3753
    3719
    3724
    3684
    3710
    3710
    3764
    3716
    3711
    3778
    3646
    3699
    3631
    3760
    3759
    3794
    3803
    3916
    3752
    3854
    3887
    3805
    3777
    3934
    3909
    3955
    3854
    3826
    3966
    3833
    3864
    3956
    3887
    3869
    3968
    3936
    3988
    4039
    3949
    3983
    4065
    4068
    4061
    4098
    3976
    4083
    4042
    4124
    4021
    4173
    4034
    4075
    3979
    4038
    4206
    4217
    4136
    4144
    4255
    4183
    4158
    4088
    4113
    4105
    4121
    4247
    4254
    4221
    4230
    4277
    4321
    4282
    4275
    4255
    4177
    4198
    4243
    4308
    4402
    4341
    4249
    4284
    4290
    4377
    4331
    4313
    4405
    4387
    4388
    4331
    4265
    4337
    4370
    4271
    4335
    4534
    4384
    4298
    4338
    4260
    4223
    4130
    4299
    4130
    4323
    4194
    4064
    4127
    4141
    4052
    3960
    3919
    3882
    3829
    3789
    3836
    3689
    3747
    3594
    3620
    3571
    3505
    3447
    3534
    3370
    3352
    3280
    3364
    3314
    3338
    3291
    3265
    3290
    3218
    3140
    3176
    3229
    3102
    3169
    3120
    3231
    3119
    3204
    3229
    3084
    3133
    3087
    3102
    3100
    3084
    2996
    3063
    3068
    3069
    3062
    2958
    3074
    3006
    3027
    2978
    3041
    3011
    2958
    3051
    2955
    3059
    3042
    2961
    2979
    2976
    2944
    2919
    2986
    3022
    2951
    3010
    2923
    2865
    2894
    2915
    2919
    3024
    2903
    2902
    3008
    2847
    2972
    2823
    2897
    2949
    3021
    2926
    2886
    2859
    2892
    2918
    2852
    2954
    2804
    2906
    2906
    2891
    2899
    2850
    2908
    2860
    2901
    2815
    2802
    2893
    2839
    2810
    2858
    2885
    2897
    2811
    2827
    2880
    2932
    2850
    2780
    2749
    2841
    2765
    2787
    2881
    2844
    2833
    2766
    2895
    2740
    2810
    2817
    2792
    2695
    2676
    2873
    2841
    2719
    2751
    2791
    2765
    2857
    2732
    2716
    2697
    2756
    2823
    2834
    2772
    2722
    2734
    2819
    2807
    2723
    2635
    2730
    2666
    2734
    2765
    2846
    2704
    2721
    2601
    2706
    2645
    2778
    2694
    2724
    2757
    2553
    2767
    2749
    2721
    2604
    2594
    2666
    2780
    2659
    2680
    2625
    2617
    2668
    2704
    2601
    2743
    2617
    2591
    2603
    2654
    2648
    2685
    2690
    2625
    2684
    2688
    2668
    2632
    2647
    2611
    2729
    2551
    2626
    2620
    2634
    2523
    2584
    2707
    2638
    2610
    2585
    2595
    2564
    2700
    2687
    2668
    2661
    2646
    2701
    2637
    2618
    2623
    2539
    2725
    2608
    2560
    2561
    2591
    2716
    2617
    2648
    2589
    2640
    2522
    2692
    2574
    2585
    2624
    2656
    2653
    2630
    2650
    2565
    2557
    2657
    2594
    2673
    2672
    2737
    2667
    2588
    2668
    2757
    2676
    2693
    2674
    2683
    2748
    2660
    2693
    2674
    2740
    2706
    2715
    2666
    2666
    2737
    2730
    2704
    2656
    2652
    2790
    2613
    2665
    2821
    2714
    2807
    2803
    2707
    2780
    2831
    2693
    2832
    2827
    2762
    2755
    2857
    2832
    2701
    2771
    2841
    2785
    2751
    2736
    2804
    2798
    2717
    2834
    2750
    2859
    2867
    2807
    2788
    2858
    2859
    2847
    2827
    2752
    2929
    2834
    2757
    2802
    2840
    2896
    2780
    2768
    2777
    2829
    2708
    2829
    2836
    2744
    2819
    2677
    2665
    2638
    2763
    2685
    2673
    2506
    2491
    2543
    2449
    2490
    2446
    2373
    2354
    2318
    2220
    2212
    2121
    2119
    2125
    2068
    2063
    1995
    2030
    1936
    1977
    1852
    1836
    1843
    1844
    1815
    1784
    1767
    1731
    1708
    1696
    1740
    1679
    1636
    1709
    1672
    1663
    1688
    1597
    1655
    1589
    1635
    1655
    1583
    1595
    1631
    1576
    1539
    1670
    1616
    1620
    1562
    1533
    1474
    1543
    1506
    1498
    1486
    1490
    1527
    1464
    1441
    1539
    1497
    1474
    1401
    1459
    1426
    1540
    1528
    1481
    1431
    1448
    1433
    1497
    1511
    1482
    1438
    1416
    1519
    1535
    1515
    1514
    1519
    1556
    1525
    1648
    1674
    1626
    1704
    1705
    1826
    1860
    2042
    2082
    2153
    2217
    2429
    2581
    2767
    3157
    3316
    3648
    4287
    4962
    5527
    6369
    7515
    8580
    9756
   11103
   12464
   13986
   15653
   16769
   18446
   19459
   20701
   21552
   22569
   23233
   23610
   23915
   24272
   24322
   23804
   23541
   22832
   21925
   20610
   19221
   17595
   15415
   13331
   12016
    9932
    8391
    6914
    5569
    4473
    3618
    2966
    2410
    2004
    1766
    1466
    1324
    1241
    1096
    1133
    1044
     963
    1000
     956
     932
     919
     939
     862
     856
     922
     921
     860
     868
     863
     799
     867
     860
     800
     832
     766
     875
     828
     818
     759
     767
     778
     795
     735
     785
     741
     774
     715
     787
     732
     733
     733
     759
     685
     696
     648
     641
     711
     645
     640
     691
     631
     642
     634
     623
     678
     615
     620
     566
     590
     566
     554
     599
     650
     567
     542
     559
     583
     563
     547
     561
     551
     564
     550
     507
     468
     496
     482
     464
     416
     452
     431
     472
     467
     493
     447
     451
     475
     461
     427
     430
     427
     417
     434
     446
     403
     403
     409
     444
     398
     415
     355
     427
     387
     371
     409
     376
     345
     364
     383
     378
     374
     354
     379
     378
     342
     334
     327
     329
     360
     337
     369
     322
     333
     326
     307
     313
     307
     344
     319
     312
     327
     306
     323
     303
     303
     300
     330
     269
     310
     266
     275
     293
     295
     269
     285
     259
     291
     264
     295
     283
     292
     283
     281
     268
     263
     238
     285
     296
     258
     254
     237
     253
     277
     283
     288
     225
     268
     251
     242
     248
     273
     269
     239
     243
     271
     233
     241
     249
     238
     233
     245
     256
     237
     272
     278
     266
     250
     231
     232
     244
     254
     250
     247
     256
     216
     234
     219
     258
     235
     225
     238
     264
     245
     235
     240
     232
     230
     229
     225
     240
     232
     243
     221
     211
     229
     232
     227
     249
     219
     230
     218
     242
     235
     219
     213
     234
     222
     230
     245
     208
     215
     212
     196
     210
     202
     219
     219
     225
     220
     222
     205
     214
     231
     193
     203
     237
     201
     238
     215
     204
     231
     245
     247
     233
     266
     247
     251
     249
     273
     272
     288
     279
     295
     312
     325
     350
     346
     351
     393
     380
     474
     462
     474
     529
     564
     614
     651
     729
     783
     863
     972
    1111
    1178
    1330
    1598
    1673
    1981
    2348
    2659
    3118
    3794
    4369
    5035
    5929
    6902
    7797
    8928
   10142
   11302
   12236
   13380
   14265
   15059
   15970
   16408
   17031
   17654
   18271
   18565
   18510
   18900
   19077
   18840
   18704
   18444
   17395
   16509
   15307
   14128
   12948
   11316
    9830
    8232
    6877
    5593
    4579
    3445
    2751
    2050
    1534
    1175
     870
     620
     484
     362
     286
     265
     208
     181
     152
     148
     133
     115
     154
     120
     123
     129
     129
     130
      98
     137
     109
      79
     110
     102
     115
     115
     103
     118
     109
      88
     107
      99
     100
      99
      80
      98
      89
      94
     105
      88
      99
      94
     106
     109
      93
      86
      92
      84
      85
      87
      97
     110
      98
      91
      97
      94
      95
     105
      89
      90
      88
      95
      72
      88
      85
     113
     104
      85
     111
      92
      98
      91
     105
      74
      84
      95
      88
      89
      75
      80
      87
      72
      83
     105
      99
      84
      75
      69
      91
      89
      82
      84
      99
      92
      81
      76
      85
      79
      86
      85
      79
      91
      79
      81
      96
     100
      93
      82
      79
      76
      91
      83
      91
      83
      96
      78
      84
      97
      72
      76
      70
      84
      83
      80
      92
      84
      97
      86
      72
      72
      53
      69
      83
      73
      76
      63
      69
      81
      71
      86
      84
      91
      73
      80
      81
      87
      72
      76
      87
      74
      72
      87
      70
      92
      79
      75
      67
      86
      74
      75
      75
      88
      77
      63
      63
      74
      75
      90
      65
     103
      72
      70
      79
      68
      67
      68
      70
      80
      69
      87
      68
      78
      85
      77
      88
      80
      70
      69
      77
      89
      86
      74
      65
      63
      60
      85
      55
      75
      66
      77
      83
      69
      71
      78
      64
      69
      70
      62
      80
      69
      63
      76
      68
      72
      64
      68
      63
      76
      68
      71
      55
      81
      51
      75
      70
      76
      76
      56
      73
      78
      71
      73
      84
      69
      61
      64
      61
      67
      74
      74
      67
      58
      64
      64
      65
      71
      66
      78
      66
      77
      73
      59
      62
      68
      61
      67
      69
      66
      61
      65
      65
      59
      59
      52
      78
      52
      64
      68
      49
      79
      57
      61
      70
      62
      80
      70
      61
      72
      67
      59
      64
      73
      55
      65
      62
      65
      62
      52
      53
      77
      71
      56
      49
      62
      59
      55
      56
      65
      71
      64
      71
      60
      67
      68
      52
      56
      55
      72
      64
      60
      79
      54
      53
      55
      50
      52
      62
      60
      47
      63
      63
      52
      69
      70
      76
      57
      63
      59
      52
      61
      64
      66
      69
      65
      51
      60
      65
      66
      61
      50
      56
      60
      63
      53
      58
      76
      62
      58
      50
      62
      63
      72
      61
      77
      68
      56
      51
      60
      77
      67
      51
      53
      61
      51
      66
      66
      49
      53
      65
      49
      65
      71
      66
      67
      60
      55
      50
      67
      44
      50
      51
      76
      52
      62
      66
      59
      56
      46
      63
      52
      64
      64
      60
      52
      50
      58
      51
      67
      59
      63
      65
      56
      48
      57
      61
      59
      60
      67
      61
      52
      58
      49
      58
      51
      63
      67
      53
      64
      53
      47
      68
      49
      49
      58
      56
      60
      54
      53
      52
      59
      45
      57
      70
      61
      43
      58
      52
      55
      61
      64
      69
      75
      57
      38
      52
      60
      48
      51
      47
      51
      54
      63
      54
      51
      58
      47
      69
      68
      45
      55
      58
      44
      56
      50
      59
      59
      53
      61
      58
      52
      58
      49
      55
      45
      54
      52
      58
      58
      54
      61
      44
      67
      49
      56
      55
      53
      57
      52
      62
      55
      64
      55
      57
      55
      55
      52
      48
      53
      47
      69
      60
      49
      59
      52
      61
      47
      56
      52
      61
      63
      31
      54
      58
      53
      59
      54
      52
      44
      64
      67
      48
      60
      35
      40
      64
      57
      56
      54
      51
      48
      54
      50
      59
      69
      65
      66
      51
      36
      57
      54
      50
      48
      67
      52
      51
      52
      49
      57
      53
      52
      65
      53
      43
      43
      58
      54
      50
      63
      50
      49
      49
      58
      62
      46
      56
      51
      49
      55
      45
      45
      54
      60
      58
      48
      47
      65
      29
      70
      59
      57
      53
      54
      43
      61
      58
      57
      52
      51
      60
      48
      60
      53
      51
      51
      70
      51
      54
      57
      50
      50
      60
      60
      55
      36
      47
      60
      54
      58
      47
      32
      58
      53
      40
      43
      58
      36
      58
      57
      52
      60
      49
      42
      51
      53
      40
      64
      55
      38
      56
      51
      52
      45
      57
      51
      52
      51
      45
      47
      37
      72
      51
      44
      45
      61
      65
      42
      60
      36
      58
      50
      43
      56
      45
      47
      44
      57
      51
      46
      44
      61
      43
      43
      44
      40
      43
      46
      57
      52
      47
      40
      46
      43
      49
      55
      48
      64
      66
      61
      40
      56
      43
      56
      55
      49
      59
      36
      37
      51
      45
      57
      54
      40
      49
      41
      49
      45
      46
      45
      47
      55
      50
      57
      55
      59
      43
      45
      47
      34
      56
      34
      46
      36
      44
      44
      50
      54
      48
      46
      48
      51
      38
      62
      42
      48
      40
      37
      44
      51
      51
      57
      50
      50
      57
      56
      50
      41
      52
      52
      36
      46
      57
      43
      32
      53
      58
      42
      48
      39
      35
      57
      42
      40
      39
      51
      53
      52
      47
      50
      47
      49
      53
      39
      44
      46
      48
      51
      40
      44
      45
      46
      42
      63
      51
      42
      46
      52
      39
      47
      41
      42
      46
      45
      34
      57
      54
      43
      44
      44
      42
      44
      32
      42
      37
      60
      55
      42
      44
      36
      46
      49
      47
      52
      59
      41
      52
      42
      50
      38
      49
      50
      57
      38
      47
      43
      48
      45
      48
      64
      47
      50
      43
      45
      47
      49
      40
      58
      41
      41
      46
      44
      47
      53
      48
      34
      49
      34
      49
      53
      35
      43
      50
      41
      50
      46
      33
      58
      43
      51
      29
      43
      51
      43
      35
      41
      63
      46
      54
      46
      50
      44
      47
      67
      51
      44
      41
      50
      41
      49
      38
      48
      52
      49
      40
      45
      46
      54
      42
      45
      43
      41
      34
      58
      43
      53
      43
      38
      36
      36
      44
      31
      48
      34
      41
      59
      36
      40
      35
      49
      47
      56
      40
      33
      38
      58
      45
      57
      39
      42
      50
      46
      40
      50
      46
      49
      42
      37
      43
      38
      58
      43
      54
      34
      38
      38
      45
      50
      31
      51
      44
      44
      42
      53
      54
      41
      43
      43
      45
      50
      40
      49
      39
      38
      33
      54
      29
      47
      46
      39
      33
      49
      52
      31
      46
      38
      41
      50
      36
      49
      46
      47
      49
      44
      45
      44
      44
      44
      42
      38
      43
      38
      38
      34
      41
      46
      35
      37
      38
      49
      34
      48
      49
      46
      35
      38
      39
      39
      50
      58
      38
      43
      46
      48
      45
      54
      39
      41
      35
      31
      56
      40
      31
      44
      44
      45
      36
      50
      46
      37
      48
      42
      49
      45
      39
      32
      33
      34
      40
      44
      39
      48
      37
      43
      55
      39
      39
      41
      48
      36
      50
      50
      45
      34
      37
      60
      34
      40
      43
      45
      51
      52
      43
      39
      49
      46
      37
      33
      45
      49
      59
      30
      44
      33
      33
      50
      46
      48
      33
      51
      39
      44
      47
      47
      34
      36
      42
      43
      34
      42
      46
      43
      38
      35
      42
      37
      48
      45
      38
      40
      41
      45
      47
      43
      44
      29
      43
      37
      33
      32
      40
      50
      29
      35
      36
      46
      37
      26
      46
      42
      42
      50
      43
      39
      35
      41
      44
      30
      44
      40
      46
      26
      44
      45
      43
      54
      39
      44
      42
      35
      42
      53
      42
      46
      37
      30
      31
      46
      43
      40
      34
      36
      42
      39
      45
      24
      46
      45
      30
      32
      39
      35
      39
      37
      45
      32
      42
      39
      47
      38
      36
      27
      51
      38
      43
      49
      58
      50
      36
      43
      32
      39
      33
      37
      48
      35
      40
      64
      43
      39
      39
      39
      35
      46
      36
      42
      36
      45
      41
      28
      29
      44
      45
      46
      40
      33
      40
      40
      41
      45
      45
      34
      38
      34
      46
      39
      42
      22
      39
      37
      26
      35
      48
      45
      39
      39
      38
      44
      51
      51
      35
      32
      44
      46
      29
      35
      45
      34
      40
      37
      38
      35
      52
      39
      28
      42
      39
      35
      46
      37
      32
      50
      42
      33
      27
      41
      36
      36
      34
      37
      27
      27
      38
      39
      40
      39
      38
      43
      49
      30
      32
      39
      29
      35
      47
      38
      36
      44
      44
      37
      53
      31
      40
      38
      44
      35
      42
      34
      52
      33
      31
      40
      41
      46
      41
      40
      36
      32
      36
      42
      36
      43
      39
      42
      41
      39
      42
      39
      35
      36
      38
      33
      36
      35
      27
      33
      34
      36
      38
      35
      42
      50
      36
      42
      42
      39
      52
      39
      35
      37
      48
      50
      37
      33
      40
      36
      35
      40
      25
      42
      44
      38
      34
      37
      29
      35
      25
      50
      29
      41
      25
      45
      39
      29
      30
      46
      46
      34
      37
      28
      35
      39
      52
      39
      43
      45
      42
      39
      44
      40
      34
      26
      36
      42
      32
      37
      44
      37
      31
      38
      43
      37
      48
      40
      38
      35
      50
      31
      41
      33
      40
      35
      30
      44
      35
      26
      35
      38
      39
      43
      27
      34
      37
      43
      36
      33
      33
      45
      40
      35
      33
      30
      31
      38
      33
      40
      35
      32
      34
      31
      34
      33
      31
      34
      28
      46
      34
      39
      39
      47
      33
      34
      32
      30
      36
      40
      38
      34
      35
      48
      39
      26
      35
      46
      31
      49
      31
      35
      35
      42
      40
      43
      27
      38
      44
      46
      37
      30
      36
      31
      32
      36
      42
      32
      23
      28
      33
      43
      33
      40
      31
      42
      28
      32
      44
      27
      25
      34
      24
      36
      24
      36
      40
      34
      41
      43
      28
      35
      47
      30
      37
      41
      40
      50
      28
      28
      39
      28
      42
      37
      39
      34
      32
      32
      36
      42
      33
      30
      32
      33
      22
      18
      26
      35
      36
      36
      42
      31
      30
      36
      32
      35
      40
      40
      34
      35
      33
      26
      32
      35
      36
      42
      44
      33
      38
      23
      25
      32
      29
      35
      37
      30
      41
      25
      24
      33
      34
      26
      31
      38
      33
      40
      25
      35
      37
      31
      34
      39
      26
      34
      30
      27
      24
      36
      30
      34
      39
      33
      41
      25
      36
      34
      32
      32
      37
      22
      27
      38
      33
      33
      35
      41
      32
      27
      25
      31
      31
      23
      37
      25
      36
      39
      25
      27
      34
      31
      24
      28
      28
      40
      26
      33
      30
      29
      27
      38
      23
      42
      31
      37
      37
      24
      39
      27
      34
      46
      39
      29
      37
      43
      23
      27
      26
      29
      24
      23
      19
      36
      27
      27
      31
      32
      25
      32
      33
      38
      24
      25
      23
      30
      28
      37
      29
      28
      34
      35
      28
      31
      26
      38
      30
      27
      25
      29
      25
      27
      29
      25
      24
      30
      38
      20
      30
      33
      28
      27
      32
      36
      33
      27
      29
      30
      28
      24
      18
      22
      20
      23
      29
      31
      26
      32
      21
      36
      24
      37
      25
      22
      37
      36
      27
      25
      35
      27
      33
      20
      30
      26
      35
      34
      29
      20
      29
      25
      35
      25
      24
      31
      21
      31
      29
      34
      21
      26
      28
      19
      23
      27
      27
      25
      26
      32
      33
      29
      26
      22
      33
      29
      30
      29
      24
      21
      23
      33
      21
      35
      28
      41
      33
      29
      33
      17
      25
      30
      25
      28
      29
      21
      27
      27
      33
      15
      27
      22
      20
      43
      30
      26
      28
      26
      24
      30
      26
      25
      27
      28
      27
      32
      14
      18
      24
      26
      23
      28
      28
      28
      14
      24
      24
      29
      20
      33
      28
      21
      29
      28
      38
      33
      24
      27
      22
      33
      30
      20
      22
      32
      28
      22
      28
      29
      28
      24
      23
      25
      31
      26
      24
      28
      28
      21
      23
      29
      29
      29
      29
      23
      31
      34
      21
      20
      29
      22
      31
      24
      29
      27
      28
      24
      28
      26
      26
      36
      24
      28
      27
      26
      22
      27
      28
      24
      28
      34
      28
      33
      19
      21
      22
      28
      15
      21
      34
      26
      33
      26
      25
      32
      22
      33
      29
      29
      27
      16
      19
      20
      29
      30
      30
      23
      26
      22
      20
      33
      18
      17
      20
      22
      26
      33
      25
      29
      23
      27
      34
      13
      33
      27
      24
      29
      23
      23
      23
      20
      33
      21
      22
      25
      23
      25
      23
      31
      25
      31
      27
      34
      28
      28
      23
      23
      26
      15
      27
      41
      26
      29
      22
      23
      21
      28
      27
      23
      24
      27
      24
      20
      28
      26
      21
      20
      27
      22
      26
      24
      20
      21
      27
      29
      33
      27
      25
      18
      27
      20
      27
      23
      20
      24
      25
      29
      23
      38
      26
      29
      17
      26
      27
      27
      23
      22
      27
      31
      27
      35
      25
      24
      26
      28
      31
      21
      36
      24
      18
      35
      28
      14
      25
      25
      20
      23
      20
      24
      23
      32
      19
      22
      24
      26
      15
      23
      27
      26
      22
      22
      27
      24
      15
      19
      18
      14
      26
      18
      22
      24
      17
      15
      10
      10
      19
      19
      19
      21
      19
      19
      22
      25
      20
      24
      13
      16
      14
      11
      19
       9
      12
      12
      13
      21
      18
      21
      14
      20
      19
      22
      20
      17
      15
      20
      16
      22
      23
      19
      16
      22
      18
      22
      13
      20
      18
      15
      26
      18
      15
      15
      24
      14
      19
      19
      19
      31
      21
      20
      19
      16
      14
       8
      22
      14
      20
      14
      10
      17
      21
      15
      15
      17
      17
      15
      20
      19
      17
      18
      19
      12
      12
      20
      12
      15
      19
      14
      21
      17
      19
      30
      24
      14
      19
      18
      11
      17
       9
      18
      20
      16
      16
      18
      19
      21
      15
      17
      22
      22
      18
       9
      15
      20
      26
       8
      18
      12
      12
      21
      10
      21
      13
      14
      10
      17
      10
      18
      11
      18
      13
      14
       8
      10
      15
       7
      10
       8
      15
       9
      16
      10
      11
       8
      13
      13
      14
       5
       6
      12
      10
      17
      14
      13
       8
      11
      12
      12
      10
       8
       8
      11
       8
      10
       9
      12
       9
       5
       6
      10
       3
       8
      11
       4
      14
       6
      12
       8
       4
       9
      10
       6
       8
       8
       6
       1
      10
       7
       8
      10
      10
       5
       8
      10
      10
      10
       7
       9
       9
      10
      10
      16
      10
      11
       6
      14
       8
      11
       7
       5
      12
       4
       7
       6
       7
       6
       2
      10
       7
      11
      10
       4
      12
      10
       7
       7
       6
       9
       9
      10
       7
       8
       8
      11
       6
      11
       7
       5
       7
      10
      11
       7
       9
       7
       9
       7
       7
       9
       9
       8
       5
       4
       7
       9
      12
       8
      12
       7
      11
      14
      12
       7
       5
       5
       5
       9
       4
       8
       8
       8
      12
       6
       6
      10
       6
       7
      10
       6
      12
       6
      10
       8
       3
       4
       5
       8
       8
      10
      11
      10
       7
      12
       6
       4
       7
       8
       8
       7
       9
       4
      10
       6
       5
       6
       7
       9
       0
      10
       2
       5
       4
       8
       7
       7
       4
       6
       6
       4
       6
       9
       6
       7
       9
       8
       5
       5
       7
       8
       7
       4
       6
      10
       5
       6
       8
       9
       9
       6
       6
       7
       8
       4
       7
      12
       7
       6
       7
       4
       5
       3
       7
       8
       8
       7
       6
       6
       8
       6
      10
      10
       7
      12
       8
       9
      11
      10
      10
       7
       8
       6
      13
       2
       4
       8
       7
      10
       7
       9
      12
      15
       8
       6
      11
       7
      13
       9
       4
       8
       9
      14
      14
       8
      15
      16
      12
      15
      12
      18
       9
      16
      16
      11
      14
      22
      11
      18
      20
      10
      15
      17
      22
      20
      19
      20
      19
      20
      20
      27
      27
      33
      35
      29
      28
      30
      38
      40
      32
      33
      38
      34
      32
      33
      39
      40
      46
      28
      44
      37
      35
      41
      35
      25
      31
      37
      33
      32
      28
      23
      25
      30
      21
      21
      27
      32
      13
      17
      22
       8
      17
      16
      14
       8
      12
       8
       4
       5
       5
       5
       2
       1
       3
       0
       3
       4
       4
       5
       1
       3
       1
       4
       2
       5
       2
       1
       3
       2
       2
       1
       2
       2
       5
       3
       2
       1
       1
       3
       1
       4
       5
       1
       3
       2
       1
       3
       1
       4
       5
       2
       4
       3
       2
       2
       1
       5
       3
       4
       1
       1
       2
       2
       1
       2
       3
       1
       5
       1
       2
       3
       2
       0
       2
       3
       1
       4
       1
       2
       4
       3
       2
       1
       1
       3
       2
       4
       3
       2
       0
       3
       2
       2
       3
       1
       1
       2
       2
       4
       3
       0
       0
       4
       2
       3
       5
       2
       1
       0
       1
       5
       2
       3
       4
       1
       1
       4
       2
       1
       1
       1
       1
       1
       3
       1
       0
       0
       1
       3
       3
       1
       1
       0
       4
       1
       1
       7
       2
       7
       0
       3
       5
       4
       2
       3
       3
       2
       1
       2
       1
       1
       3
       3
       0
       6
       2
       1
       0
       5
       1
       2
       0
       3
       1
       2
       0
       0
       4
       2
       0
       4
       1
       0
       1
       1
       1
       1
       0
       1
       1
       0
       1
       4
       1
       1
       0
       3
       0
       6
       3
       1
       3
       2
       0
       2
       1
       3
       0
       0
       1
       3
       3
       2
       2
       2
       0
       4
       1
       0
       5
       2
       2
       2
       0
       0
       0
       4
       1
       1
       0
       1
       4
       1
       0
       2
       0
       4
       2
       2
       3
       2
       4
       2
       3
       4
       2
       1
       2
       5
       3
       3
       4
       1
       0
       1
       1
       1
       1
       3
       2
       1
       2
       2
       2
       4
       1
       2
       1
       3
       2
       1
       1
       4
       2
       2
       4
       4
       4
       3
       1
       2
       4
       5
       1
       2
       6
       2
       5
       4
       1
       1
       4
       5
       4
       2
       2
       2
       3
       2
       5
       3
       4
       4
       4
       3
       4
       3
       3
       1
       1
       3
       1
       4
       3
       2
       4
       2
       4
       5
       4
       6
       1
       3
       2
       5
       3
       6
       3
       4
       2
       1
       2
       5
       2
       1
       3
       4
       5
       0
       2
       4
       0
       1
       1
       2
       0
       0
       0
       1
       0
       1
       1
       0
       1
       0
       0
       0
       0
       0
       1
       1
       0
       0
       0
       0
       1
       0
       1
       0
       0
       0
       3
       1
       0
       1
       0
       0
       1
       1
       1
       0
       1
       1
       0
       0
       1
       1
       0
       0
       0
       0
       0
       1
       1
       1
       2
       0
       0
       0
       0
       1
       1
       1
       4
       2
       0
       1
       0
       1
       1
       0
       0
       1
       1
       1
       1
       1
       1
       0
       0
       1
       2
       1
       3
       0
       0
       0
       0
       0
       1
       1
       0
       0
       0
       0
       0
       0
       2
       0
       0
       0
       0
       1
       2
       3
       2
       1
       1
       0
       0
       1
       1
       0
       1
       1
       1
       0
       0
       0
       0
       2
       0
       0
       1
       1
       0
       0
       0
       0
       2
       2
       1
       1
       1
       2
       1
       0
       0
       1
       0
       1
       0
       1
       3
       0
       0
       0
       0
       1
       1
       0
       0
       0
       2
       3
       0
       2
       1
       0
       0
       0
       0
       0
       0
       1
       1
       0
       1
       0
       0
       2
       0
       0
       1
       3
       0
       3
       0
       1
       2
       1
       3
       0
       0
       0
       1
       0
       0
       0
       1
       0
       1
       0
       0
       1
       0
       0
       1
       0
       1
       0
       0
       0
       1
       0
       0
       0
       0
       0
       0
       0
       3
       1
       2
       0
       0
       1
       1
       0
       1
       1
       1
       0
       1
       0
       0
       1
       0
       1
       1
       0
       1
       2
       1
       1
       0
       2
       1
       0
       0
       0
       1
       1
       0
       1
       0
       0
       1
       0
       1
       0
       0
       1
       0
       1
       2
       1
       2
       0
       1
       1
       1
       0
       0
       0
       0
       0
       0
       0
       1
       2
       0
       0
       1
       0
       0
       0
       0
       0
       0
       2
       1
       0
       0
       0
       2
       1
       1
       0
       0
       1
       0
       2
       0
       1
       0
       0
       0
       0
       0
       0
       0
       0
       0
       0
       0
       0
       0
       0
       0
       0
       0
       2
       0
       0
       1
       1
       0
       1
       1
       2
       0
       1
       0
       0
       2
       0
       0
       0
       0
       1
       1
       0
       0
       0
       0
       0
       2
       0
       1
       1
       1
       3
       2
       1
       0
       0
       0
       1
       1
       0
       0
       0
       0
       1
       0
       1
       0
       0
       0
       2
       0
       0
       1
       1
       1
       0
       0
       0
       0
       1
       0
       0
       0
       0
       0
       1
       0
       2
       2
       0
       0
       1
       0
       2
       0
       1
       0
       0
       0
       0
       0
       0
       1
       0
       1
       0
       1
       0
       1
       0
       2
       0
       0
       0
       0
       0
       2
       0
       1
       0
       0
       1
       0
       1
       0
       1
       0
       1
       0
       1
       1
       1
       0
       0
       1
       0
       1
       0
       0
       0
       0
       1
       0
       0
       0
       0
       0
       1
       0
       1
       0
       1
       1
       1
       2
       3
       1
       0
       1
       0
       0
       0
       1
       0
       1
       0
       0
       2
       0
       2
       1
       0
       0
       0
       0
       1
       0
       1
       0
       2
       0
       0
       0
       1
       0
       0
       0
       0
       0
       0
       0
       0
       0
       1
       0
       1
       3
       0
       1
       0
       1
       1
       0
       0
       0
       0
       0
       1
       0
       1
       0
       0
       0
       0
       1
       1
       0
       0
       1
       0
       0
       0
       0
       0
       0
       2
       1
       1
       1
       0
       0
       0
       0
       0
       1
       0
       1
       1
       0
       2
       0
       0
       0
       1
       0
       0
       0
       0
       0
       0
       1
       0
       1
       0
       1
       0
       1
       1
       0
       1
       0
       0
       0
       1
       1
       0
       1
       1
       1
       0
       0
       0
       0
       0
       0
       0
       0
       1
       0
       0
       0
       0
       1
       0
       0
       0
       0
       0
       0
       3
       0
       0
       0
       0
       1
       0
       0
       0
       0
       0
       1
       0
       1
       0
       0
       1
       0
       0
       0
       1
       0
       2
       0
       0
       0
       0
       0
       0
       0
       0
       0
       0
       0
       0
       2
       0
       1
       1
       0
       0
       2
       0
       1
       0
       0
       1
       0
       2
       0
       0
       1
       0
       1
       0
       1
       0
       0
       0
       0
       0
       1
       1
       0
       0
       1
       1
       0
       0
       1
       2
       2
       0
       0
       1
       1
       0
       0
       0
       0
       0
       0
       0
       1
       0
       0
       0
       1
       1
       1
       0
       0
       0
       0
       0
       0
       0
       1
       2
       1
       1
       0
       2
       0
       1
       0
       0
       0
       0
       0
       0
       0
       0
       0
       0
       0
       0
       0
       1
       0
       1
       0
       0
       0
       1
       0
       0
       0
       0
       0
       1
       0
       1
       0
       0
       0
       0
       0
       0
       0
       0
       0
       1
       0
       1
       1
       0
       1
       0
       0
       1
       0
       0
       0
       1
       0
       0
       0
       1
       1
       0
       0
       2
       0
       0
       0
       1
       0
       1
       0
       0
       0
       0
       0
       0
       0
       2
       2
       1
       1
       0
       0
       1
       0
       0
       0
       0
       0
       0
       0
       0
       1
       1
       3
       2
       0
       0
       0
       0
       0
       1
       0
       0
       1
       0
       1
       1
       0
       1
       0
       0
       2
       0
       0
       2
       0
       0
       0
       1
       1
       1
       0
       1
       1
       0
       0
       0
       0
       0
       1
       0
       0
       0
       0
       2
       0
       0
       0
       1
       0
       1
       1
       0
       0
       0
       0
       0
       1
       0
       0
       0
       1
       0
       0
       0
       2
       0
       2
       0
       0
       0
       0
       0
       0
       1
       0
       0
       0
       0
       0
       0
       1
       0
       0
       0
       0
       0
       1
       0
       2
       0
       0
       0
       0
       0
       0
       1
       0
       0
       1
       2
       0
       1
       0
       0
       0
       0
       1
       0
       1
       1
       0
       0
       2
       1
       0
       0
       1
       0
       0
       0
       2
       0
       0
       1
       0
       0
       0
       0
       0
       0
       0
       0
       1
       1
       0
       1
       0
       0
       0
       1
       0
       0
       0
       0
       1
       0
       0
       0
       0
       0
       0
       0
       0
       0
       0
       0
       1
       0
       0
       0
       1
       0
       0
       1
       0
       1
       1
       0
       1
       0
       0
       1
       0
       0
       0
       0
       0
       0
       0
       0
       1
       1
       0
       0
       0
       0
       0
       0
       0
       0
       0
       1
       0
       0
       1
       0
       0
       0
       0
       0
       0
       0
       0
       0
       0
       1
       0
       1
       1
       0
       0
       1
       0
       0
       0
       0
       0
       0
       0
       1
       0
       1
       0
       1
       1
       0
       0
       1
       0
       0
       1
       1
       1
       1
       0
       0
       0
       0
       0
       1
       1
       0
       0
       0
       1
       0
       0
       1
       0
       1
       0
       1
       0
       1
       0
       0
       0
       0
       0
       0
       0
       0
       0
       0
       0
       0
       1
       0
       0
       0
       0
       0
       0
       0
       0
       1
       2
       1
       0
       0
       0
       0
       0
       0
       0
       0
       1
       0
       0
       1
       0
       0
       0
       0
       0
       1
       1
       1
       0
       0
       0
       0
       0
       0
       0
       0
       0
       0
       0
       0
       0
       1
       0
       1
       0
       0
       0
       0
       0
       1
       1
       0
       0
       1
       0
       0
       0
       0
       0
       0
       1
       1
       0
       1
       0
       0
       0
       0
       0
       0
       0
       1
       0
       1
       2
       0
       1
       0
       1
       1
       0
       0
       0
       0
       1
       0
       1
       0
       0
       0
       0
       1
       0
       0
       0
       1
       0
       0
       0
       0
       0
       0
       1
       0
       0
       1
       1
       0
       1
       0
       0
       0
       0
       0
       0
       0
       1
       0
       0
       0
       0
       0
       0
       0
       0
       0
       0
       0
       0
       0
       0
       0
       1
       0
       0
       0
       0
       0
       0
       1
       0
       1
       1
       0
       0
       0
       0
       0
       1
       0
       0
       1
       1
       0
       0
       1
       0
       0
       0
       0
       0
       0
       1
       0
       0
       0
       0
       0
       0
       0
       0
       1
       0
       0
       0
       0
       0
       0
       0
       0
       0
       0
       0
       1
       0
       0
       0
       0
       0
       1
       0
       0
       0
       0
       0
       0
       0
       0
       0
       0
       1
       0
       0
       0
       1
       0
       0
       0
       0
       1
       0
       0
       0
       0
       0
       1
       0
       0
       0
       1
       0
       0
       0
       0
       1
       0
       1
       1
       0
       0
       0
       1
       0
       1
       0
       2
       0
       0
       0
       1
       0
       0
       0
       0
       0
       0
       0
       1
       0
       0
       1
       1
       0
       0
       1
       1
       0
       0
       0
       0
       0
       0
       0
       0
       0
       0
       0
       0
       0
       0
       0
       0
       0
       0
       0
       0
       0
       0
       0
       0
       0
       1
       0
       0
       0
       1
       0
       0
       0
       0
       0
       0
       1
       0
       0
       0
       0
       1
       0
       0
       1
       1
       0
       0
       1
       0
       2
       1
       0
       0
       0
       0
       1
       0
       0
       0
       0
       0
       1
       0
       0
       0
       0
       0
       0
       0
       0
       0
       0
       0
       0
       0
       1
       0
       0
       0
       1
       0
       0
       1
       1
       0
       0
       0
       0
       0
       2
       0
       0
       0
       1
       0
       0
       0
       0
       0
       0
       0
       0
       0
       0
       0
       0
       0
       0
       0
       0
       0
       1
       0
       0
       0
       0
       0
       0
       0
       0
       0
       1
       0
       0
       0
       0
       0
       0
       0
       0
       1
       0
       0
       0
       0
       0
       0
       0
       0
       0
       0
       1
       0
       0
       0
       0
       0
       0
       0
       0
       0
       0
       0
       0
       0
       0
       0
       0
       0
       0
       0
       0
       1
       0
       0
       0
       0
       0
       0
       0
       0
       0
       0
       0
       0
       0
       0
       0
       0
       0
       0
       1
       0
       0
       0
       0
       0
       0
       0
       0
       0
       0
       0
       0
       0
       0
       0
       0
       0
       0
       0
       1
       1
       0
       0
       0
       0
       0
       0
       0
       0
       0
       0
       0
       0
       0
       0
       0
       0
       0
       0
       0
       1
       0
       0
       0
       0
       0
       0
       0
       0
       0
       0
       0
       0
       2
       0
       0
       0
       0
       0
       1
       0
       0
       0
       0
       1
       1
       0
       0
       0
       0
       0
       0
       0
       0
       0
       1
       0
       0
       0
       0
       0
       0
       0
       2
       0
       0
       0
       0
       0
       0
       0
       0
       0
       0
       0
       0
       0
       0
       0
       0
       1
       1
       0
       0
       0
       0
       1
       0
       0
       0
       0
       0
       1
       0
       0
       1
       0
       0
       0
       0
       0
       1
       1
       0
       0
       0
       0
       0
       0
       0
       0
       0
       0
       0
       0
       0
       0
       0
       0
       0
       0
       0
       0
       0
       0
       0
       1
       0
       0
       0
       0
       0
       0
       0
       0
       0
       0
       0
       0
       0
       0
       2
       0
       0
       0
       0
       0
       1
       0
       0
       0
       0
       1
       0
       0
       0
       0
       0
       0
       0
       0
       0
       0
       0
       0
       0
       0
       0
       0
       0
       0
       0
       0
       0
       0
       0
       0
       0
       0
       0
       0
       0
       0
       0
       0
       1
       0
       0
       0
       0
       0
       0
       0
       0
       0
       0
       0
       0
       0
       0
       0
       0
       0
       0
       0
       0
       0
       0
       0
       1
       0
       0
       0
       0
       0
       0
       0
       0
       0
       0
       0
       0
       0
       0
       0
       0
       0
       0
       0
       1
       0
       0
       0
       0
       0
       0
       0
       0
       0
       0
       0
       0
       0
       0
       0
       0
       0
       0
       1
       0
       0
       0
       0
       0
       0
       1
       0
       0
       0
       1
       1
       0
       0
       0
       0
       0
       0
       0
       0
       0
       0
       0
       0
       0
       0
       1
       0
       1
       0
       0
       0
       0
       0
       0
       0
       0
       0
       0
       0
       0
       0
       0
       0
       0
       0
       0
       0
       0
       0
       0
       0
       0
       1
       0
       0
       0
       0
       0
       0
       0
       0
       0
       0
       0
       0
       0
       0
       0
       0
       0
       0
       2
       0
       0
       0
       0
       0
       0
       0
       1
       0
       0
       0
       0
       0
       0
       1
       0
       0
       0
       0
       0
       0
       0
       0
       0
       0
       0
       0
       0
       0
       0
       0
       1
       0
       0
       0
       0
       0
       0
       0
       0
       0
       0
       0
       0
       0
       0
       0
       0
       0
       0
       0
       0
       0
       1
       0
       0
       0
       0
       1
       0
       0
       1
       0
       0
       0
       0
       0
       0
       0
       0
       0
       0
       0
       0
       0
       0
       0
       0
       0
       0
       0
       0
       0
       0
       0
       0
       0
       0
       1
       0
       0
       0
       0
       0
       0
       0
       0
       0
       0
       0
       0
       1
       0
       0
       0
       0
       0
       0
       0
       1
       0
       0
       0
       0
       0
       0
       0
       0
       0
       0
       0
       0
       0
       0
       0
       0
       1
       0
       0
       0
       0
       0
       0
       1
       0
       0
       0
       0
       0
       0
       0
       0
       0
       0
       0
       0
       0
       0
       0
       0
       1
       0
       0
       0
       0
       0
       0
       0
       0
       0
       0
       0
       0
       0
       0
       0
       0
       0
       0
       0
       0
       0
       0
       0
       0
       0
       0
       0
       0
       0
       0
       0
       0
       0
       0
       0
       0
       0
       0
       0
       0
       0
       0
       0
       0
       0
       0
       0
       0
       0
       0
       0
       0
       0
       0
       0
       0
       0
       0
       0
       0
       0
       0
       0
       0
       0
       0
       0
       0
       0
       0
       0
       0
       1
       0
       0
       0
       0
       0
       0
       0
       0
       0
       0
       0
       0
       0
       0
       1
       0
       0
       0
       0
       0
       0
       0
       0
       0
       0
       0
       0
       0
       0
       0
       0
       0
       0
       0
       0
       0
       0
       0
       0
       1
       0
       1
       0
       0
       0
       0
       0
       0
       0
       0
       0
       0
       0
       0
       0
       0
       0
       0
       0
       0
       0
       0
       0
       0
       0
       0
       0
       1
       0
       0
       0
       0
       0
       0
       0
       0
       0
       0
       0
       0
       0
       0
       0
       0
       1
       0
       0
       0
       0
       0
       0
       0
       0
       0
       0
       0
       0
       0
       0
       0
       0
       0
       0
       0
       0
       0
       0
       0
       0
       0
       1
       0
       0
       0
       0
       0
       0
       0
       0
       0
       0
       0
       0
       0
       0
       0
       1
       0
       0
       0
       0
       0
       0
       0
       0
       0
       0
       0
       0
       0
       0
       0
       0
       0
       0
       0
       0
       0
       0
       0
       0
       0
       1
       0
       0
       0
       0
       0
       0
       0
       0
       0
       0
       0
       0
       0
       0
       0
       0
       0
       0
       0
       0
       0
       0
       0
       0
       0
       0
       0
       0
       0
       0
       0
       0
       0
       0
       0
       0
       0
       0
       0
       0
       0
       0
       0
       0
       0
       0
       0
       1
       0
       0
       0
       0
       0
       0
       0
       0
       0
       0
       0
       0
       0
       0
       1
       0
       0
       0
       0
       0
       0
       0
       0
       0
       0
       0
       0
       0
       0
       0
       0
       1
       0
       0
       0
       0
       1
       0
       0
       0
       0
       0
       0
       0
       0
       0
       0
       0
       0
       0
       0
       0
       0
       0
       0
       0
       0
       0
       0
       0
       0
       0
       0
       0
       0
       0
       0
       0
       0
       0
       0
       0
       0
       0
       0
       0
       0
       0
       0
       0
       0
       0
       0
       0
       0
       0
       0
       0
       0
       0
       0
       0
       0
       0
       0
       0
       0
       0
       0
       0
       0
       0
       0
       0
       0
       0
       0
       0
       0
       0
       0
       0
       0
       0
       0
       0
       0
       0
       0
       0
       0
       0
       0
       0
       0
       0
       0
       1
       0
       0
       0
       0
       0
       0
       0
       0
       0
       0
       0
       0
       0
       0
       0
       0
       0
       0
       0
       0
       0
       0
       0
       0
       0
       0
       1
       0
       0
       0
       0
       0
       0
       0
       0
       0
       1
       0
       0
       0
       0
       1
       0
       0
       0
       0
       0
       0
       0
       0
       0
       0
       0
       0
       0
       0
       0
       0
       0
       0
       0
       0
       0
       0
       0
       0
       0
       0
       0
       0
       0
       0
       0
       0
       0
       0
       0
       0
       0
       0
       0
       0
       0
       0
       0
       0
       0
       0
       0
       0
       0
       0
       0
       0
       0
       0
       0
       0
       0
       0
       0
       0
       0
       0
       0
       0
       0
       0
       0
       0
       0
       0
       0
       0
       0
       0
       1
       1
       0
       0
       1
       2
       0
       1
       0
       2
       0
       0
       2
       2
       0
       0
       0
       0
       2
       0
       0
       0
       1
       0
       1
       1
       0
       0
       1
       1
       1
       1
       0
       0
       0
       0
       0
       1
       1
       0
       0
       0
       0
       0
       0
       1
       0
       0
       0
       1
       0
       0
       0
       1
       0
       0
       0
       0
       1
       2
       0
       0
       0
       1
       0
       0
       0
       0
       0
       1
       0
       0
       1
       2
       2
       1
       1
       0
       1
       1
       0
       0
       1
       0
       0
       0
       1
       1
       2
       0
       0
       2
       2
       2
       2
       1
       1
       0
       0
       0
       0
       1
       1
       2
       0
       0
       0
       0
       1
       0
       0
       1
       0
       0
       0
       1
       0
       1
       2
       1
       1
       0
       2
       1
       0
       0
       1
       2
       0
       0
       1
       0
       0
       1
       0
       0
       0
       0
       0
       0
       1
       0
       1
       0
       0
       0
       0
       0
       2
       0
       1
       0
       0
       1
       1
       1
       1
       0
       0
       0
       1
       0
       0
       0
       0
       2
       0
       1
       0
       3
       0
       1
       2
       0
       1
       1
       0
       2
       0
       0
       2
       0
       0
       0
       0
$ROI:
4
349 399
960 988
992 1050
1491 1501
$PRESETS:
None
0
0
$ENER_FIT:
0.000000 0.488274
$MCA_CAL:
3
0.000000E+000 4.882741E-001 0.000000E+000 keV
$SHAPE_CAL:
3
0.000000E+000 0.000000E+000 0.000000E+000
