$SPEC_ID:
No sample description was entered.
$SPEC_REM:
DET# 1
DETDESC# DLAB-PHY-L3-49 926 Right
AP# Maestro Version 7.01
$DATE_MEA:
10/18/2024 16:39:04
$MEAS_TIM:
137 150
$DATA:
0 8191
       0
       0
       0
       0
       0
       0
       0
       1
       0
       3
       2
       2
       3
       3
       1
       6
       7
       7
      10
      12
      16
      15
      14
      18
      16
      18
      15
      16
      22
      19
      24
      33
      32
      44
      67
      70
      74
     107
     126
     137
     129
     152
     160
     156
     169
     178
     174
     159
     188
     149
     171
     166
     152
     168
     149
     150
     160
     154
     154
     179
     157
     154
     146
     161
     159
     163
     162
     156
     149
     135
     136
     153
     152
     161
     154
     151
     149
     141
     145
     143
     130
     151
     125
     142
     139
     142
     122
     130
     110
     120
     136
     133
     132
     128
     148
     131
     133
     119
     120
     138
     146
     107
     136
     134
     136
     104
     133
     151
     151
     129
     140
     138
     130
     107
     115
     124
     138
     125
     125
     126
     119
     124
     125
     109
     133
     133
     135
     134
     107
     141
     152
     120
     120
     126
     120
     128
     106
     113
     108
      98
     125
     123
     127
     111
     122
     125
     122
     134
     138
     121
     133
     121
     109
     117
     127
     129
     116
     140
     108
     137
     112
     116
     113
     132
     121
     127
     136
     132
     106
     111
     120
     113
     125
     115
     108
     117
     118
     106
     112
     107
     105
     131
     103
     122
     112
     117
     110
     110
     114
     117
     109
     110
      98
     118
     120
     125
     114
     108
     108
     113
     101
     102
     125
     109
     127
     115
      94
     126
     112
     128
     109
     128
     121
     103
     115
     106
      98
     118
     116
     130
     105
     107
     120
     112
     107
     114
     109
      92
     132
     102
      98
     128
     110
     127
     121
     105
     122
     110
     103
     113
     106
     114
     111
     107
      91
      91
     101
      83
     107
     103
     120
      91
      96
     109
     117
      95
     110
     113
     120
     126
     112
     107
     123
     105
     101
     119
     122
     121
     110
     113
     110
     109
      96
     112
     131
     118
     106
     102
      97
     128
     103
     129
     116
     127
     119
     102
     115
     118
     107
     105
     116
     122
      98
     105
     121
      95
     126
     116
     107
     111
     116
      89
     100
     100
     121
     118
     118
      99
     100
     118
     101
      94
     120
      98
     121
     132
     119
      96
     106
     112
     119
     111
     103
     120
     119
     119
      96
     109
     111
     102
     118
     117
     108
     114
     110
     113
     128
     130
     109
     129
     117
     125
     117
     135
     132
     137
     115
     144
     149
     130
     130
     141
     179
     158
     159
     126
     143
     179
     148
     144
     164
     153
     182
     155
     173
     141
     154
     146
     168
     141
     154
     156
     130
     122
     118
     117
     130
     138
     120
     121
     107
     100
     109
     113
      88
     109
     109
     104
      89
     118
      92
     114
     118
     112
     124
     107
     101
     117
     116
      82
     114
     119
     105
     128
     124
     100
     116
     143
     138
     124
     126
     142
     115
     124
     128
     132
     122
     116
     140
     124
     122
     131
     116
     125
     145
     124
     110
     137
     130
     106
     134
     106
     115
     127
     113
     118
     102
      84
      98
      82
     130
     112
     111
     102
     120
      82
     112
     105
      92
     105
      96
      91
      88
     107
     104
      82
     102
      82
     116
      98
      97
     112
     117
     105
     108
      97
      90
     105
     102
     126
      95
     117
     108
      93
     118
      98
      99
     104
     110
     103
      84
     101
      90
      87
      94
      95
     100
     106
      95
     102
      89
     108
      99
     106
      91
     117
      99
      82
      94
     117
     104
     101
      85
     106
     124
      89
     112
     115
     120
      91
     106
     100
     105
     106
     109
     108
     110
      91
      98
      95
      98
      97
     103
     109
      92
     102
     109
      95
      96
      96
     101
     105
      96
     106
      94
     102
      82
     113
     101
      96
     103
      96
      97
      91
      87
      94
     113
     121
      92
      93
      97
      89
     114
     100
     100
      92
     100
      94
      81
      87
      78
     113
      90
     102
     114
     110
      94
      93
      92
     118
     101
     105
     101
     118
      94
     115
     110
      85
      83
     109
     117
     116
     104
     111
      93
      89
     113
     109
      98
     101
      93
     106
      99
      90
      96
      93
     100
     105
     115
     106
      87
      97
     103
     125
      93
      97
     109
     103
      91
     109
     105
      93
     118
      96
      85
      94
     101
      93
      89
      85
     108
      83
      95
     117
      92
      84
      92
     106
      99
     103
      94
      96
      91
     103
     103
      90
      90
     107
     104
     105
     107
     102
      91
      91
      98
      98
     100
      90
     102
      98
      92
      96
     103
     123
      79
     101
     100
     112
     102
      98
     118
      95
     106
      93
     103
      98
     100
      97
      91
      82
      93
     102
     100
     100
      89
     102
      95
     109
     100
      90
     115
     101
      90
     111
     103
     102
     103
     106
     100
      78
      97
      92
      96
     104
      96
      90
     101
     104
      80
      96
      80
      89
      90
      96
     114
      93
      84
     116
     106
      87
     105
     103
      75
      76
     106
     109
      86
     104
     109
      81
      91
      89
      89
      99
      87
      84
      87
     106
      90
     105
      95
     103
     104
     111
      88
      82
      99
      96
     107
      99
      84
      94
      95
     119
     105
      90
     105
     102
     101
     106
      93
     104
     100
     111
      86
     100
      93
      96
     102
      84
      81
      87
      93
      78
      89
      87
     101
      85
     100
      99
      92
     108
      84
     110
      93
     106
      92
     113
     107
     106
     101
     119
     107
      76
      93
      88
      98
      90
      96
     106
      96
     107
      78
      85
      95
      97
      90
      95
      91
      81
      96
      76
     107
      98
     105
      98
      95
      98
      92
      97
     103
     102
      83
      87
     111
     101
      93
      89
     109
      93
     100
      89
      97
     104
      93
     101
     101
     113
      96
     131
      88
     111
      83
      85
     100
     107
     106
      87
      99
      85
      99
      88
     103
      96
      79
      92
      91
      73
      93
      91
     109
      94
      96
      89
      90
     104
     102
      98
     100
      98
      99
     109
      88
      87
     114
     104
      97
     108
      93
     102
     101
     119
      90
     113
     124
     112
      84
      93
      95
     123
     112
      86
     106
     117
     101
     103
     120
     124
     125
     117
     108
     104
      97
     111
     109
     127
     114
     114
     121
     126
     120
     131
     124
     107
     120
     111
     112
     123
     129
     108
     109
     113
     117
     115
      91
     103
     110
     103
     125
     115
     108
     107
     105
     111
      89
      99
     104
     123
     103
     111
      89
     108
     123
     102
     116
     108
     119
     103
     105
     103
     140
     125
     107
     107
      97
     115
      95
     110
     103
     116
     109
     103
      96
     110
      84
     111
     105
     107
     106
      98
      97
      92
     126
     114
     102
     115
      92
     111
     112
     108
     105
      96
     123
     109
     117
     104
     101
     104
      96
     104
     107
      94
     101
     100
     103
      95
     101
     125
     108
      95
     115
     124
     118
     107
     107
     102
     107
     111
     109
      93
     110
     109
      91
     126
      89
      96
     102
     102
     103
     106
      99
     103
     103
     113
      98
     113
      97
      87
     105
     111
     109
      95
     108
     102
     107
     120
      94
     100
     115
     111
      96
      99
     109
     108
      98
      81
     104
     103
     114
     111
     103
      99
     111
     121
     105
     115
      94
     110
     118
     110
     105
      94
     113
      87
     114
      97
      96
     120
      99
     118
     116
      78
      96
      84
     106
     122
     108
     109
     104
     115
      87
     113
     118
     114
     108
     116
      98
     115
     100
      98
     103
     119
     103
     107
      95
      92
     109
      87
     113
     100
      93
      81
      96
     118
     116
     103
     120
     109
      90
     107
     100
      95
     106
     114
     118
     107
     111
     119
     123
     105
     111
     112
     119
     127
      93
      94
     114
     131
      97
     104
     101
     118
      99
     113
     101
      93
     119
      98
     100
     101
     108
      89
     107
      88
     107
      95
     113
      91
     105
     108
     110
     112
     103
      94
     119
     101
      92
     109
     111
     108
     108
     105
      94
      88
      94
      98
     100
      86
      91
      85
     104
      99
      85
     103
     122
     119
      77
     108
     115
      97
     122
     125
      98
     108
     117
      97
     117
     101
     105
     113
     102
     114
      96
     107
     121
     118
      95
     102
     114
      99
      91
     100
     110
     115
     101
     110
     107
     116
     101
      97
     107
     101
     116
     113
     110
      81
     110
      89
      94
     120
     105
     104
      99
     123
      97
     105
     111
      98
      98
      94
     111
     109
     112
      90
      94
      97
      94
      96
      88
     110
     127
     120
     107
     114
     111
      95
     129
     118
     118
     133
     118
      98
     118
     106
      94
     110
     108
      81
      98
     121
     101
      84
     109
     107
     106
     106
     107
     104
     106
     122
     101
     116
      97
     108
     104
      98
     113
     107
     102
     120
     105
     102
     100
     103
      88
     114
      88
      86
     110
     101
     112
     101
     100
     116
     105
     102
     116
     115
     101
     115
     105
     116
     112
      99
     113
      94
      93
     109
     121
     106
      90
     113
      96
     114
     104
     123
      92
      95
     103
     110
     107
     104
      98
     109
     101
     108
     112
     132
      94
      91
      93
      92
     108
     119
      98
     124
     107
     101
      98
      98
     106
      94
     103
     106
     114
     104
     107
     111
     119
     106
     112
     110
     100
     102
     104
     103
     124
     109
     102
     110
     121
      86
     105
      98
     104
     102
      92
     110
     102
     116
     109
     107
     103
     116
     104
     111
      98
      99
     101
     120
      92
      98
      91
     101
     112
     110
      87
      95
     125
     114
     103
     106
     110
     115
      95
     112
      98
     104
     111
     119
      84
     112
      94
      89
     101
     100
     140
     100
     125
      96
     115
     115
     105
     104
     103
     101
      86
     109
      97
     112
      96
      98
     121
     114
     103
      95
     107
     116
     105
     103
     108
     108
      95
     111
     113
     109
     134
      80
     119
     103
     117
     101
     133
     110
      87
      91
     104
     118
     106
     112
     103
     118
     127
     111
     109
     102
      91
     101
     109
     100
     113
     123
     122
      85
     101
     102
     117
     115
     106
      96
     116
      97
     100
     122
      82
     109
     112
     100
      88
     132
     121
     136
      96
      90
     109
     109
     140
     107
      88
      97
     111
     119
     103
     114
     115
      96
     109
     104
     117
     112
     110
     124
     120
     115
     119
     112
     114
     115
     126
     104
     111
     130
     123
      94
     115
     106
     102
     107
     129
      93
     107
     102
     124
     112
     115
     107
      96
      88
     116
     116
     102
     130
     126
     123
     124
     105
     124
     123
     128
     107
     122
     115
     114
     127
     122
     110
     120
      99
     107
     120
     120
     116
     102
     110
     101
     115
     111
     108
     115
     107
     117
     138
     113
      99
     135
     123
     117
     112
     114
     129
     118
      95
     124
     130
     121
     110
     101
     123
     112
     114
     114
     122
     136
     134
      95
     121
     106
     112
     120
     116
     124
     104
     135
     140
     119
     109
     121
     113
     135
     116
     133
     121
     104
     111
     133
     105
     118
     122
     135
     120
     116
     111
     111
     113
     120
     123
     135
     106
     105
     137
     138
     119
     117
     124
     129
     115
     132
     124
     135
     123
     139
     139
     107
     117
     111
     124
     130
     140
     120
     119
     124
     117
     127
     126
     111
     110
     122
     116
     120
     131
     134
     136
     125
     118
     131
     116
     109
     137
     111
     124
     136
     126
     127
     117
     125
     125
     119
     134
     131
     129
     119
     122
     114
     140
     136
     132
     139
     124
     101
     142
     112
     136
     117
     135
     125
     152
     135
     109
     142
     112
     138
     134
     145
     129
     124
     126
     121
     137
     123
     126
     135
     151
     132
     147
     124
     145
     130
     122
     143
     145
     133
     130
     153
     145
     138
     129
     133
     118
     130
     120
     150
     152
     130
     103
     125
     123
     149
     124
     143
     126
     131
     137
     140
     139
     124
     132
     126
     131
     131
     119
     154
     117
     124
     125
     122
     122
     146
     118
     133
     119
     146
     122
     138
     122
     131
     151
     127
     149
     133
     145
     132
     137
     122
     139
     137
     120
     151
     135
     119
     131
     127
     137
     147
     145
     116
     130
     122
     123
     142
     136
     134
     130
     133
     149
     125
     121
     127
     138
     141
     135
     105
     122
     124
     110
     133
     112
     125
     112
     109
     110
     137
     128
     111
     102
     111
     124
     119
     108
     123
     112
     106
      97
     109
     115
      98
     107
     118
      93
     102
      96
      79
      94
     101
      98
      99
      99
     104
      92
      82
      75
      95
      72
      85
      92
      97
      84
      84
      86
      79
      76
      71
      88
      85
      73
      80
      81
      67
      76
      93
      74
      77
      81
      77
      80
      94
      74
      65
      66
      71
      79
      83
      68
      88
      72
      68
      90
      75
      82
      81
      73
      65
      67
      63
      82
      77
      88
      83
      66
      78
      73
      54
      72
      65
      62
      63
      70
      71
      77
      69
      63
      77
      65
      67
      68
      61
      75
      54
      61
      70
      50
      71
      54
      79
      61
      64
      76
      65
      62
      79
      78
      61
      62
      66
      72
      57
      76
      51
      70
      70
      57
      78
      67
      63
      53
      67
      69
      49
      61
      66
      64
      59
      70
      53
      70
      60
      57
      62
      67
      56
      47
      61
      59
      54
      58
      52
      52
      61
      63
      51
      59
      51
      54
      65
      60
      54
      63
      49
      53
      62
      53
      56
      58
      50
      52
      54
      48
      65
      62
      55
      51
      57
      46
      74
      59
      68
      60
      57
      39
      58
      59
      53
      65
      52
      68
      60
      53
      56
      56
      59
      42
      58
      51
      63
      65
      54
      57
      41
      43
      41
      45
      53
      43
      58
      55
      53
      52
      49
      53
      67
      46
      51
      52
      59
      42
      39
      53
      56
      50
      46
      37
      57
      50
      61
      58
      49
      51
      48
      43
      66
      50
      52
      41
      45
      55
      44
      42
      34
      41
      44
      47
      51
      45
      38
      43
      56
      41
      44
      51
      42
      37
      45
      55
      44
      45
      43
      33
      50
      42
      47
      45
      51
      45
      45
      36
      39
      44
      48
      37
      48
      48
      42
      36
      47
      41
      34
      45
      39
      46
      34
      59
      45
      42
      36
      34
      34
      52
      38
      43
      40
      47
      50
      40
      36
      45
      37
      48
      39
      34
      54
      34
      38
      31
      34
      58
      44
      34
      47
      53
      39
      50
      42
      32
      40
      38
      37
      45
      34
      39
      39
      37
      38
      33
      37
      38
      31
      35
      41
      29
      40
      36
      36
      30
      34
      32
      42
      37
      35
      32
      35
      45
      53
      33
      41
      46
      34
      29
      47
      20
      30
      34
      34
      37
      39
      35
      37
      29
      34
      35
      39
      38
      29
      22
      25
      37
      35
      23
      44
      38
      33
      32
      37
      28
      36
      39
      36
      31
      32
      35
      42
      26
      33
      33
      39
      33
      30
      39
      28
      34
      23
      29
      35
      45
      36
      31
      28
      31
      38
      26
      36
      28
      33
      40
      40
      30
      26
      32
      28
      34
      29
      22
      29
      21
      30
      29
      33
      31
      30
      33
      26
      35
      36
      32
      26
      24
      28
      34
      30
      35
      34
      32
      29
      35
      32
      24
      37
      21
      28
      34
      30
      32
      24
      31
      36
      27
      36
      33
      31
      37
      27
      27
      21
      30
      30
      31
      24
      41
      20
      27
      32
      31
      34
      31
      26
      41
      28
      22
      31
      17
      35
      33
      29
      24
      26
      23
      30
      37
      29
      28
      30
      29
      28
      41
      30
      21
      28
      27
      39
      26
      24
      29
      22
      26
      29
      25
      25
      28
      39
      32
      38
      31
      16
      27
      38
      31
      31
      23
      26
      29
      27
      39
      28
      20
      27
      45
      21
      36
      29
      24
      25
      29
      19
      34
      28
      19
      28
      31
      27
      31
      33
      31
      29
      28
      35
      33
      37
      22
      29
      24
      30
      26
      36
      29
      22
      26
      27
      37
      23
      33
      27
      26
      26
      35
      23
      23
      30
      22
      25
      23
      24
      28
      28
      29
      26
      29
      30
      25
      29
      28
      23
      24
      36
      34
      21
      36
      30
      29
      32
      25
      21
      28
      31
      34
      31
      32
      21
      32
      23
      17
      33
      22
      16
      27
      28
      19
      24
      26
      15
      28
      30
      26
      22
      20
      22
      27
      28
      35
      31
      18
      29
      36
      25
      23
      16
      31
      29
      28
      26
      26
      29
      21
      26
      32
      35
      17
      30
      20
      26
      16
      31
      31
      38
      26
      21
      31
      21
      30
      18
      26
      22
      19
      27
      30
      23
      23
      20
      24
      35
      28
      32
      18
      32
      19
      29
      26
      29
      32
      29
      29
      29
      24
      30
      31
      31
      28
      28
      20
      23
      29
      11
      32
      23
      37
      33
      30
      31
      34
      24
      36
      24
      23
      26
      28
      31
      22
      25
      26
      17
      25
      20
      26
      28
      27
      17
      25
      33
      22
      39
      29
      21
      23
      30
      31
      20
      35
      30
      23
      29
      35
      27
      31
      27
      31
      26
      28
      27
      30
      22
      32
      22
      19
      19
      27
      15
      16
      26
      23
      25
      27
      24
      28
      31
      35
      20
      20
      26
      34
      34
      26
      24
      34
      20
      24
      21
      25
      24
      32
      30
      16
      30
      22
      23
      24
      18
      36
      17
      32
      25
      20
      24
      20
      24
      30
      29
      25
      30
      22
      24
      20
      25
      17
      27
      31
      19
      22
      30
      24
      18
      27
      27
      19
      20
      28
      24
      26
      22
      28
      26
      28
      25
      25
      28
      25
      22
      29
      24
      20
      23
      32
      18
      21
      19
      21
      25
      25
      31
      20
      26
      26
      14
      22
      26
      35
      29
      28
      21
      10
      30
      19
      23
      21
      25
      26
      20
      29
      30
      31
      20
      22
      19
      24
      26
      33
      19
      23
      25
      20
      30
      17
      31
      25
      25
      18
      29
      26
      22
      20
      28
      27
      27
      28
      24
      22
      28
      29
      25
      28
      32
      23
      22
      21
      38
      22
      29
      30
      34
      22
      38
      39
      32
      27
      48
      33
      37
      43
      45
      40
      47
      48
      56
      62
      65
      67
      66
      68
      84
      87
     106
     122
     117
     143
     167
     168
     199
     222
     250
     248
     289
     330
     344
     405
     493
     501
     572
     658
     726
     754
     837
     902
     967
    1032
    1107
    1123
    1225
    1269
    1385
    1418
    1448
    1528
    1643
    1628
    1643
    1712
    1724
    1773
    1727
    1799
    1601
    1653
    1735
    1577
    1509
    1488
    1408
    1247
    1277
    1235
    1111
    1052
     992
     925
     822
     801
     776
     661
     582
     525
     481
     387
     372
     328
     310
     236
     195
     199
     150
     141
     125
     115
     101
      78
      56
      52
      48
      57
      38
      47
      29
      29
      29
      25
      21
      19
      23
      21
      20
       9
      16
      10
      13
      18
      13
      22
      16
       9
      14
      12
      11
       9
      15
      22
      15
      15
      13
      19
       9
      12
      10
      15
      13
      11
      16
      15
      16
      10
      13
       8
      12
      10
      16
      12
      15
      11
      10
      16
       5
      10
      12
       9
       9
      19
      18
      16
      14
      10
      13
      11
       7
      15
      11
      19
      16
      14
      10
      11
       9
      13
      12
      15
      17
      10
      10
      24
      13
      10
      11
      14
      12
      10
      10
      12
      24
      12
      11
      11
      13
      11
      15
      14
      10
      17
      12
      13
       7
      24
      14
      12
       7
      11
      11
       9
      11
      14
      13
      17
      16
       9
      22
      10
      11
      16
      15
      20
      18
      13
      17
       6
      16
       9
      18
       9
      15
      12
      24
       6
      16
      11
      20
      12
      12
      16
       9
      12
      22
      16
       6
      18
      10
      13
      10
      16
      10
      11
      13
      14
      13
      13
      11
      21
      17
      10
      10
      14
      13
      16
      15
       9
      17
       7
      16
      11
       9
      18
      13
      10
      16
      19
       9
       7
      18
      15
      12
      14
      11
      18
      11
      11
      12
      15
      12
      15
      17
      16
      13
      18
      10
      11
      15
      15
      16
      14
      16
      11
      16
      15
      15
      12
      13
      17
      15
      16
      15
      17
      14
      13
       9
      13
      18
      14
       9
      12
      17
       9
       7
      15
      21
      14
      22
      10
      12
      19
      13
      18
      12
      11
      11
      11
      13
      17
      11
       8
      15
      14
      11
       9
      17
      12
      13
       8
      13
       9
      14
       8
      10
       8
      17
      12
      10
      11
      14
      14
      14
      11
      14
      15
      12
      10
      10
      15
      12
      18
      17
      12
      12
      10
      12
      11
      11
       8
      12
      12
      13
      12
      11
      18
      10
      11
      13
      13
       7
      11
      17
      13
      12
      17
       7
      11
      10
      10
      11
      12
      19
      17
      12
      15
      13
      15
      14
      17
      19
       9
       8
      19
      12
      12
      10
      12
      12
      17
      10
       9
       7
      16
       4
      13
      17
      11
      15
      15
      15
      11
      13
      11
      13
      16
      11
      15
       8
       9
      17
      16
      16
      20
      11
      10
      18
      10
      14
      15
      13
      11
      18
      11
      15
      16
      15
      13
      19
      15
      16
      11
      12
      13
      18
      17
      16
      12
      12
      11
      14
      13
       9
      13
      13
       8
      14
      14
      12
      10
      19
       9
      13
      13
       5
       7
      10
       9
      10
      13
       9
      14
      10
      14
      13
      13
      20
      17
      15
      18
      21
      10
      11
      14
       8
      15
      14
      10
       6
       9
       9
      13
      12
       6
      17
      15
      10
      11
      15
       8
      10
      14
      12
      12
      13
      17
       8
      10
      16
      18
      12
       7
      16
      16
       8
      11
       8
      13
       9
      10
       8
      14
       9
      14
      10
       9
       9
      11
      12
      13
      16
      13
      18
      12
      15
      20
      14
      12
      14
      12
      19
      13
      10
      17
      13
      13
       8
      22
      17
       4
      13
      14
       9
      13
      13
       9
      16
      16
      11
      13
       8
       8
      13
      11
      12
      10
      15
       7
      16
      15
      16
      12
       6
      14
      13
      10
      15
      12
      17
      13
      18
      11
      13
      13
       9
      18
      13
      11
      12
      18
      11
      18
      13
       9
       6
       9
       8
      13
      11
      10
      17
      16
       9
      12
      14
      18
      12
      12
      14
      14
      10
      10
       8
      19
      16
      12
      17
      12
      14
      13
      15
      13
      15
      14
      13
      10
      14
       7
      10
      12
      13
      15
       8
      15
      13
      14
      14
       6
      11
      13
       6
       9
      14
       7
      19
      13
       8
      13
      11
      13
      13
       8
       8
      17
      12
      17
      13
      10
      10
       7
      12
       9
      13
      12
      12
      16
      14
      12
      11
      13
      13
      15
      17
       7
      13
      14
       5
      14
      14
      16
      13
       7
      10
      12
      13
       8
      15
      13
      15
      11
       7
       7
       9
      11
      11
       5
      17
      13
      10
      12
      11
      14
       6
       7
       9
      17
      14
      15
       6
      11
       6
       8
       5
      16
      13
      12
       9
      15
      15
      11
      14
      15
      15
      13
      10
      18
      12
      15
      10
      12
      15
      12
      14
      24
      13
       6
      11
      13
      13
       8
      13
      10
       6
      17
       5
      15
      11
      19
       8
       9
      13
       9
       9
      13
      12
      12
      11
      12
      11
      15
      10
       9
      14
      12
      17
      11
      14
      20
       9
      14
      11
       3
       7
       9
      12
       6
      13
      11
      12
      10
       8
      16
      10
       8
      15
      14
      15
       9
      17
      16
      13
      17
      12
       9
      14
      12
      18
       7
       7
       5
      13
      12
      15
      11
       8
      10
       9
      10
      13
      14
      11
      10
      13
      12
      14
       9
      17
       8
      12
      13
      11
      14
      18
       7
      15
      10
      15
       8
      14
      19
      10
      11
      16
      13
      10
      16
      11
       6
      14
      12
      13
      12
       8
      14
      11
      14
      18
      11
       9
      15
      11
      13
       9
      11
      13
      16
      16
      13
       8
       8
       9
      16
      15
      11
      17
      16
      13
       6
      12
      21
      17
      13
      11
      13
      12
      12
      10
      11
      12
       9
      13
       9
      15
      12
      13
      13
      12
      14
      18
       8
      10
       7
      12
      13
      10
      11
      18
      17
       5
      11
      11
      11
      20
      10
       8
      13
      15
      14
      13
      14
      11
      13
      13
      11
       9
       7
      16
      11
      12
      12
      12
      15
      14
      10
      12
      10
      10
      15
      11
       9
       8
      16
      14
      12
      15
      20
      11
      15
      14
       9
      14
      11
      10
      13
       7
      14
      11
      13
      23
      11
      12
      16
      14
      15
       8
      10
      10
      11
      13
      12
      18
      11
       6
      12
      13
      12
      20
      11
      14
      10
      15
      11
      13
      13
      16
       9
       8
      13
      14
      12
      16
      13
      12
      14
       9
      17
      15
       8
       7
      19
      16
      12
       7
       5
      10
       9
      18
      13
       7
      11
       7
      10
       9
      12
      13
      11
       9
      18
      12
      16
      11
      24
      14
      10
       8
      10
      12
      13
      14
      10
       9
      10
      12
      13
      10
      20
       8
      13
      14
      12
       8
      14
      14
      11
       7
      11
      10
      10
       9
      15
      13
       9
       8
      14
      15
       7
      11
      13
       8
      15
       7
      11
      16
      17
      11
      10
      10
      15
      16
      13
      17
      12
      12
      10
      19
      10
       8
      13
       9
      13
      11
      14
      16
      13
      14
      14
      16
      14
       8
      12
      11
      17
      11
      14
      10
      13
       9
       5
      13
      15
      12
      13
      12
      11
      11
      10
      14
      15
      10
       9
       6
      16
       4
      12
      12
      10
      10
       8
      11
       8
       8
      17
      10
      11
      12
       9
      11
      15
      10
      14
      11
      20
      19
      11
      10
      13
      13
      21
      11
      11
      22
      11
      13
      15
      11
      11
      10
       9
      10
      11
      16
      17
      15
      23
      16
      16
      17
       8
      15
      20
      21
      17
       7
      12
      15
       6
       6
      12
      21
       9
      21
       9
      15
      11
      11
      16
       9
      11
      16
      13
      17
       7
      13
       9
       8
      11
      13
      17
      13
       9
      12
      14
      13
      18
       8
      10
      19
      13
      10
      13
      14
      12
      14
      14
      12
       8
      11
      15
      12
      17
      18
       9
      14
       5
      11
      11
      17
      17
       7
      12
      10
      14
      14
      14
       8
      10
      14
      13
      15
       4
      16
      11
      11
      12
      11
      14
      14
       8
      13
      11
      20
      17
      11
      10
       8
      12
      14
      20
      11
      11
       9
       2
       9
      13
       9
      14
       8
      14
      18
      14
       6
      13
      17
      12
      12
       8
       7
       7
      10
      14
      12
      12
      10
      11
      11
      11
      11
      17
      12
      15
      10
      10
      12
      20
      20
      12
       7
      12
      11
      15
      15
       9
      22
      16
      12
      12
      18
      16
      17
      14
       6
      12
      10
      11
      10
       9
       7
      13
      15
      15
      10
      17
      14
      13
      12
      16
      11
      13
      17
       5
      17
      13
      11
      17
      10
      14
      11
      13
      14
      15
      12
      12
      19
      11
      12
      12
      15
      12
      11
      16
      10
      10
       6
      16
      15
      14
       8
      13
       9
      10
      15
      10
      12
       8
      11
      14
      14
      16
      22
      13
      13
      15
      24
       7
      14
      13
      11
       8
       8
      14
      10
      12
      13
      10
      13
      12
      14
      11
      13
      11
      12
      16
      19
      25
      14
       7
      14
      12
      13
      17
       8
      11
      12
      12
      14
      15
      10
      16
      17
      16
      11
      13
       7
      14
       8
      13
      16
      12
      12
      16
      10
      15
      11
      15
      11
      15
       9
      18
      10
      16
       9
      20
      13
      15
      14
      13
      19
      14
       9
      11
      16
      18
      15
      16
       8
      12
      17
      10
      12
      19
      10
       7
      13
      11
      11
      15
      16
       8
      17
      16
      20
      12
       8
       9
      13
      16
      12
      17
      11
      18
      14
      13
       8
      10
      17
      15
      14
      15
      15
      15
      13
      11
      11
      10
      19
      10
      10
      15
      20
      11
      18
      18
      20
       5
      10
      14
      16
       9
      14
      14
       8
      12
      14
      16
       7
      22
       8
      14
      19
      13
      21
      14
      20
      12
      10
       7
      14
      10
      12
      10
      14
       7
      13
      12
      14
      15
      20
      10
      13
      17
      15
      12
      10
      10
      10
      10
      13
      16
      14
      11
      12
      12
      16
      14
       9
      16
       8
      13
       9
      13
      18
      12
      11
      10
      16
      15
      10
      15
      13
      15
       9
      18
      18
       9
      10
      14
      18
      11
      13
      10
      18
      17
      12
      13
      12
      12
      16
      10
      14
      14
      16
      16
      16
      11
       9
       7
      19
      20
       7
      14
      13
      18
      12
      13
      13
      12
      10
      13
      12
      14
      12
      21
      14
      16
      12
      15
      16
      16
      20
      11
      16
      10
      12
       6
      11
      14
      15
      13
      14
      10
      11
      15
      18
      10
       9
      15
      10
      13
      12
      14
      15
      13
      18
      14
      22
      16
      16
      13
      14
      14
      16
      20
      16
      10
      13
       9
      10
      19
      14
       9
      16
      17
      13
      11
      13
      18
       7
      17
      22
      11
      11
      20
      14
      18
      14
      14
      13
      11
      11
      15
      16
      16
      11
      13
      20
      14
       9
      15
      12
      17
      16
       7
      15
      14
      17
      13
      17
       5
      11
      17
      15
      14
      14
      18
      13
      12
      14
       9
      18
      16
      10
      10
      17
      11
      14
       9
      16
      18
      15
       9
      13
      19
      16
       6
      13
      18
      11
      11
      12
       9
      14
      14
      14
      17
      14
      14
      11
       9
      15
      14
      11
      16
       6
      17
      13
      11
      16
      11
      12
      14
      14
      12
      15
      12
      10
      20
      11
      17
      15
      19
      16
      13
      11
      18
      11
      18
      11
      21
      19
      17
      13
      17
       9
      18
      13
      17
      14
      20
      17
      13
      11
      14
      16
      20
      12
      13
      14
      12
       5
      11
      12
      16
      18
      10
      14
      20
      10
      17
      15
      12
      17
      14
      20
      22
      10
       9
      14
      21
      10
      14
      16
      10
      15
      15
      13
      10
      14
      14
      16
       6
      15
       9
      16
      10
      14
      18
      14
      12
      12
      13
      16
      14
      17
      17
      13
      12
      17
      15
      11
      15
      13
      15
      12
      16
      12
      18
      13
      14
      12
      19
      17
      15
      15
      11
      11
       7
      17
      12
      18
      11
      15
      18
      19
      13
      15
      10
      13
      14
      11
      16
       9
      12
      15
      10
      21
       6
      14
      15
      14
      15
      13
      12
      10
      13
      11
      17
      14
      15
      12
      19
      12
      13
      12
       5
      26
       7
      15
      10
      20
      15
       8
      12
      21
      12
      13
      13
      13
      16
       9
      20
      11
      15
      14
      12
      17
      17
      12
      14
      14
      10
      20
      19
      14
      12
      13
       8
      14
      17
       8
      19
       8
      13
       8
      13
      11
      11
      17
      12
      14
      15
      14
      10
      12
       9
      16
      13
      21
       7
      20
      15
      10
      11
      19
      17
      15
      13
      17
      18
      16
      13
      13
      15
       9
      12
      16
      15
      19
       9
       9
      14
       8
      12
      15
      15
      18
      16
      18
      21
      11
      14
      23
      14
      12
      18
       9
      10
      15
      18
      12
      13
      18
      11
      15
      19
      19
      14
      14
      13
      13
      17
      15
      16
      19
      13
       8
      16
      19
      17
      10
      10
      14
      19
      13
      20
      20
      14
      16
      13
      15
      17
      17
      12
      12
      11
       4
      12
      15
      14
      13
      16
      15
      13
      12
      14
      19
      13
      13
      23
      14
      14
      15
      12
      19
      10
      16
      13
      13
      18
      12
      19
      18
      14
      18
      14
      14
      11
      11
      12
      14
      14
      11
      17
      17
      11
      10
      18
      10
      12
      12
      13
      18
      20
      17
      13
      11
      21
      14
      16
      20
      17
      15
      16
       7
      12
      14
       8
      15
      15
      11
      16
      14
      13
      14
      20
      21
      18
      21
      12
      18
      17
       8
      20
      12
      17
      18
      19
      21
      20
      16
      19
      18
      19
      14
      21
      22
       9
      10
      18
      18
      10
      15
      16
      14
      13
      13
      15
      23
      16
      13
      16
      17
      14
      13
      19
      11
      12
      16
      22
      13
      15
      17
      18
      18
      15
      16
      15
      14
      21
      19
      15
      12
      14
      14
      18
      15
      10
      15
      13
      15
      20
      20
      14
      29
      14
      16
      18
      11
      15
      22
      21
      24
      15
      18
      12
      15
      19
      13
      21
      13
      11
      12
      14
      14
      10
      20
      14
      16
      16
      16
       8
      16
      16
      16
      21
      16
      23
      10
      12
      21
       8
      19
      18
      15
      13
      19
      13
      17
      18
      10
      14
      16
      24
      13
      12
      14
      19
      15
      22
      16
      10
      15
      12
      16
      15
      20
      12
      13
      20
      22
      17
      20
      16
      15
      10
      12
      16
      13
      16
      19
      12
      17
      16
       9
      17
      17
      15
      24
      13
      17
      17
       9
      25
      17
      15
      17
      14
      17
       9
      15
      23
      18
      17
      17
      13
      22
      17
      20
      14
      15
      16
      17
      18
      15
      17
      15
      14
      12
      16
      15
      19
      20
      11
      17
      20
       8
      15
      13
      15
      10
      23
      22
      17
      17
      12
      20
      13
      11
      18
       7
      12
      12
       9
       9
      17
      17
      15
      24
      19
      13
      19
      17
      15
      19
      18
      17
      23
      21
       8
      18
      13
      21
      14
      23
      18
      13
      23
      14
      19
      17
      14
      24
      19
      15
      22
      12
      20
      16
      12
      20
      13
      19
      20
      21
      18
      20
      13
      19
      15
      16
      12
      11
      14
      17
      32
      13
      12
      17
      10
      14
      17
      20
      14
      13
      14
      11
      16
      23
      24
      23
      19
      14
       7
      19
      19
      12
      19
      16
      18
      21
      11
      17
      16
      16
      16
      10
      15
      21
      17
      19
      23
      23
      20
      17
      24
      18
       9
      13
      21
      16
       7
      17
      17
      17
      18
      18
      13
      21
      16
      13
      23
      17
      19
      23
      18
      12
      11
      16
      19
      22
      15
       8
      16
      18
      15
      18
       9
      17
      19
      18
      17
      22
      17
      13
      19
      23
      12
      14
      17
      24
      18
      17
      17
      11
      22
      12
      11
      17
      14
      24
      20
      14
      23
      18
      22
      14
      20
      15
      20
      25
      12
      23
      13
      13
      18
      10
      21
      14
      19
      21
      10
      15
      21
      18
      27
      15
      27
      18
      11
      24
      18
      19
      15
      22
      27
      22
      22
      27
      16
      13
      19
      14
      28
      22
      18
      24
      19
      16
      24
      23
      15
      15
      18
      17
      23
      17
      21
      15
      19
      24
      23
      25
      28
      14
      23
      17
      15
      21
      22
      11
      29
      17
      16
      16
      21
      23
      18
      34
      23
      21
      19
      24
      20
      20
      18
      18
      13
      19
      22
      17
      21
      22
      25
      19
      19
      26
      18
      20
      14
      18
      15
      17
      13
      13
      23
      20
      13
      15
      18
      20
      29
      28
      24
      21
      14
      20
      23
      15
      18
      19
      20
      11
      27
      24
      25
      23
      13
      16
      15
      24
      26
      20
      25
      15
      14
      24
      17
      13
      27
      18
      15
      15
      17
      20
      24
      22
      19
      22
      31
      15
      26
      15
      30
      13
      19
      26
      15
      12
      16
      20
      16
      30
      18
      23
      26
      21
      26
      13
      21
      29
      30
      22
      13
      21
      30
      20
      20
      24
      19
      22
      22
      23
      15
      20
      25
      24
      13
      18
      19
      21
      12
      12
      21
      15
      21
      27
      19
      17
      27
      17
      22
      22
      20
      31
      16
      21
      23
      27
       9
      18
      25
      24
      18
      22
      25
      24
      19
      27
      21
      20
      25
      17
      26
      20
      24
      11
      18
      23
      32
      22
      20
      20
      18
      17
      24
      33
      24
      26
      20
      22
      15
      20
      25
      24
      21
      24
      22
       9
      21
      24
      18
      27
      19
      23
      33
      22
      23
      26
      21
      17
      26
      22
      19
      29
      28
      21
      28
      18
      19
      20
      28
      15
      21
      24
      16
      16
      25
      26
      29
      29
      19
      21
      20
      26
      16
      19
      16
      18
      20
      16
      20
      27
      19
      27
      29
      29
      25
      41
      30
      22
      19
      25
      25
      25
      20
      18
      23
      21
      23
      29
      16
      29
      32
      18
      17
      21
      17
      30
      16
      29
      29
      29
      27
      22
      26
      28
      18
      34
      28
      23
      13
      26
      15
      26
      20
      21
      18
      30
      18
      28
      28
      27
      25
      17
      22
      19
      16
      23
      25
      27
      25
      29
      16
      26
      24
      22
      26
      33
      21
      21
      18
      28
      18
      31
      18
      25
      28
      17
      20
      16
      18
      22
      25
      30
      17
      22
      30
      22
      27
      27
      24
      24
      23
      25
      31
      20
      24
      20
      26
      20
      30
      27
      33
      18
      17
      27
      21
      24
      17
      23
      28
      27
      24
      18
      28
      17
      28
      31
      25
      20
      32
      25
      21
      19
      20
      30
      26
      31
      14
      25
      19
      33
      23
      25
      29
      26
      27
      24
      30
      27
      20
      30
      28
      28
      25
      21
      24
      29
      32
      35
      17
      21
      22
      44
      27
      22
      30
      30
      33
      32
      29
      28
      23
      29
      27
      30
      29
      22
      27
      23
      24
      25
      26
      27
      28
      24
      30
      14
      33
      29
      23
      31
      29
      34
      27
      25
      35
      44
      32
      23
      23
      26
      18
      24
      27
      33
      24
      23
      21
      28
      27
      34
      29
      26
      27
      35
      36
      25
      22
      35
      28
      35
      34
      31
      32
      24
      28
      33
      26
      31
      27
      37
      21
      33
      26
      30
      27
      27
      28
      23
      21
      32
      41
      31
      23
      22
      30
      23
      34
      23
      31
      30
      26
      25
      34
      21
      28
      20
      27
      28
      30
      38
      20
      32
      30
      32
      22
      37
      26
      22
      39
      34
      23
      22
      19
      24
      22
      24
      34
      29
      24
      31
      31
      34
      24
      28
      23
      27
      32
      36
      25
      21
      29
      21
      27
      19
      30
      24
      18
      25
      33
      20
      30
      33
      29
      30
      19
      33
      24
      25
      20
      22
      29
      20
      22
      18
      17
      24
      21
      34
      18
      15
      21
      19
      26
      28
      18
      21
      22
      22
      17
      15
      17
      13
      21
      16
      29
      16
      19
      14
      15
      27
      17
      20
      21
      16
      13
      26
      15
      11
      16
      19
      19
      24
      16
      24
      17
      23
      19
       9
      18
      19
      19
      22
      16
      15
      24
      18
      21
      16
      14
      21
      27
      17
      11
      17
      16
      13
      10
      13
      15
      28
      22
      18
      13
       9
      13
       9
      17
      12
      14
      16
      20
      19
      13
      16
      18
      19
      12
      13
      21
      14
       9
      15
      16
      17
      18
      14
      15
      14
      10
      17
      22
      12
      15
      22
      19
      15
      12
      13
      18
       9
      15
      11
      23
      17
      20
      16
      21
      13
      12
      15
      11
      12
      18
      11
      17
      16
      10
      10
      18
      12
      12
      12
      14
      11
      17
      14
      13
      12
      12
       8
      14
      15
      18
      12
      14
      12
      17
      15
      19
      11
      14
       9
      12
      18
      12
      13
      12
      12
      12
      11
      17
      16
      13
      13
       7
      17
      20
      18
      10
      18
      13
      18
      13
       6
      11
       9
      15
      17
      15
      14
      11
      19
      10
      15
      11
      13
      13
      17
      17
      13
      17
      18
       7
      13
       9
      15
      18
      16
      19
      14
      15
      13
       6
      17
      18
      15
      10
      12
      11
      13
      15
      16
      18
      17
      15
       8
      16
      16
      12
      12
      12
      11
      16
      13
      13
      19
      10
      15
      16
      11
      10
      10
      12
      17
      11
       9
      13
      11
      18
      13
       7
      22
       9
      12
      11
      11
      12
       8
      17
      14
      10
      11
      16
       8
      12
      10
      11
      17
      12
      14
      12
      19
       8
      15
      12
       9
      13
      10
       9
      12
      14
       9
       9
       8
      12
       9
      11
       8
       9
      10
      10
      11
       7
       7
      11
       8
      13
      12
       7
       9
       5
       9
       7
      16
      14
      13
      13
       9
      10
      12
      14
      14
      11
      11
      13
       9
      15
      13
      11
      10
      12
      18
      15
      19
      13
      11
       9
       8
      12
      13
      14
      11
       8
      14
      11
      10
       9
       8
      12
      11
      14
      10
       8
      11
       9
       5
       6
       6
       8
      12
       7
      10
      12
      18
      11
      11
       7
      10
      14
       6
      10
      10
       8
      13
       8
      12
       9
      15
       4
      12
      10
      10
       6
      14
      14
       9
       5
       6
       7
       8
       4
       8
      13
      11
       8
       8
      14
      13
       8
      12
       7
      10
      14
       7
      10
       7
      10
       6
       7
      10
       6
       4
      14
       5
      11
       8
       8
      13
       4
      15
       4
       9
       5
      12
       5
      10
       6
      11
       4
       6
       5
       9
      13
       3
      16
       6
       7
      10
       8
       9
       9
       5
       7
       5
       8
       6
      12
       7
       9
       6
      10
      12
       7
       5
       9
      11
       6
       5
      11
       5
       8
       8
       8
       8
       0
       6
       6
       8
       9
      11
       4
      12
       6
       7
       6
       5
       5
       9
       3
       6
      12
       6
      10
       9
       8
       5
       6
       6
       6
       6
       7
       4
      11
       9
       5
       7
       7
       4
       6
      11
       7
       5
       7
       4
      11
       7
      13
       4
       6
      10
       3
       5
       4
       3
       9
       6
       2
       6
       3
       7
       5
       3
       5
       5
       6
       3
       8
       3
       8
       6
       1
       3
       7
       7
      10
       6
       6
       7
       3
       9
       3
       4
       6
       5
       2
       6
       3
       4
       2
       3
       2
       6
       4
       8
       6
       3
       6
       8
       4
       2
       3
       2
       4
       4
       5
       3
       2
       7
       7
       1
       1
       7
       6
       8
       7
       6
       5
       4
       5
       6
       4
       3
       5
       3
       5
       4
       2
       7
       4
       9
       3
       6
       1
       3
       0
       3
       2
       4
       5
       5
       9
       2
       6
       5
       3
       3
       3
       1
       6
       5
       4
       3
       2
       5
       5
       7
       5
       3
       4
       6
       5
       4
       1
       4
       6
       3
       4
       5
       4
       4
       4
       2
       3
       5
       6
       6
       2
       5
       1
       6
       3
       3
       1
       2
       5
       7
       3
       6
       6
       1
       2
       2
       5
       3
       4
       1
       3
       5
       1
       5
       3
       4
       4
       1
       3
       4
       4
       3
       2
       4
       2
       3
       2
       3
       4
       1
       2
       3
       1
       6
       4
       3
       5
       4
       7
       3
       2
       4
       1
       3
       1
       6
       3
       1
       6
       2
       4
       9
       4
       0
       4
       4
       6
       2
       6
       5
       2
       5
       3
       1
       0
       2
       4
       3
       4
       1
       2
       4
       2
       2
       2
       2
       5
       4
       5
       0
       3
       2
       4
       2
       2
       1
       5
       2
       3
       1
       1
       2
       2
       0
       4
       4
       3
       3
       3
       3
       2
       0
       4
       0
       3
       3
       2
       4
       4
       2
       3
       2
       2
       3
       2
       1
       2
       3
       2
       3
       3
       2
       2
       3
       4
       1
       3
       4
       1
       4
       2
       0
       0
       2
       3
       4
       2
       2
       3
       1
       2
       5
       2
       3
       1
       2
       4
       0
       2
       2
       4
       1
       3
       3
       4
       2
       3
       2
       4
       1
       3
       4
       0
       5
       1
       5
       2
       5
       1
       4
       1
       1
       3
       2
       4
       3
       3
       1
       3
       2
       3
       5
       3
       1
       2
       3
       0
       5
       1
       2
       0
       2
       2
       6
       7
       5
       2
       2
       4
       4
       3
       7
       2
       3
       1
       3
       4
       2
       2
       4
       2
       2
       4
       2
       1
       2
       3
       1
       0
       3
       3
       0
       3
       5
       2
       1
       2
       2
       1
       1
       2
       2
       3
       0
       0
       2
       4
       6
       2
       3
       2
       2
       3
       3
       6
       1
       2
       4
       5
       2
       5
       0
       1
       2
       2
       1
       2
       1
       1
       2
       0
       0
       3
       3
       4
       2
       0
       2
       0
       4
       1
       3
       2
       2
       2
       2
       2
       2
       2
       2
       3
       2
       4
       1
       3
       1
       5
       5
       1
       1
       4
       1
       2
       3
       5
       5
       2
       3
       1
       0
       2
       1
       2
       2
       0
       0
       4
       5
       2
       5
       2
       4
       0
       0
       5
       1
       1
       2
       1
       2
       4
       2
       0
       5
       2
       2
       1
       2
       3
       5
       2
       2
       2
       0
       4
       2
       5
       2
       1
       1
       2
       1
       4
       1
       2
       1
       1
       3
       2
       5
       2
       2
       3
       4
       2
       3
       1
       4
       2
       5
       1
       3
       1
       2
       2
       2
       3
       1
       3
       1
       3
       2
       0
       0
       0
       3
       3
       0
       0
       1
       1
       2
       1
       4
       2
       4
       3
       6
       1
       4
       7
       1
       2
       3
       3
       0
       2
       3
       2
       3
       0
       4
       4
       3
       2
       0
       3
       4
       0
       4
       4
       1
       2
       0
       4
       3
       5
       2
       1
       3
       4
       4
       2
       3
       6
       4
       2
       2
       5
       6
       5
       3
       5
       5
       1
       2
       5
       4
       7
       6
       7
       6
       7
      10
       4
       3
       7
      11
       7
       2
       7
       5
      10
       7
       6
       7
      10
       8
      16
      11
      14
      10
      11
      14
      16
      17
      14
      12
      11
      14
      19
      14
      21
      22
      26
      22
      19
      16
      27
      23
      24
      44
      28
      40
      39
      41
      45
      45
      65
      59
      59
      71
      63
      77
      78
     105
      86
     100
     103
     119
     105
     108
     128
     130
     128
     156
     149
     163
     183
     161
     176
     194
     174
     175
     194
     181
     211
     178
     202
     218
     207
     217
     215
     221
     201
     220
     210
     229
     240
     252
     214
     207
     207
     221
     186
     221
     235
     228
     191
     219
     198
     244
     195
     239
     203
     195
     220
     216
     203
     203
     190
     170
     185
     170
     140
     153
     139
     128
     135
     102
      81
      93
      79
      63
      73
      40
      53
      32
      29
      43
      32
      28
      27
      12
      14
      19
       9
       7
      10
      10
       4
       4
       3
       1
       5
       0
       1
       0
       0
       0
       2
       1
       0
       0
       3
       1
       0
       2
       1
       1
       0
       1
       0
       1
       1
       1
       0
       0
       0
       1
       1
       3
       0
       0
       0
       1
       0
       0
       1
       1
       0
       2
       1
       1
       3
       0
       1
       2
       2
       1
       1
       1
       0
       1
       0
       1
       1
       0
       0
       2
       0
       0
       2
       1
       0
       0
       1
       0
       0
       0
       0
       0
       1
       2
       2
       0
       1
       1
       1
       1
       0
       0
       1
       0
       0
       1
       0
       0
       2
       1
       1
       0
       1
       1
       0
       0
       2
       2
       1
       0
       0
       1
       1
       0
       2
       1
       0
       3
       3
       3
       1
       1
       0
       0
       1
       2
       0
       0
       0
       1
       1
       0
       2
       0
       0
       2
       1
       0
       0
       3
       1
       0
       0
       0
       2
       1
       2
       0
       1
       0
       0
       0
       0
       3
       0
       1
       1
       0
       0
       1
       0
       2
       2
       0
       0
       1
       0
       0
       0
       0
       2
       0
       2
       1
       1
       0
       1
       2
       1
       1
       0
       1
       0
       0
       1
       1
       1
       2
       0
       1
       2
       1
       1
       2
       0
       1
       0
       1
       1
       0
       1
       1
       1
       0
       1
       0
       1
       1
       1
       1
       1
       0
       0
       0
       1
       0
       0
       0
       1
       2
       1
       0
       2
       0
       0
       1
       1
       0
       1
       0
       0
       1
       0
       1
       0
       0
       0
       1
       1
       0
       1
       0
       0
       1
       0
       1
       2
       0
       1
       0
       1
       1
       1
       0
       0
       1
       0
       0
       0
       1
       0
       2
       0
       1
       1
       2
       0
       0
       0
       2
       0
       0
       1
       0
       1
       1
       1
       0
       0
       0
       1
       0
       0
       2
       1
       0
       1
       0
       2
       0
       1
       0
       3
       2
       1
       2
       1
       0
       0
       0
       0
       0
       0
       0
       0
       0
       0
       1
       0
       0
       0
       1
       0
       0
       0
       0
       3
       0
       0
       1
       0
       1
       1
       1
       0
       1
       2
       2
       0
       0
       3
       1
       0
       0
       0
       1
       1
       0
       0
       0
       0
       0
       3
       0
       1
       1
       0
       0
       0
       2
       0
       1
       0
       1
       1
       2
       0
       0
       0
       1
       2
       1
       1
       0
       0
       2
       0
       0
       0
       1
       1
       0
       2
       1
       1
       0
       2
       0
       1
       1
       0
       2
       1
       0
       3
       0
       1
       0
       3
       0
       0
       0
       3
       1
       1
       0
       0
       0
       0
       1
       0
       0
       0
       0
       0
       0
       1
       0
       0
       2
       0
       0
       0
       2
       2
       1
       0
       0
       1
       0
       0
       2
       0
       1
       0
       0
       0
       1
       0
       1
       0
       1
       0
       2
       2
       2
       0
       1
       1
       2
       1
       0
       0
       0
       1
       2
       0
       1
       0
       0
       0
       2
       1
       1
       2
       1
       0
       1
       0
       0
       1
       0
       0
       1
       2
       1
       1
       0
       0
       0
       1
       1
       1
       2
       0
       2
       1
       1
       0
       0
       0
       3
       0
       0
       1
       0
       1
       0
       0
       1
       0
       1
       1
       0
       2
       0
       0
       1
       2
       0
       3
       0
       0
       2
       1
       1
       1
       0
       1
       1
       0
       2
       1
       0
       0
       0
       1
       0
       1
       1
       1
       1
       1
       1
       0
       0
       1
       0
       0
       0
       2
       1
       0
       2
       4
       0
       0
       0
       0
       0
       0
       0
       0
       0
       1
       2
       0
       1
       0
       1
       2
       0
       0
       0
       0
       0
       0
       0
       2
       0
       1
       0
       0
       1
       0
       0
       0
       0
       0
       0
       0
       0
       0
       2
       1
       0
       1
       1
       2
       0
       0
       0
       1
       1
       0
       0
       2
       0
       0
       1
       0
       0
       0
       0
       1
       0
       1
       0
       0
       0
       2
       3
       2
       1
       0
       0
       0
       0
       1
       0
       1
       1
       0
       1
       0
       1
       0
       0
       0
       0
       1
       1
       1
       0
       0
       0
       0
       1
       1
       1
       1
       0
       2
       0
       0
       1
       1
       0
       0
       0
       1
       0
       0
       1
       1
       1
       0
       1
       0
       0
       0
       0
       1
       1
       1
       2
       1
       1
       1
       0
       2
       0
       2
       2
       0
       0
       2
       0
       1
       0
       0
       0
       2
       1
       1
       0
       1
       0
       1
       2
       0
       0
       1
       3
       2
       0
       0
       2
       1
       1
       0
       0
       0
       1
       0
       0
       3
       1
       1
       0
       1
       0
       1
       0
       2
       0
       1
       0
       2
       0
       0
       0
       0
       0
       0
       1
       1
       0
       1
       1
       2
       1
       0
       0
       0
       1
       1
       1
       0
       0
       0
       1
       1
       1
       2
       0
       0
       0
       2
       3
       1
       1
       0
       0
       1
       2
       1
       0
       0
       0
       0
       1
       3
       1
       1
       2
       0
       1
       0
       0
       1
       2
       0
       1
       0
       2
       3
       0
       1
       2
       2
       1
       2
       2
       1
       1
       2
       0
       2
       0
       1
       1
       0
       1
       0
       0
       0
       1
       0
       1
       0
       1
       0
       1
       2
       0
       2
       1
       2
       0
       0
       0
       0
       0
       1
       0
       1
       2
       0
       1
       0
       2
       0
       1
       2
       1
       2
       1
       1
       0
       0
       0
       2
       0
       0
       1
       0
       0
       0
       2
       2
       0
       2
       1
       3
       1
       1
       0
       0
       0
       0
       1
       1
       3
       0
       1
       0
       1
       0
       0
       1
       2
       5
       1
       3
       0
       1
       2
       2
       2
       0
       1
       2
       0
       1
       4
       0
       5
       0
       0
       1
       0
       1
       6
       2
       2
       3
       1
       2
       0
       0
       1
       0
       0
       2
       1
       2
       2
       1
       1
       0
       2
       0
       0
       0
       2
       0
       1
       1
       1
       1
       0
       0
       0
       0
       1
       1
       1
       0
       1
       1
       0
       1
       0
       1
       0
       1
       1
       1
       2
       0
       0
       2
       1
       0
       0
       2
       0
       2
       1
       2
       1
       1
       1
       0
       3
       1
       3
       0
       1
       1
       1
       1
       1
       0
       2
       1
       0
       1
       1
       3
       0
       1
       1
       3
       1
       1
       3
       0
       3
       2
       2
       2
       1
       0
       1
       5
       2
       0
       0
       1
       2
       1
       2
       1
       1
       1
       0
       2
       1
       0
       1
       1
       1
       2
       2
       1
       1
       3
       0
       2
       1
       0
       0
       4
       0
       0
       0
       1
       0
       1
       0
       1
       1
       2
       0
       0
       5
       1
       1
       0
       2
       1
       0
       1
       0
       0
       1
       0
       1
       3
       0
       0
       1
       0
       1
       0
       2
       3
       3
       1
       1
       1
       2
       3
       2
       2
       4
       0
       2
       0
       0
       2
       2
       2
       2
       2
       0
       2
       2
       3
       0
       1
       0
       2
       2
       2
       1
       4
       2
       0
       3
       1
       2
       1
       1
       2
       2
       2
       0
       2
       0
       1
       2
       0
       2
       0
       3
       1
       1
       1
       2
       2
       3
       1
       5
       4
       1
       0
       1
       3
       2
       2
       0
       2
       1
       0
       3
       2
       1
       0
       0
       0
       1
       1
       2
       2
       1
       1
       3
       3
       1
       3
       2
       1
       0
       1
       1
       1
       0
       0
       1
       3
       1
       2
       0
       2
       1
       1
       0
       0
       1
       3
       3
       5
       2
       1
       2
       4
       7
       4
       2
       4
       1
       1
       2
       5
       2
       5
       5
       4
       3
       2
       5
       3
       3
       2
       1
       0
       5
       0
       2
       4
       5
       5
       3
       0
       2
       2
       2
       2
       4
       4
       5
       2
       2
       4
       3
       5
       4
       3
       4
       4
       1
       4
       1
       0
       3
       2
       6
       2
       4
       2
       4
       4
       2
       2
       1
       1
       4
       5
       5
       0
       2
       1
       3
       1
       2
       3
       1
       4
       0
       1
       2
       6
       2
       0
       1
       3
       0
       1
       1
       0
       0
       2
       1
       3
       2
       0
       3
       1
       4
       0
       0
       2
       2
       1
       1
       2
       5
       2
       0
       1
       1
       0
       5
       2
       2
       2
       1
       2
       2
       1
       1
       4
       1
       2
       0
       1
       2
       2
       2
       1
       2
       0
       0
       3
       1
       2
       1
       0
       1
       4
       2
       6
       0
       2
       2
       0
       4
       0
       2
       2
       2
       3
       0
       1
       1
       2
       1
       0
       2
       3
       1
       5
       1
       1
       2
       1
       0
       3
       1
       3
       1
       3
       2
       1
       3
       4
       0
       2
       2
       0
       1
       1
       0
       2
$ROI:
5
349 399
960 988
992 1050
1491 1501
5157 5169
$PRESETS:
None
0
0
$ENER_FIT:
0.000000 0.186875
$MCA_CAL:
3
0.000000E+000 1.868748E-001 0.000000E+000 keV
$SHAPE_CAL:
3
0.000000E+000 0.000000E+000 0.000000E+000
