$SPEC_ID:
No sample description was entered.
$SPEC_REM:
DET# 1
DETDESC# DLAB-PHY-L3-49 926 Right
AP# Maestro Version 7.01
$DATE_MEA:
10/18/2024 16:44:38
$MEAS_TIM:
120 132
$DATA:
0 8191
       0
       0
       0
       0
       0
       0
       0
       0
       0
       0
       0
       0
       1
       1
       1
       1
       3
      11
       7
       7
       4
       7
       8
       9
       9
       7
      14
       8
      12
      20
      10
      30
      39
      36
      46
      46
      65
      79
      91
     100
     117
     133
     140
     108
     161
     144
     163
     135
     130
     107
     148
     147
     131
     158
     139
     119
     127
     124
     142
     112
     125
     124
     132
     141
     119
     110
     128
     117
     135
     105
     113
     120
     121
     130
     108
     116
     128
     140
     120
     114
     132
     118
     116
     147
     141
     110
     120
     122
     119
     135
     117
     117
      96
      95
     125
     114
     127
     100
     120
     107
     117
     126
     124
     127
     110
     107
     113
     123
     112
      99
     105
     112
     109
      95
     102
     131
      98
     118
     113
     108
     115
     116
     101
     114
     100
     106
     117
      99
     120
     108
     114
     105
     111
     107
     124
     106
     117
     103
      91
     127
      98
      97
      87
     111
     114
     108
      94
     104
     104
     114
      89
      93
      96
     101
     116
      96
     117
     121
     101
     118
     103
     101
      96
      98
     114
      89
     118
     101
     112
     109
      99
     108
     117
     103
     108
     104
     114
     125
     102
      96
      96
     119
     102
     107
      93
      96
     101
     102
     101
      93
     116
     106
      94
     103
     100
     112
     109
      87
      93
     101
     105
      86
     101
      91
      94
      79
     112
     136
     102
     114
      83
     106
     108
      97
      98
     101
      88
      80
      80
     103
     113
     105
     116
     112
     118
     100
     111
      83
     102
     112
     111
     106
      99
      82
      96
      85
     128
      91
      91
      97
      99
      84
      76
      81
     109
      84
     107
      97
      99
      92
     104
     101
      88
      93
      96
      95
      82
      93
      93
      93
      88
      94
      94
      87
      94
      78
     106
      89
     101
      97
      91
     106
     100
      95
      94
     115
      96
     108
      87
      79
      88
      86
      88
      99
     123
      97
      94
      91
      90
     101
      99
     106
     104
      94
      88
      99
      86
      89
      99
      87
      85
     101
     107
      96
      93
      84
     100
      87
     111
      87
      84
      95
      90
      81
      99
      97
      87
     103
      97
     102
      98
     114
      98
      95
      89
      95
      90
      93
     100
      90
      81
      98
     104
      85
      89
     109
     100
      96
     116
     124
     105
     102
     113
      98
     105
     113
     113
     120
     114
     122
     129
     124
     118
     129
     127
     150
     150
     149
     140
     134
     133
     182
     140
     132
     134
     143
     114
     123
     104
     131
     121
     117
     109
     113
     102
     110
     101
     112
     133
     107
     123
     100
      92
     121
      90
      94
      88
      80
      89
      99
      94
      93
      93
      87
      81
      84
      95
     104
     117
     100
     110
     107
      92
      97
      83
     104
     111
     111
     107
     104
     114
     108
     112
     136
     134
     105
     131
     112
     103
     134
     111
     113
     113
     117
     112
     117
     102
     108
     105
     114
     106
     108
     108
     106
      95
     110
     107
      96
      86
     123
     111
     107
      99
      93
      81
     103
      89
      86
      81
     104
     108
      89
      99
      91
      90
      85
      98
     101
      91
      92
      98
      96
      72
      73
      87
      78
      81
      94
      83
      82
     102
      83
      84
      73
      86
     101
      74
      82
      91
     107
      90
      70
      96
     102
      99
      95
      81
      93
      83
      84
      73
      87
      85
     113
      89
      86
     101
      87
      78
      89
      88
      83
      80
      92
      89
      87
      99
      86
      70
      87
      76
      89
      75
      80
      86
      89
      90
      94
      94
      98
     100
      93
      73
      93
      80
      75
     106
      87
      72
      97
      91
      88
      79
      81
      79
     101
      98
      95
      92
      82
      78
      86
      72
      97
      96
      98
      78
      80
      84
      93
      84
      77
      85
      83
      70
      96
      94
      81
      87
      81
      78
      96
     101
      69
      86
      98
      88
      85
      93
      82
      93
      76
      83
      87
      89
      91
      82
      79
      95
      96
      86
      91
      90
      84
      84
      96
      84
      68
      97
      76
      81
      95
      97
     101
     100
      78
      82
      86
     114
      77
      88
      85
      92
      96
      94
      88
     102
      89
      92
      74
      80
      83
      74
      89
      82
      87
      94
      80
      94
      85
      87
      98
      84
      87
      86
      91
      90
      83
      85
      88
      84
      89
      86
      72
      85
     109
      96
      88
      86
      77
      79
      87
      83
      98
      87
      89
     103
     109
      92
      91
      79
      72
      74
      95
      85
      90
      90
      82
      91
      93
      84
      76
     104
      90
      88
      95
      92
     106
     101
      95
      91
      99
      83
      86
      79
      85
      90
      85
      80
      81
      88
      89
      82
      88
      76
      88
      83
      91
      89
      93
     104
      72
      88
      95
      81
      79
      83
      79
      69
      93
      82
      80
      96
      68
      95
     113
      75
      85
      71
      85
      79
      87
      73
      81
      87
      76
      81
      86
      83
      84
      77
     100
      87
      78
      91
      91
      95
      60
      95
      81
      96
      71
     114
     107
      91
      89
      78
      74
      98
      86
      96
      92
      81
      64
      78
      66
      64
      89
      82
      88
      95
      63
      93
     100
      86
      89
      89
      91
      76
      78
      79
      82
      80
      74
      76
      91
      95
     100
      72
      92
      87
      86
      78
      78
      93
     102
      94
      87
      98
      89
     100
      99
      87
      77
      88
      85
      91
      91
      86
      87
      81
     102
      93
      99
      82
      82
      92
      95
      81
      85
      86
      94
      90
      81
      88
      76
      92
      86
      87
      91
      86
      78
      99
     102
      81
      91
      93
      90
      89
      88
      88
      83
      83
      89
      83
      87
      97
      77
      88
      88
      86
      88
      84
      64
      87
      84
      76
      74
      78
      88
      74
      90
      93
      82
      79
      93
      92
      75
      83
      90
     101
      88
      74
      74
      83
      90
      92
      84
      84
      84
      74
     105
      71
      78
      90
      79
      89
      89
      81
      91
      79
      88
      81
      89
      89
     109
      62
      97
      89
      92
      97
      84
      82
      98
      96
      89
      91
     102
     102
      96
     103
      88
     105
      95
      87
      89
     100
     107
      93
      96
      84
      94
      88
     100
     101
     106
      88
     103
      89
     101
      77
     103
      82
      75
      86
      93
      96
      84
     103
      97
      99
     104
      95
      89
      89
      91
      99
      89
     103
      97
     109
      89
      99
      99
      95
      96
      78
      90
     103
     101
     102
      99
      90
      95
      87
      92
      98
      97
      97
      76
      93
      88
     102
      99
      93
      90
      82
     101
      81
      90
      85
      86
      96
      97
      94
      87
      91
     107
     105
     111
     105
      95
      98
      87
      89
     101
      88
      88
      89
      75
      88
      91
      73
      98
     104
      93
      80
      93
      96
      88
     104
      87
      97
      96
      81
      73
     104
      93
      90
      85
     111
     110
      82
      92
      93
      74
     103
      91
      94
      88
      89
      98
      96
      86
      99
      98
      85
      81
     102
      92
      82
      96
      85
      93
      99
      85
     101
      93
      82
      97
     110
      93
     101
      90
      96
      96
      95
      98
      89
      83
      89
      98
      91
     114
      83
      83
      84
     101
      89
     107
      83
      90
      91
      97
      82
      95
      85
      93
      86
      94
      86
     100
      81
      74
      96
      97
     106
      86
     105
      96
     103
      94
      86
     113
      78
      95
      89
      94
     106
      87
      94
     100
     104
      87
      95
      94
      84
     106
      83
      93
     102
      99
      90
      88
      94
      76
      93
     109
     102
      89
      84
      89
      89
      94
      79
     115
     112
      94
      98
      94
      95
      88
      87
      81
      98
     103
      81
     114
     100
     102
      97
      87
      72
     103
     102
      84
     115
      96
      92
      98
      88
      95
      98
      96
      97
     102
     107
      93
     110
      84
      79
     103
      93
      95
      89
      82
     105
      90
      96
      85
      89
      98
      82
      78
      95
      99
     100
      91
     103
      74
     104
      88
      87
      97
      91
     114
      90
     107
      95
      88
      87
      67
      84
      92
      96
      96
      94
     104
      95
      98
     101
      93
      98
      89
     107
      74
      90
      93
     102
     102
      94
     115
      88
     102
      96
      97
      73
     108
      92
      85
      99
      93
      94
     104
      96
      90
      84
      94
      92
      89
      91
      97
      77
      90
      96
      97
     105
      85
      86
      88
      88
     105
      82
      90
     102
      84
     108
      92
     110
     106
      93
      77
     107
      90
     101
      94
      87
      77
      94
      81
     111
      97
      91
     102
      89
     115
     102
      93
     104
      82
      93
      99
     101
      94
      87
      92
      92
      95
      99
      99
      86
      82
     101
      87
      91
      85
      75
      97
      85
      76
     105
      94
      79
     106
      86
      90
      92
      83
      83
     100
     101
      99
      92
      77
      97
      87
      75
      90
      79
     105
     102
      94
      98
      94
      97
      86
      94
      77
      94
      96
      84
      85
     105
      88
      84
      94
     103
      86
      93
      98
      85
      98
      93
      84
     101
      89
      86
      91
      92
     105
     101
      98
      95
      86
      90
      72
      90
      97
     106
      79
     105
     100
      99
     100
      94
      87
      83
      80
      75
      97
      83
      88
     106
      86
      99
      94
      71
      87
      84
     110
      73
      80
      91
      79
     106
     102
     102
     110
      85
      96
     107
      90
      85
     108
     102
      86
      96
      89
      98
      88
     115
      93
      77
      75
      91
      91
      94
     114
      90
      98
      72
      89
      95
     103
     104
      89
      93
     110
     100
      93
      91
     101
      79
     106
      89
     101
     103
      99
      79
      80
      99
      99
      98
      89
      83
     106
      79
      77
     110
      97
     100
     101
     118
      97
      98
     101
      67
     104
      94
      95
      97
      83
      95
      91
      78
     111
      83
      97
      89
      92
      96
      93
      95
      96
     118
      83
     100
     103
      96
      83
      95
      90
     100
      93
     110
      99
      98
      94
      81
      93
     108
     117
      83
      98
      94
     108
     101
      91
      88
      90
      81
      88
      90
     103
     119
      92
      83
      83
     104
     100
      95
     101
     111
      98
     102
      94
     107
      89
      93
     102
     107
     118
      99
      96
     102
     106
     108
      90
      91
      88
      94
     112
     103
      92
     111
      96
     105
      80
     103
     111
     117
     113
      82
      81
     102
      95
     116
     100
     115
     104
     113
      93
      96
     105
     103
      97
     100
      91
     101
      97
      91
     100
      97
     105
     109
      91
     111
     106
     104
     100
      93
     104
      93
     120
     111
      77
     108
      91
     112
      91
     111
     102
     111
     110
      95
      99
      94
     110
     101
      91
     115
      92
     104
      80
      92
      96
     109
     100
      92
      92
     108
      95
     111
      98
     108
     116
     121
     106
     108
     101
     109
     111
      97
     105
      96
     110
      96
     107
     102
      95
     111
     102
     101
     107
      99
     116
      95
     118
      97
     115
     109
     123
      98
     105
     105
     104
      96
     124
      98
      99
     101
     105
      96
     111
     120
      91
     107
     123
     108
     120
     117
     103
     104
     101
     105
     104
      97
     113
     106
     121
     118
     109
      92
     120
      83
     133
     105
      98
     126
     115
     125
     115
     107
     101
     120
     112
     108
      99
     110
     109
     123
     108
     116
     113
     111
     121
     102
     111
      97
      95
     106
     115
     107
     112
     111
     106
     113
     114
     122
     115
     112
     104
     114
     103
     127
     113
     105
     131
     111
     113
     115
     108
     109
     111
     129
     102
     135
     123
      98
     111
     128
     111
     104
     108
     110
     108
     120
     102
     102
     109
     122
     128
     116
     109
     111
     101
     120
     117
     128
      95
     119
     120
     131
     136
     100
      99
     113
      99
     120
     107
     106
     111
     109
     126
     130
     103
     123
     115
     136
     124
     107
     116
     119
     114
     117
     134
     128
     133
     124
     111
     103
     117
     117
     100
     136
     137
     103
     104
     125
     112
     113
     139
     111
     126
     107
     150
     104
     114
     115
     128
     129
     118
     122
     139
     123
     126
     122
      94
     115
     116
      94
     131
      98
     131
     120
     120
     126
     128
     120
     104
     106
      93
     110
     112
     114
     115
     111
     116
     112
     104
     117
     115
      99
     133
     103
     112
     102
     100
     102
     112
      92
     101
     108
     107
      99
     109
      96
     110
      89
      89
      94
      88
      84
      95
     103
      78
      69
      93
      92
      67
      63
      86
      71
      77
      74
      84
      80
      79
      69
      63
      74
      94
      78
      90
      78
      83
      89
      64
      79
      70
      94
      72
      85
      68
      81
      69
      53
      80
      65
      79
      57
      72
      59
      62
      64
      64
      64
      56
      74
      63
      68
      65
      58
      63
      61
      61
      54
      70
      61
      58
      68
      60
      69
      66
      68
      55
      60
      64
      52
      52
      74
      60
      59
      52
      64
      56
      71
      72
      66
      58
      72
      51
      49
      68
      59
      65
      59
      59
      57
      64
      68
      56
      56
      60
      58
      58
      55
      49
      61
      49
      59
      54
      51
      51
      46
      53
      67
      64
      49
      57
      51
      68
      59
      66
      49
      49
      67
      53
      41
      41
      55
      61
      52
      47
      58
      65
      61
      56
      54
      48
      68
      59
      58
      46
      63
      41
      56
      58
      62
      43
      69
      53
      38
      49
      44
      60
      48
      62
      54
      59
      55
      47
      50
      51
      44
      45
      50
      56
      40
      39
      46
      54
      38
      51
      47
      47
      39
      50
      52
      41
      51
      39
      47
      42
      43
      49
      52
      49
      40
      49
      39
      63
      55
      41
      45
      47
      47
      44
      44
      40
      58
      53
      39
      42
      44
      40
      43
      39
      54
      39
      44
      39
      54
      39
      38
      48
      65
      42
      43
      46
      52
      31
      42
      49
      29
      34
      41
      45
      43
      40
      43
      41
      31
      33
      41
      41
      41
      42
      62
      36
      40
      45
      45
      32
      35
      47
      44
      35
      48
      40
      40
      47
      39
      37
      35
      49
      44
      38
      39
      46
      39
      36
      44
      47
      41
      38
      40
      34
      37
      50
      35
      38
      33
      29
      32
      36
      32
      41
      42
      41
      34
      33
      45
      32
      44
      39
      30
      37
      37
      36
      31
      45
      42
      40
      45
      43
      47
      44
      48
      35
      36
      44
      31
      27
      29
      31
      35
      29
      32
      36
      43
      19
      29
      36
      41
      43
      39
      27
      40
      49
      33
      28
      35
      33
      23
      33
      30
      33
      33
      41
      41
      45
      36
      31
      36
      35
      32
      40
      32
      38
      36
      33
      33
      27
      36
      32
      36
      35
      28
      42
      25
      34
      30
      42
      28
      33
      38
      29
      28
      30
      24
      25
      23
      35
      28
      28
      30
      30
      37
      34
      31
      33
      30
      25
      27
      43
      23
      27
      32
      35
      27
      31
      30
      27
      29
      29
      28
      30
      34
      20
      22
      26
      23
      38
      14
      34
      31
      18
      22
      27
      26
      26
      22
      34
      37
      28
      26
      27
      25
      30
      31
      29
      23
      25
      29
      33
      20
      24
      28
      31
      27
      26
      25
      27
      39
      24
      22
      28
      23
      31
      20
      25
      25
      32
      23
      27
      42
      24
      25
      20
      25
      20
      17
      29
      27
      35
      24
      20
      29
      20
      24
      28
      30
      23
      31
      21
      18
      30
      22
      24
      24
      25
      33
      20
      31
      28
      17
      25
      25
      29
      41
      40
      41
      20
      28
      29
      35
      28
      34
      19
      23
      22
      26
      23
      23
      22
      23
      30
      29
      23
      22
      24
      37
      18
      25
      19
      21
      26
      28
      29
      25
      26
      34
      33
      21
      27
      32
      21
      23
      27
      26
      29
      27
      33
      26
      26
      29
      14
      23
      30
      24
      29
      28
      26
      25
      33
      26
      23
      24
      26
      30
      19
      20
      27
      40
      21
      24
      20
      25
      23
      22
      35
      21
      23
      28
      26
      33
      19
      28
      29
      22
      21
      20
      35
      25
      22
      21
      17
      23
      23
      21
      29
      25
      25
      23
      27
      22
      18
      21
      24
      20
      32
      19
      26
      24
      24
      24
      25
      15
      32
      24
      25
      16
      26
      27
      21
      29
      28
      25
      37
      30
      17
      21
      20
      29
      33
      22
      23
      26
      27
      19
      24
      27
      28
      26
      19
      24
      20
      16
      40
      29
      20
      27
      19
      22
      16
      21
      26
      24
      23
      26
      22
      19
      20
      19
      36
      19
      33
      27
      26
      18
      23
      27
      20
      25
      20
      29
      21
      18
      27
      17
      20
      24
      23
      15
      22
      25
      22
      17
      26
      19
      28
      23
      18
      17
      22
      35
      19
      14
      21
      23
      19
      25
      15
      17
      30
      27
      16
      25
      20
      22
      23
      20
      20
      24
      26
      23
      23
      22
      18
      21
      25
      24
      31
      23
      18
      23
      14
      24
      31
      27
      20
      19
      19
      13
      23
      23
      21
      22
      25
      24
      15
      17
      16
      23
      22
      18
      26
      19
      20
      20
      20
      21
      21
      19
      28
      18
      31
      14
      30
      23
      31
      30
      23
      21
      10
      23
      21
      22
      24
      26
      17
      27
      23
      26
      12
      21
      25
      21
      24
      21
      19
      26
      21
      25
      24
      31
      16
      16
      26
      15
      24
      21
      24
      15
      14
      24
      15
      24
      22
      22
      14
      21
      25
      17
      24
      27
      27
      29
      16
      25
      28
      22
      18
      25
      26
      22
      23
      21
      25
      25
      20
      15
      23
      22
      28
      21
      23
      23
      33
      24
      16
      15
      25
      23
      24
      25
      21
      27
      18
      23
      22
      28
      21
      20
      16
      34
      24
      18
      28
      15
      22
      20
      23
      21
      27
      16
      28
      19
      23
      24
      19
      28
      11
      27
      23
      13
      20
      22
      33
      19
      22
      15
      24
      24
       9
      24
      23
      10
      25
      27
      20
      26
      24
      25
      19
      20
      23
      17
      28
      16
      17
      25
      20
      24
      29
      34
      20
      16
      30
      29
      16
      22
      23
      21
      24
      39
      25
      28
      22
      26
      29
      33
      31
      34
      51
      50
      35
      56
      59
      47
      65
      62
      72
      61
      86
     102
     105
      95
     120
     116
     145
     164
     184
     226
     236
     279
     284
     314
     344
     393
     469
     479
     522
     600
     610
     701
     717
     776
     892
     928
    1048
    1067
    1177
    1215
    1224
    1289
    1371
    1390
    1437
    1445
    1385
    1611
    1520
    1501
    1491
    1540
    1416
    1428
    1308
    1399
    1374
    1281
    1247
    1146
    1118
     968
     953
     885
     866
     764
     709
     632
     546
     535
     426
     394
     334
     334
     275
     239
     231
     219
     202
     154
     156
     113
     102
      83
      60
      68
      43
      44
      32
      49
      32
      48
      28
      31
      25
      23
      18
      12
      20
      10
       9
      14
      10
      11
      18
      12
       9
       8
       8
      10
      16
      13
      11
      11
       6
      10
      15
      12
      13
       9
       9
      12
      16
      17
      12
      11
      12
       7
      10
       7
       6
       7
      13
      19
      15
       8
      14
      17
      14
      16
       8
      13
      12
      13
      11
       8
      11
       8
      11
      14
      14
      11
      15
      13
      11
      13
      11
      10
       8
       9
       7
       9
      16
      14
      18
      11
       9
      10
       9
      13
      14
      10
      12
       9
       8
       8
      13
       9
       9
      10
      11
      12
      16
       8
       8
      14
      13
      13
      11
      12
      12
      12
      10
      21
      15
       9
      10
      12
       8
      14
       9
      14
      12
       8
       5
      14
      13
      12
      10
      10
      10
      11
      15
      15
      15
      15
      12
      13
      14
      12
      10
      18
      10
       9
       8
      17
      12
      14
      10
      15
      14
      10
      10
      13
      15
      14
      14
      14
      15
      11
      15
      14
      12
       9
       9
      10
      15
      15
      18
      11
       9
      13
      14
      20
      10
       9
       9
      13
      12
       9
      10
      11
      15
      12
       5
      12
      11
      12
       9
      10
      11
      15
      14
      15
      10
      17
       6
      15
      11
       9
      14
       9
      12
      13
       8
      16
      13
      11
      16
      10
       8
      10
      13
      13
      10
      17
       8
      16
       8
      16
      11
      15
       9
      14
       8
       9
       8
      15
      10
      14
       8
      12
       9
      12
      15
      12
      15
       7
      15
       6
      16
       8
      18
       5
      10
      15
      10
      15
       8
      15
       9
       9
      11
      14
       9
       7
      14
      15
       4
      11
      10
       6
      10
      15
       6
       9
      12
      14
      12
       8
      13
      12
      12
      12
      22
      10
       7
      10
      14
      11
      13
       7
      10
       8
       4
      13
      11
      12
       8
       8
      15
       9
      16
       9
       7
      10
      13
      11
      13
      20
      14
      11
      14
      11
      14
      12
      12
      11
       8
       8
       9
      11
       9
       5
       2
       8
      16
      12
       4
      13
      14
      13
      10
       9
      14
      14
       4
      10
       7
      11
      11
       2
       8
      12
      13
      11
      16
       7
       6
       8
       8
       9
       6
      13
      23
       9
      15
      11
       6
      10
       8
       8
      13
      11
      12
      12
      10
       8
      10
      14
      10
      10
      15
      14
      14
      10
      15
      15
      14
       8
      13
      13
       7
       8
      10
      12
      11
      13
      10
      14
      12
       8
       4
       4
      15
      16
      15
       9
       8
      11
      15
      11
      10
       6
       5
       7
      10
      12
      11
      11
      10
      11
      13
      12
      12
      15
      12
       6
      13
      10
       6
       9
      11
      11
      17
       8
      11
      14
      11
      11
      12
      13
       8
      10
      18
      13
      17
       9
       9
      18
      15
       6
      13
      12
       9
      12
      13
      11
      15
      13
      11
      11
      15
      12
      12
       7
      10
      11
      12
      12
       7
      11
      11
       4
      11
      14
       6
       4
      13
      11
      14
      14
      11
      11
      12
      14
      14
      11
       9
       6
      12
      16
      14
      10
      11
      14
      14
      17
      10
      14
      11
      11
       7
       5
      19
      11
      10
      10
       8
      11
       9
      10
      10
      12
      15
       6
      10
      11
       6
       8
      11
      15
      11
      14
      15
       8
       6
       6
      12
      12
      15
      16
       9
      13
      12
      13
       9
       7
      15
       6
      10
      12
      11
      11
       8
      11
      12
       7
      12
      14
      11
       7
      10
       8
      13
      13
      17
      13
      13
       8
      13
      11
      11
      14
       8
      12
      14
      12
      14
       8
      11
      13
      10
      13
      10
      13
       7
      10
       8
      10
       9
       9
      14
      15
       8
       8
       8
      11
      13
       8
      14
      15
      10
      11
       7
      12
      15
       9
       7
       9
      11
       8
      15
      16
      11
       7
       8
      10
       6
      11
      12
      12
      19
       8
      11
      12
       7
      11
       6
       8
       9
       8
      17
      10
       9
      10
       9
       8
      11
       6
       7
      14
       8
      13
      14
       8
      16
      12
       7
      14
      11
      10
      12
      10
      11
      15
       8
       6
       7
      16
      11
      12
      10
       7
       6
      12
       9
      11
      16
      11
      13
      12
       7
      10
      12
      11
      20
      10
      10
       9
      11
       9
      18
      10
      13
       7
       7
      13
      14
      11
      14
       9
       7
      10
      14
      13
      14
      10
       8
      15
      14
       9
       6
      21
      10
      13
      12
       9
      13
      14
       9
      12
      16
      18
       5
      10
      13
      11
      16
       8
       7
       9
      12
      16
       7
      12
      15
       6
       7
       9
       9
      11
      14
       6
       8
      10
      10
      15
      10
      15
       9
       9
       9
       8
      14
      23
      18
       8
       9
      14
       6
       6
       9
      14
      13
       9
      12
       7
       7
       8
      12
       6
       7
       7
       8
      11
      15
      14
      12
      13
       8
      13
      12
      12
      10
      14
      14
       8
      13
      12
      11
      11
      10
      19
      10
      13
      11
      13
       5
      14
       8
       6
       9
       8
       4
      14
      10
      10
       5
       7
       9
      12
       6
      16
       9
      15
       7
       7
       9
       6
       9
       8
      12
      12
      14
      11
       8
       9
      14
       8
       5
      10
       8
       9
      10
      11
       5
      10
      15
      13
      10
      12
       5
       9
       9
      11
      10
       4
      11
      10
       7
      11
      13
       6
       8
      18
      16
       9
      13
       6
      14
      17
      12
      10
       7
       9
      15
      15
      12
      21
      13
       8
       5
       9
      10
      13
       6
      16
       9
       7
      15
      10
      11
      11
       6
       7
      10
       9
       6
      10
       8
       6
      10
       6
      10
      11
      13
      13
      11
      15
      17
      11
       7
       8
       9
       6
       8
      16
      14
       8
      12
      15
      10
       5
       8
       8
       8
      10
      12
       6
      10
      12
       6
       3
      10
      11
      14
       9
       8
      13
       8
      10
       9
      17
      12
      11
      11
       7
      19
      13
      15
      12
      12
      11
      17
      14
      11
       9
       8
      12
       8
      10
      11
       7
       7
      16
      13
      11
      15
      11
      14
      12
      14
       8
      11
      11
      15
       8
       7
      12
      13
      16
       8
      13
       9
       6
      10
      13
      11
       3
      10
      10
      22
      16
       9
      15
       5
       7
      11
       8
      12
       9
       9
      14
      16
       7
      11
      10
       6
       9
       7
      12
      12
      14
       8
      13
       9
      14
       9
      12
       9
      14
      13
      13
       8
       7
      11
       8
      13
       7
      16
      11
       6
      12
      10
       7
      14
      15
      13
      18
       9
      12
      10
      12
      10
      10
       9
      11
       9
      11
      14
      13
      11
      12
      14
       7
      11
       8
       8
       9
      13
      11
       9
      10
       8
      16
       9
       7
      10
      16
       9
      10
       9
      17
      13
      12
      14
      15
      16
       7
      11
      18
      10
       9
       8
       8
      12
       7
      10
      11
      11
      11
      16
      13
      15
       8
       9
       8
      14
       7
      17
      11
      13
      13
      11
       3
      15
      13
      13
      14
      11
       6
      18
      10
       8
      10
      10
      13
       9
      16
      15
      13
       8
       6
       9
      13
       8
      11
      11
       7
       9
      11
       6
       6
      11
       8
      12
       5
      13
       9
       9
      10
       9
       6
      14
      13
      16
      13
      12
      13
      12
      15
      11
       4
      14
       9
      10
      19
      11
      10
       9
       9
      11
      18
      12
       6
      12
      15
      16
       7
       9
       8
      16
      15
       8
      15
      13
      13
       5
       9
      10
      10
      10
       8
      16
      10
      11
      17
      14
      10
      16
       7
      12
       9
       9
      11
       9
       8
       8
      10
       9
      10
      14
      10
      14
       6
      12
       9
      15
       9
       9
      10
      13
       8
       9
      10
      12
      13
       9
      11
      13
      13
      11
      14
      13
      10
       8
      16
       5
       7
       9
       6
      12
      14
       7
       5
      12
       8
      14
      10
      11
       9
       7
      17
       9
       9
      14
       9
       8
      11
      16
       9
       9
      12
      18
      20
      12
      13
      16
      16
      13
       9
      11
      13
      12
      16
      10
       9
      14
       9
      10
       8
       9
       9
      11
      10
      15
      10
       7
      14
      10
      10
       9
      11
      13
      13
       7
      10
      11
       8
       8
      11
      11
      13
      13
      17
      12
      15
      12
      11
       4
       6
      14
      11
      12
       9
      17
      14
       9
      12
      20
      10
      12
      13
       7
       9
      11
      20
      12
      15
      14
      13
      12
      10
      12
      15
       9
      14
      16
      10
      14
      12
      13
      12
      17
      13
      12
      12
       6
      10
      12
      19
       4
       7
      12
      11
       8
      20
      16
      10
      10
      11
       8
      10
       7
      11
       7
      15
      15
      10
      14
      10
      12
      14
      11
      13
       9
       4
      10
      15
      20
      12
      12
       4
      10
      16
      12
      15
      11
       9
       7
      13
       8
      15
      10
      15
      12
      11
      11
      12
      11
      13
      11
       9
      13
      12
       8
      11
      10
      15
       8
       6
      10
       9
      10
      10
      10
      15
      14
       9
      10
      11
      15
      12
      11
       8
      15
      15
      11
      10
      18
      14
      12
       9
      15
       9
      16
      12
      12
      14
       7
       7
      18
      11
       8
      10
      11
       9
       6
      15
      13
      10
      12
      10
      12
       6
       8
      12
      11
      16
       9
      11
      11
      12
      16
      12
       8
      15
      12
      10
      14
       9
      11
      10
      14
      14
      14
       7
      12
      12
      11
      15
      13
      12
       7
      11
      12
      12
      12
       8
      10
      19
       4
      17
      12
      10
       8
      12
      10
      10
      12
      17
      10
      12
       8
      13
      10
      10
      12
      14
       8
      15
      11
      15
      12
      14
      16
      10
      10
       8
       9
      12
      16
      15
      19
       6
       8
       8
      10
       6
      14
       9
      12
      12
       8
      14
      12
      13
       3
       9
       8
       8
       9
      14
       8
       6
      14
      15
      11
      16
      13
       5
      11
      13
      12
      12
       8
      10
      10
      15
      18
      16
      10
      12
      10
      14
       9
      15
       5
       8
      10
      15
       9
       9
      10
      15
      12
      11
      11
      10
      15
      14
      19
       8
      12
       7
      12
      11
      14
      11
      13
      15
      11
      10
      13
       8
      14
      11
      12
      16
       8
      11
      11
       8
       5
       8
       7
      12
       8
      14
      10
       6
      18
      10
      16
      10
      11
       9
       5
      14
       6
       8
       6
       7
       9
       9
      10
      15
       6
      15
      11
      17
       7
      18
      10
       8
      13
      11
      11
       9
      21
      13
      18
      11
      10
       4
      14
      13
      16
      14
      11
      13
       5
      14
      13
      13
      12
      14
      18
      16
       7
      15
      14
      13
      12
       8
       7
       7
       9
      16
      16
      16
      13
      12
      20
       5
      14
      13
       7
      13
       9
      13
      10
      10
       9
      16
      10
       9
       7
      11
      22
      15
       9
      13
      10
      13
      11
      10
      21
      13
      11
      13
      16
      13
      11
       9
      14
      14
      12
      13
      16
       8
       5
      11
      18
      13
      11
      13
      22
      11
      14
      11
      14
      13
       9
       7
      22
       9
      10
       8
      18
      11
      16
       9
      19
      15
      10
      14
      11
       9
      13
      15
       7
      20
      11
      16
       7
      12
      15
       8
      12
      12
      17
      11
      15
      11
      13
      14
      13
      12
      13
      15
      12
       9
      10
       9
      22
      13
      11
      13
       7
      12
      15
      10
      17
      15
       9
       8
      22
       8
      10
      19
       9
      11
      13
      12
      17
      10
      13
      15
      10
      11
      12
       9
      12
      13
       9
       9
      17
      16
      13
      11
      18
      12
      18
      14
       7
      13
      13
      16
       9
       9
       9
      14
      14
      11
      11
      14
      11
      15
      17
      18
      14
      11
      18
      11
      12
      15
      10
       9
       7
      11
       8
      16
      11
      12
      14
      11
       9
       9
      17
      11
       9
      11
      15
      12
      10
      13
      14
      11
       9
      15
      11
       7
       9
      11
      11
      13
       8
       9
      19
      12
      13
      11
      15
       8
       9
      13
       7
      12
      13
      10
      16
      16
       8
      12
       6
      12
      13
      12
      16
      14
      11
       8
      10
      11
      10
      15
      14
      10
      11
      11
      16
      11
      11
      18
      12
       9
      16
      11
      16
      15
      10
      10
       8
      24
       8
      12
      12
      10
       9
      22
      16
      11
      15
      12
      11
      13
      10
      12
      13
       8
      11
      15
       9
      14
      15
       8
       6
      14
      12
      15
      14
      16
      15
      18
      12
      10
      11
       7
      16
      21
      12
      17
       8
      11
      11
       6
      13
      14
      17
       8
      12
      13
      13
      14
      14
      16
       9
      14
      16
      14
      11
      17
      22
      15
      13
      12
      14
      10
       6
      17
      11
      16
      16
      12
      15
      16
      14
      10
       6
      16
      13
      20
      19
      11
      13
      12
      15
      11
      19
      12
      12
       8
      10
      13
      21
       8
      14
       8
      10
       7
      13
      11
      12
      15
       9
      12
      17
      11
      12
      13
      16
      15
      16
      13
      14
       8
      15
      11
      10
      17
      12
      16
      10
      15
      16
      11
      14
      11
      11
       9
       9
      12
       9
      14
       8
      12
      11
      11
      21
      14
       9
      17
      18
      21
      17
      13
      15
      13
      12
       7
      12
      17
      15
      18
      18
      13
      14
      13
      14
      11
      13
      13
      13
      15
      18
      20
      14
      13
      11
      12
      13
      11
      14
      14
      17
      16
      22
       8
      20
       6
       8
       7
      11
      16
      16
      11
      17
      12
      11
      19
      19
      13
      10
       7
      16
      17
      20
      16
      23
      12
      15
      26
      16
      18
      12
      19
      18
      11
       9
       8
      11
      13
      12
      13
      13
      18
      10
       9
      17
      17
      17
      21
      19
      11
      11
      13
       6
      16
      15
      11
      13
      14
      14
      12
      13
      16
      13
      21
      17
      21
      14
      11
       9
      15
      18
      16
      13
      18
      15
      10
      13
      17
       9
      19
       7
      11
       4
      10
      12
       9
      12
      19
      13
       9
      11
       9
      10
      11
       6
      15
      14
      17
      18
      14
      17
      15
      16
       9
      11
      17
      17
      18
      12
      11
      14
      13
      16
      17
      20
      10
      22
      14
      12
      10
      16
      14
      18
      20
      15
      16
      13
      14
      19
      17
      15
      20
       9
      16
      17
      12
      12
      15
      21
      14
      15
      14
      14
      13
      11
      11
       8
      10
      13
       9
      20
      21
      15
      12
      10
      21
      16
      13
      12
      22
      20
      20
      14
       9
       9
      13
      11
      17
      14
      15
      14
      11
      13
      11
      10
      10
      16
      10
      11
      22
      13
      15
      10
       9
      10
      15
       6
      16
      16
      21
       8
      19
      18
      22
      17
      19
      14
      16
       7
      17
      11
      19
      17
      16
      13
      16
      12
      14
      11
      19
      11
      11
      14
      17
      20
      12
      12
      15
      25
      14
      16
      21
      12
      17
      12
      12
      16
      14
      13
      17
      10
       8
      13
      12
      11
      19
      16
      17
      17
      14
      20
      10
      12
      16
       9
      12
      17
      19
      17
      13
      12
      20
      15
      19
       8
       9
      17
      11
      16
      17
      10
       9
      15
      25
      13
      11
      16
      17
      20
      12
      14
      13
      12
       8
      17
      12
      10
      13
      14
      12
      14
      11
      22
      20
      15
      15
      15
      22
      12
      13
      14
      16
      21
      13
      15
      18
      13
      17
      14
      16
      18
      16
      14
      18
      17
      16
      19
      14
      18
       8
      10
      18
      22
      14
      13
      14
      18
      15
      15
      16
      25
      15
      17
      13
      15
      22
      15
      17
      17
      21
      18
      19
      18
      19
      12
      17
      18
      17
      11
      20
      16
      19
       9
      14
      18
      11
      20
      17
      14
      12
      32
       9
      22
       7
      13
      13
      13
      15
      20
      12
      15
      20
      18
       8
      16
      15
      15
      14
      12
      13
      21
       6
      16
      13
      14
      15
       9
      18
      18
      20
      14
      21
      20
      22
      22
      17
      16
      20
       7
      18
       9
      18
      15
      15
      15
      14
      25
      17
      16
      14
      11
      17
      15
      24
      17
      19
       8
      19
       8
       8
      20
      14
      22
      11
      15
      23
      19
      16
      16
      13
      22
      12
      16
      14
      17
      16
      17
      16
      21
      19
      22
      24
      16
      19
      18
      18
      13
      22
      21
      12
      17
      16
      13
      18
      13
      17
      21
      21
      11
      17
      24
      16
      29
      20
      23
      19
      13
      18
      18
      20
      17
      17
       5
      15
      22
      15
      25
       8
      22
      19
      16
      15
      26
      20
      17
      18
      22
      21
      16
      13
      17
      13
      13
      23
      15
      18
      14
      11
      12
      18
      22
      20
      23
      14
      17
      14
      20
      23
      16
      19
      23
      13
      17
      21
      16
      24
      18
      25
      19
      16
      20
      17
      18
      10
      15
      18
      22
      16
       5
      13
      14
      16
      21
      18
      19
      20
      19
      19
      26
      15
      25
      18
      26
      18
      12
      23
      15
      24
      19
      16
      16
      20
      16
      20
      18
      22
      27
      20
      23
      16
      21
      27
      16
      19
      21
      16
      23
      15
      13
      18
      19
      22
      21
      19
      19
      25
      13
      16
      20
      23
      17
      23
      16
      19
      16
      18
      18
      18
      14
      18
      14
      15
      28
      20
      18
      13
      23
      23
      10
      26
      21
      18
      17
      22
      19
      20
      23
      24
      28
      17
      15
      15
      14
      22
      18
      21
      26
      26
      18
      16
      17
      14
      24
      13
      24
      25
      23
      21
      20
      30
      21
      15
      20
      16
      29
      20
      21
      17
      23
      28
      25
      18
      13
      28
      18
      27
      22
      24
      21
      25
      28
      26
      23
      18
      21
      17
      18
      18
      11
      26
      17
      18
      21
      18
      17
      20
      16
      17
      27
      24
      18
      16
      23
      21
      12
      19
      20
      24
      19
      25
      22
      22
      19
      16
      23
      26
      21
      22
      22
      21
      23
      22
      19
      18
      33
      29
      17
      17
      22
      14
      19
      20
      23
      20
      14
      20
      29
      25
      17
      14
      19
      28
      19
      18
      28
      29
      24
      30
      18
      20
      18
      17
      30
      21
      22
      23
      24
      29
      20
      27
      25
      24
      20
      17
      13
      18
      20
      19
      30
      23
      24
      22
      21
      23
      12
      26
      17
      21
      18
      20
      24
      25
      20
      14
      17
      17
      27
      25
      28
      28
      22
      17
      25
      21
      21
      28
      25
      19
      24
      23
      26
      18
      25
      30
      25
      33
      21
      28
      28
      19
      30
      36
      26
      24
      28
      25
      20
      15
      26
      34
      18
      24
      32
      27
      27
      23
      32
      30
      24
      22
      18
      24
      25
      26
      22
      24
      24
      27
      20
      19
      17
      31
      35
      23
      22
      20
      20
      25
      26
      16
      21
      25
      30
      20
      21
      23
      20
      36
      32
      27
      18
      20
      27
      28
      24
      12
      18
      21
      25
      25
      30
      23
      25
      23
      31
      20
      23
      34
      22
      29
      28
      22
      31
      29
      16
      21
      24
      28
      25
      27
      30
      21
      32
      24
      22
      28
      19
      20
      23
      32
      16
      26
      25
      27
      33
      28
      36
      26
      21
      20
      36
      29
      22
      28
      22
      23
      17
      20
      28
      28
      26
      20
      24
      22
      30
      24
      27
      31
      18
      17
      25
      23
      28
      22
      29
      20
      23
      29
      28
      25
      25
      23
      24
      23
      27
      25
      16
      21
      27
      23
      25
      20
      23
      22
      25
      20
      22
      24
      21
      24
      11
      23
      14
      19
      17
      19
      26
      21
      21
      17
      23
      25
      16
      16
      19
      17
      20
      13
      18
      15
      10
      15
      11
      13
      17
      14
      20
      21
      13
      16
      18
      10
      16
      10
      16
      17
      17
      22
      16
      18
      15
      17
       8
      20
      12
      14
      18
      12
      16
      12
      13
      17
      15
      10
      11
      15
      13
      14
      15
      14
      21
      15
      17
      11
      16
      13
      11
      14
       6
      17
      15
      15
      11
      12
      13
      10
      19
      12
      14
      17
      18
      10
      20
      14
      16
      18
      16
      12
      20
      17
      13
      14
      16
      13
       8
      12
      12
      18
      15
      13
      11
      17
      14
      18
       9
       6
      22
      11
      14
      10
      12
      10
      14
       7
      16
      12
      15
      14
      14
      14
      13
      19
       8
      10
       9
      16
       9
      17
      13
      15
      12
       8
      10
      13
      12
       9
      14
       6
      11
      14
      17
      15
      11
      15
      19
      13
       8
       9
      14
      13
      17
      12
      10
      10
      13
       6
      11
      12
       8
      11
      11
      12
      12
       9
      12
      14
      15
      10
       7
      13
      15
       8
       8
      14
      10
      11
      10
       6
      12
      10
      18
      14
      13
      12
       6
      17
      15
      11
      11
      11
       9
      10
      11
      17
      10
      11
      11
       9
      11
       8
       9
      11
       6
      13
      10
       8
      12
      13
       8
      17
      13
       8
      16
      13
      10
      12
      12
       8
      11
      10
       7
      15
      12
       8
      11
      12
      11
      14
       8
      10
       8
      11
      10
       9
       9
       9
       7
      13
       9
       8
      12
       9
      13
       7
      10
       5
      12
       7
      11
      11
       9
       9
      11
      11
       8
       8
      11
       6
      10
       8
      12
      11
      12
      12
      14
      14
       5
      10
       7
      13
       8
      11
      11
       6
       9
       9
      17
       7
      10
       8
       6
      10
      11
       8
       8
       5
      10
      11
      13
       6
       2
       5
       3
       9
       8
       8
       7
       9
       5
      11
      15
       6
      11
       7
      14
       6
      17
       9
       9
       9
      12
      10
       8
       5
       8
       8
      11
       8
      10
       8
      14
       6
      10
       8
       9
       9
       7
       6
      12
      12
       7
       8
       9
       8
      10
      14
      12
       8
       7
       4
       9
       7
       9
      11
      13
       7
      10
       9
      15
       9
      12
      10
      11
       4
       8
       2
       8
       8
       8
      10
       7
       9
       5
       7
       3
      16
       6
      10
       6
       6
      12
       9
       2
       9
       7
       7
       5
       7
       7
      11
       5
       5
       7
       3
       6
       5
      11
       6
       5
       6
       5
       6
       6
       8
       7
       8
       8
       9
       8
      10
      10
       8
       7
       5
       5
       2
       8
      11
       5
       7
       6
       5
       7
       7
       7
      10
       6
      11
      10
       6
       9
       5
      11
       5
       8
       5
       4
      10
       9
       9
       6
       6
       7
       3
       8
      11
       4
       8
       7
       5
      11
       5
       9
       7
       7
       7
       5
       8
       4
       6
       5
       6
       4
       9
      11
       6
       3
       6
       4
       6
       6
       6
       9
       4
       1
       5
       4
       6
       4
       7
       7
      10
       5
       3
       4
       7
       7
      12
       4
       3
       7
       3
       2
       5
       4
       2
       4
       4
       4
       5
       3
       3
       3
       3
       3
       3
       7
       8
      11
       6
       2
       9
       3
       3
       8
       2
       2
       5
       6
       6
       3
       5
       3
       4
       9
       4
       4
       3
       7
       4
       4
       4
       4
       4
      10
       4
       1
       3
       4
       2
       4
       0
       4
       3
       1
       8
       2
       4
       3
       5
       2
       3
       4
       8
       9
       4
       5
       4
       3
       1
       2
       2
       3
       4
       9
       2
       5
       4
       6
       2
       7
       3
       5
       0
       4
       6
       6
       4
       5
       1
       6
       5
       7
       1
       4
       3
       2
       3
       6
       4
       4
       4
       4
       4
       4
       6
       2
       5
       1
       6
       4
       0
       5
       5
       5
       5
       2
       3
       5
       3
       1
       2
       4
       3
       3
       2
       2
       5
       4
       4
       4
       8
       4
       1
       2
       7
       5
       3
       6
       1
       6
       4
       2
       1
       4
       7
       4
       3
       1
       5
       3
       3
       2
       4
       1
       3
       3
       4
       2
       2
       2
       2
       3
       3
       1
       3
       1
       3
       4
       2
       6
       4
       5
       3
       5
       4
       3
       1
       0
       2
       4
       8
       1
       1
       3
       4
       2
       2
       2
       5
       4
       3
       3
       1
       4
       4
       1
       3
       4
       2
       3
       1
       1
       2
       5
       4
       4
       2
       3
       3
       2
       3
       7
       2
       0
       1
       2
       5
       2
       4
       1
       4
       7
       5
       3
       4
       2
       3
       1
       0
       3
       2
       2
       2
       0
       1
       4
       2
       1
       1
       1
       4
       0
       2
       1
       1
       2
       1
       4
       3
       5
       2
       4
       7
       3
       2
       3
       2
       3
       4
       3
       3
       3
       6
       6
       1
       5
       1
       1
       2
       1
       2
       5
       5
       1
       3
       2
       2
       1
       2
       5
       3
       2
       2
       3
       2
       3
       3
       0
       2
       3
       2
       5
       2
       0
       0
       1
       4
       4
       3
       2
       1
       3
       1
       2
       1
       1
       1
       1
       4
       3
       1
       0
       5
       3
       2
       2
       0
       1
       4
       2
       2
       3
       2
       3
       1
       2
       3
       3
       2
       2
       2
       5
       4
       1
       5
       2
       1
       0
       1
       2
       1
       1
       0
       2
       3
       3
       4
       2
       0
       4
       1
       3
       1
       0
       1
       2
       4
       0
       3
       0
       1
       3
       2
       2
       1
       5
       2
       0
       3
       2
       2
       2
       3
       1
       2
       2
       1
       0
       4
       5
       2
       3
       1
       2
       2
       2
       2
       0
       1
       2
       3
       2
       1
       2
       3
       4
       3
       1
       1
       1
       1
       2
       1
       4
       3
       0
       3
       3
       1
       2
       0
       0
       4
       3
       1
       0
       0
       2
       0
       4
       2
       1
       3
       4
       2
       2
       2
       3
       1
       0
       2
       1
       5
       1
       4
       3
       2
       2
       0
       6
       4
       4
       1
       4
       1
       2
       2
       6
       3
       0
       2
       2
       3
       2
       3
       2
       0
       1
       1
       1
       1
       0
       0
       2
       1
       2
       1
       3
       2
       2
       3
       5
       0
       4
       2
       2
       1
       2
       2
       4
       2
       1
       1
       1
       2
       4
       2
       1
       2
       2
       6
       1
       3
       2
       2
       1
       3
       3
       1
       1
       5
       4
       3
       2
       1
       4
       6
       3
       2
       3
       0
       1
       3
       1
       4
       0
       1
       1
       2
       2
       2
       1
       0
       1
       4
       1
       4
       0
       2
       2
       1
       2
       2
       5
       0
       2
       1
       2
       1
       2
       2
       3
       0
       2
       4
       0
       1
       1
       2
       2
       1
       4
       1
       4
       2
       4
       5
       8
       4
       3
       1
       1
       2
       4
       1
       0
       5
       1
       5
       3
       4
       3
       3
       5
       3
       8
       3
       2
       4
       4
       4
       3
       7
       4
       5
       5
       6
       3
       3
       6
       3
       4
       4
       4
       6
       7
       7
      11
       4
       7
       6
       6
       9
      11
      15
      13
       6
      13
      10
      11
      12
      12
      12
      13
      13
      14
      14
      21
      15
      24
      21
      22
      17
      26
      24
      24
      33
      33
      31
      28
      41
      27
      47
      46
      49
      69
      50
      56
      82
      62
      84
      84
      73
      96
     105
     107
     107
     115
     109
     115
     111
     127
     133
     154
     171
     158
     167
     163
     181
     162
     168
     189
     170
     193
     181
     172
     221
     181
     172
     166
     219
     197
     190
     220
     185
     177
     201
     200
     220
     207
     196
     174
     211
     182
     215
     193
     208
     193
     198
     168
     179
     184
     179
     181
     160
     150
     144
     136
     134
     144
     119
      96
      96
      88
      74
      80
      60
      54
      57
      44
      41
      33
      39
      24
      26
      25
      18
      18
       6
      14
       8
       5
       7
       3
       8
       4
       3
       4
       3
       2
       2
       1
       1
       1
       4
       1
       1
       0
       1
       1
       0
       2
       0
       1
       0
       2
       0
       0
       1
       0
       2
       0
       1
       1
       0
       0
       4
       0
       0
       0
       2
       0
       1
       0
       1
       1
       0
       0
       2
       0
       0
       2
       0
       1
       2
       0
       1
       2
       0
       1
       0
       2
       1
       2
       0
       1
       1
       0
       2
       3
       1
       0
       0
       0
       2
       0
       0
       3
       2
       1
       3
       0
       0
       1
       0
       1
       1
       0
       3
       0
       0
       1
       0
       0
       1
       1
       0
       0
       2
       2
       0
       0
       1
       0
       1
       1
       0
       0
       1
       0
       1
       1
       0
       1
       0
       2
       1
       0
       2
       0
       1
       0
       1
       0
       1
       1
       1
       0
       2
       0
       0
       1
       0
       0
       1
       0
       0
       1
       0
       0
       2
       1
       0
       0
       0
       3
       2
       0
       1
       2
       2
       0
       0
       0
       1
       1
       1
       0
       1
       1
       0
       0
       1
       1
       0
       1
       0
       1
       2
       0
       0
       2
       1
       0
       0
       2
       2
       0
       0
       0
       1
       1
       1
       0
       0
       0
       0
       1
       0
       2
       1
       2
       1
       0
       0
       0
       0
       0
       0
       0
       0
       1
       0
       0
       0
       1
       1
       0
       0
       0
       0
       2
       0
       0
       1
       1
       0
       0
       1
       0
       1
       0
       0
       0
       0
       1
       0
       2
       1
       0
       1
       2
       0
       0
       1
       0
       1
       0
       0
       1
       1
       0
       2
       0
       0
       0
       0
       1
       1
       0
       1
       2
       0
       0
       0
       2
       0
       2
       0
       1
       0
       1
       0
       2
       0
       1
       0
       3
       0
       0
       2
       0
       0
       0
       0
       2
       0
       1
       0
       0
       0
       1
       0
       1
       0
       1
       2
       2
       1
       0
       1
       0
       0
       1
       1
       1
       2
       0
       0
       0
       1
       2
       1
       0
       0
       0
       0
       1
       0
       1
       1
       1
       0
       0
       3
       2
       2
       0
       1
       0
       0
       2
       0
       0
       0
       3
       0
       1
       0
       1
       0
       1
       0
       0
       0
       2
       0
       0
       1
       0
       1
       0
       0
       0
       0
       0
       0
       1
       1
       0
       1
       2
       0
       0
       0
       1
       0
       2
       1
       0
       2
       1
       1
       0
       0
       1
       1
       0
       3
       2
       1
       0
       0
       1
       0
       0
       1
       0
       1
       0
       0
       2
       1
       0
       1
       0
       1
       1
       0
       0
       0
       0
       1
       0
       3
       1
       0
       2
       0
       2
       3
       0
       0
       1
       2
       0
       0
       0
       0
       0
       0
       1
       0
       1
       1
       1
       1
       0
       0
       0
       0
       0
       1
       1
       1
       1
       0
       1
       1
       0
       0
       0
       2
       1
       0
       0
       0
       0
       0
       1
       1
       1
       2
       1
       0
       0
       0
       0
       1
       0
       0
       1
       0
       0
       0
       0
       0
       0
       1
       0
       3
       2
       2
       2
       0
       0
       0
       2
       0
       2
       1
       2
       0
       1
       0
       0
       0
       1
       0
       1
       0
       1
       1
       1
       0
       0
       0
       0
       0
       1
       0
       1
       0
       1
       1
       0
       0
       1
       2
       0
       1
       0
       0
       0
       1
       0
       0
       1
       1
       0
       0
       1
       0
       0
       0
       0
       0
       0
       0
       0
       0
       0
       1
       1
       0
       0
       1
       1
       0
       0
       0
       0
       0
       0
       0
       0
       1
       0
       0
       0
       1
       1
       0
       0
       1
       0
       0
       0
       0
       1
       0
       0
       1
       0
       0
       0
       1
       0
       0
       0
       0
       0
       1
       0
       0
       2
       0
       0
       0
       1
       0
       1
       0
       0
       1
       1
       0
       1
       0
       0
       2
       0
       1
       0
       2
       0
       1
       1
       1
       0
       1
       0
       1
       0
       1
       1
       0
       0
       0
       0
       0
       0
       1
       0
       0
       0
       3
       0
       0
       0
       3
       0
       1
       0
       1
       0
       0
       0
       1
       0
       0
       1
       0
       1
       0
       0
       0
       1
       0
       0
       0
       0
       1
       0
       0
       0
       2
       0
       0
       0
       0
       0
       0
       1
       0
       1
       1
       0
       0
       0
       0
       0
       0
       2
       0
       0
       0
       0
       1
       0
       0
       2
       0
       0
       2
       0
       0
       0
       0
       0
       0
       0
       0
       1
       0
       0
       0
       0
       0
       0
       0
       0
       1
       0
       0
       0
       1
       0
       0
       0
       1
       0
       0
       0
       1
       1
       0
       1
       0
       0
       0
       1
       0
       0
       0
       1
       0
       1
       0
       0
       0
       0
       0
       0
       1
       0
       1
       0
       1
       1
       1
       0
       0
       0
       4
       0
       1
       0
       1
       0
       1
       3
       0
       1
       1
       2
       2
       0
       0
       1
       0
       1
       0
       0
       0
       2
       0
       0
       0
       1
       1
       0
       1
       0
       0
       2
       2
       0
       1
       0
       0
       0
       0
       1
       1
       0
       0
       3
       3
       0
       0
       0
       0
       1
       3
       0
       0
       1
       4
       1
       1
       0
       0
       1
       0
       1
       0
       0
       0
       1
       2
       2
       1
       1
       0
       1
       0
       1
       2
       0
       0
       1
       2
       1
       0
       0
       2
       3
       0
       0
       0
       0
       0
       2
       0
       1
       1
       0
       0
       0
       0
       3
       1
       2
       0
       2
       0
       1
       1
       1
       1
       1
       0
       1
       2
       1
       0
       2
       0
       0
       0
       1
       2
       1
       2
       0
       3
       0
       0
       1
       2
       3
       0
       0
       1
       1
       0
       3
       1
       2
       0
       2
       1
       1
       0
       0
       0
       0
       3
       0
       0
       1
       1
       1
       0
       0
       2
       0
       1
       2
       2
       1
       1
       0
       1
       1
       0
       1
       0
       0
       0
       2
       0
       0
       0
       1
       2
       1
       1
       1
       3
       1
       0
       1
       1
       1
       2
       2
       1
       0
       1
       1
       0
       0
       0
       2
       1
       0
       1
       0
       0
       1
       1
       1
       1
       2
       3
       0
       3
       2
       0
       4
       1
       1
       1
       0
       1
       0
       1
       0
       0
       0
       0
       0
       0
       0
       2
       1
       1
       1
       0
       1
       0
       0
       0
       0
       0
       3
       3
       3
       2
       2
       1
       2
       3
       2
       1
       1
       0
       2
       0
       1
       1
       1
       2
       2
       1
       2
       0
       0
       3
       0
       1
       0
       2
       1
       0
       0
       0
       0
       3
       0
       1
       2
       2
       1
       1
       4
       0
       0
       1
       2
       3
       1
       0
       0
       1
       3
       1
       1
       1
       0
       1
       0
       1
       0
       2
       1
       0
       2
       1
       0
       0
       2
       0
       1
       0
       1
       2
       1
       0
       1
       3
       1
       1
       3
       1
       0
       0
       1
       0
       3
       1
       0
       2
       2
       0
       0
       0
       0
       2
       2
       0
       1
       2
       1
       3
       3
       1
       5
       2
       0
       1
       1
       0
       1
       0
       1
       0
       0
       1
       1
       1
       1
       1
       2
       1
       4
       2
       1
       0
       0
       2
       1
       2
       0
       0
       0
       1
       1
       3
       2
       1
       1
       2
       0
       1
       0
       0
       0
       1
       2
       1
       1
       1
       0
       2
       2
       4
       2
       2
       2
       1
       2
       2
       1
       3
       0
       1
       1
       1
       2
       4
       0
       1
       2
       5
       3
       4
       6
       3
       2
       3
       2
       1
       1
       6
       3
       7
       2
       1
       4
       2
       4
       4
       5
       2
       2
       3
       2
       0
       3
       7
       2
       2
       2
       1
       1
       2
       3
       5
       2
       0
       4
       1
       0
       2
       1
       3
       1
       2
       2
       3
       2
       0
       2
       3
       1
       3
       1
       1
       3
       4
       3
       6
       1
       5
       3
       2
       1
       2
       0
       2
       3
       5
       2
       2
       2
       0
       1
       0
       0
       1
       0
       3
       3
       4
       1
       2
       0
       3
       2
       1
       1
       4
       2
       2
       1
       2
       0
       3
       0
       1
       1
       4
       1
       2
       0
       1
       0
       1
       2
       1
       4
       2
       1
       4
       0
       1
       2
       2
       0
       0
       3
       2
       2
       3
       0
       1
       3
       3
       1
       0
       1
       1
       3
       1
       1
       1
       3
       1
       1
       1
       3
       0
       1
       1
       2
       2
       1
       0
       4
       2
       1
       0
       3
       3
       1
       1
       1
       0
       2
       2
       1
       0
       1
       4
       1
       1
       5
       0
       0
       1
       2
       3
       0
       1
       1
       0
       1
       4
       1
       1
       1
       2
       3
       0
       1
       1
       1
$ROI:
5
349 399
960 988
992 1050
1491 1501
5157 5169
$PRESETS:
None
0
0
$ENER_FIT:
0.000000 0.186875
$MCA_CAL:
3
0.000000E+000 1.868748E-001 0.000000E+000 keV
$SHAPE_CAL:
3
0.000000E+000 0.000000E+000 0.000000E+000
