$SPEC_ID:
No sample description was entered.
$SPEC_REM:
DET# 1
DETDESC# DLAB-PHY-L3-49 926 Right
AP# Maestro Version 7.01
$DATE_MEA:
10/18/2024 16:44:57
$MEAS_TIM:
120 131
$DATA:
0 8191
       0
       0
       0
       0
       0
       0
       0
       1
       0
       0
       0
       0
       1
       1
       3
       4
       2
       6
       8
      16
      12
       5
      11
      13
       3
       8
       8
      11
       9
      27
      16
      24
      30
      30
      44
      58
      56
      74
      94
     104
     123
     122
     151
     144
     147
     137
     150
     146
     125
     123
     136
     148
     142
     128
     141
     123
     153
     142
     155
     138
     127
     126
     112
     105
     133
     138
     146
     128
     118
     132
     131
     112
     130
     113
     109
     122
     119
      99
     115
     113
     141
     112
     142
     123
     115
     139
     130
     112
     121
     103
     112
     107
     107
     117
     124
     116
     100
     147
     111
     112
     105
     113
     116
     108
     128
     110
     127
      96
     111
     133
     116
     107
     108
     111
     126
      93
      97
      97
     104
     126
     121
     102
     105
     111
     119
     128
     132
     112
     125
     115
      97
     121
     102
     101
      99
     110
     113
      86
      93
     108
     119
     104
      98
     103
     116
      98
     118
     106
     128
     106
     100
     113
      99
     121
      87
      94
     103
     113
     100
      91
     109
      99
     102
     111
      96
     101
     103
      93
      99
     108
     112
     106
     113
      79
     105
      93
      89
      90
     108
      97
      91
     100
      86
      79
     100
      95
     120
     103
      87
      91
      93
     116
      88
      84
      95
      95
     109
      89
     105
     109
     105
      82
     105
     103
     115
     103
      87
      96
      82
      89
      97
      89
     107
      98
     106
      97
      91
      83
      94
     100
      84
     124
      98
      79
      93
     116
      89
      80
      90
     101
      87
      76
      88
     105
      95
     108
     101
      71
      94
      98
      98
     115
     103
      96
      92
     102
      82
     103
      80
     106
      91
     102
      97
      91
     101
     104
     104
      90
     126
      99
     110
      94
      98
      83
     101
      92
      80
     114
     112
      91
     111
      92
     102
     100
      97
      95
      81
      99
      95
     106
      81
      94
      97
      94
      81
     100
     113
     104
      88
      89
      87
      99
      90
      91
      88
      71
     108
      92
      82
     101
      88
      95
     112
     108
     102
      90
      92
      82
     111
     104
      92
     100
      90
     100
     102
      84
      92
      95
      86
     100
      91
      78
     115
     101
      93
     103
     113
     102
      80
      91
     102
      95
     128
     122
      83
     101
     112
     104
      92
     105
     108
     101
      99
     117
     107
     120
     129
     110
     118
     130
     115
     124
     136
     131
     132
     145
     145
     137
     142
     159
     137
     131
     141
     133
     137
     135
     120
     142
     129
     108
     144
     131
      94
     111
     118
     115
     116
      93
     120
     113
     122
     120
     104
      85
      87
      95
      85
      97
      95
      73
      91
      85
      87
      68
      93
      85
      93
     115
     103
     110
     110
     126
     102
      86
     116
     114
     115
     103
     114
     107
     122
     114
     115
     116
     107
     133
     117
     131
     141
     134
     123
     105
     101
     103
     101
     112
     127
      81
     134
     123
     101
      96
     109
     115
      84
     105
     112
      91
      94
     106
     101
     108
     102
      76
      83
      88
      92
      97
      88
      89
      77
      78
      82
      87
      95
      93
      85
      78
      86
     100
      86
      89
      93
      98
      72
      71
      81
      94
     102
      92
      70
      85
      75
      95
      90
      93
      92
      76
      86
      86
      82
      82
      99
      75
      81
      92
      76
      98
      84
      80
      85
      86
      89
      76
      88
      80
      90
      88
      98
      94
      80
     106
      87
      84
      83
      93
      79
      94
      68
      87
      83
      81
      99
      90
      82
      96
      85
      91
      82
      99
      88
      94
      99
      94
     107
      81
      79
      97
      80
      75
     108
     100
      86
      87
      90
      89
      97
      77
      93
      86
     109
      85
      98
      70
     100
      86
      78
      76
      73
      81
      74
      84
      92
     101
      79
     104
      96
      92
      85
      94
      97
      77
      96
      78
      92
      84
      80
      81
      80
      78
      84
      88
      77
      78
      98
      86
      83
      96
      92
      90
      96
      81
      82
      97
      86
      92
      81
      95
      74
      96
      72
      87
     101
      86
     102
      94
      83
      87
      73
      90
      81
      76
      79
      79
      82
      90
      92
      93
      73
      87
      91
      86
      80
      90
     106
      70
      93
      95
      81
      94
      81
      99
      92
      99
      93
      89
      69
      85
     104
      79
      84
      96
      84
      87
      99
      88
      90
      85
      82
      67
      85
      71
      98
      93
      83
      73
      95
      85
      84
      78
      84
      61
      84
      88
      89
      83
      68
      76
      92
     100
      85
     100
      82
      89
      84
      85
      86
      91
      88
      75
      98
      93
      73
      75
      79
     104
      70
      86
      84
      85
      81
      75
      84
     100
      92
      81
      73
      84
      82
      80
      95
      84
      94
      82
      86
      93
      79
      77
      84
      81
      83
      87
      84
     100
      71
      74
      97
      76
      75
      82
      91
      79
      82
      82
      96
     102
      88
      82
      87
      77
      76
      90
      82
      96
      67
      81
      87
      83
      69
      83
      70
      84
      74
      74
      84
      89
      90
      89
      83
      78
      94
      94
      81
      88
      98
      75
      90
      95
      83
      79
      82
      89
      80
      83
      93
      72
      85
      88
      83
      93
      90
      78
      78
      87
      84
      87
      93
      87
      74
      77
      74
     100
      76
      83
      72
      83
      88
      90
      67
      98
      76
      68
      89
      85
      92
      81
      73
      98
      90
      70
      99
      86
     107
      90
      91
      93
      92
      96
      76
      88
      84
      73
      89
      91
     110
      82
      90
      78
      84
      83
      90
     103
     107
      82
      83
      80
      69
      78
      71
      91
      92
      88
      60
      93
      84
      72
      90
      82
      55
     104
      90
      95
      78
      94
      75
      69
      94
      84
      84
     100
      73
      76
      96
     112
      91
      97
      87
      79
      77
      67
      86
      89
      81
      76
      88
      87
      87
      89
      98
      73
      88
     109
      71
      96
     109
      91
      78
      93
      74
      94
      86
     109
      78
     103
      88
      98
      79
      96
      97
      80
      78
      87
     104
      87
      91
      83
      93
     110
      90
      92
     112
      97
      98
     109
      77
     108
      75
      98
     100
      85
      98
      83
     111
     100
      95
     101
     109
      82
      96
      82
      79
      98
     116
      98
      99
     109
     103
      97
     110
      81
      96
     101
     121
      93
     100
      91
      85
      83
     104
     108
      92
      89
      83
     115
      88
      94
      95
      96
     102
      87
     101
     110
      89
     103
      92
      98
      80
     109
      82
      85
      77
      89
      97
      83
     100
      92
     112
     107
      93
      83
      97
      91
      87
      99
      99
     106
     103
     103
      76
      90
      91
      94
     105
      76
      95
      82
      74
      87
     105
      95
      92
     102
      96
     115
     101
     101
      91
      94
      88
     102
      73
      89
      93
      82
      90
      88
      95
      97
      84
      98
      95
      89
     109
      88
      95
      95
      88
      87
     101
     121
      97
      89
      95
      89
      98
      80
      77
      98
      95
     105
      88
      97
      83
      97
      89
      93
      87
      83
     110
      97
      88
      88
     105
     101
      80
     111
      81
      96
      92
      94
      97
      86
      89
      89
     108
      86
      88
     103
      92
      77
     102
     100
      95
      93
      87
      84
      82
      77
      92
      94
     100
      99
     101
      86
      98
      90
      92
      82
     112
      98
     101
     114
      78
      95
     104
      92
      88
      80
      83
      96
      89
      98
      84
      89
      82
      86
      96
      94
      86
     101
     116
      95
      94
      83
      96
     105
      97
      90
      96
      82
      93
      84
      78
      75
      96
      92
      85
      87
      94
      97
      80
     111
      85
     108
      96
     107
      85
      94
      85
      76
      99
     104
      91
      85
     110
      97
      97
     101
      74
     100
      96
      87
      97
     106
     101
      85
     124
      98
      97
      91
      94
      86
      82
     105
     106
      88
      89
      74
      87
      79
     101
      97
      96
      88
      81
      90
      87
      92
      78
      89
      91
      84
      90
      98
      91
     104
      81
     107
      88
      76
      89
      81
      79
      91
      84
      89
      77
      92
      90
      92
      93
      88
      92
     103
      88
      98
      81
      96
      87
     104
     102
      88
      97
      85
      87
      89
      86
     101
      95
      89
     102
      83
     103
      90
      91
      83
      97
      84
      85
     107
      97
      83
      92
      91
      83
      70
      91
      86
      88
      85
     102
      99
      88
      93
      79
      97
     113
      95
      93
      98
     100
      99
      88
     100
      97
     105
     107
     100
      92
      92
      87
      97
      80
     106
      94
      97
      86
      89
      85
      90
      91
      91
      90
      81
      79
      91
     102
      94
      86
     103
     100
      92
      68
      80
      83
     101
      95
      94
      94
      96
      88
      85
      90
      83
      73
      96
     106
      84
      84
      97
     102
      97
     102
      95
      86
      88
      93
      88
      97
      79
      83
      93
      80
      98
     108
      96
      80
      87
     105
      93
      90
      89
      90
      97
      87
      88
      86
      88
      96
      97
      92
      96
      95
      93
      95
      85
      83
     106
      85
     101
      79
      92
      77
      69
      83
      79
      91
      90
      93
     100
     114
      92
      84
     101
      86
      92
      89
      81
      97
      98
      98
      90
      99
      89
      94
      95
      90
      81
      98
      78
      69
      91
      86
      79
      93
      87
     110
      98
     104
      93
      90
      92
     103
     100
      94
      94
      89
      98
      98
     115
      78
     101
      90
      96
     104
      89
     102
      86
     101
     105
     106
      88
      90
      98
     104
      81
      96
     100
      91
      95
      91
      76
      87
      84
      90
      90
      83
      85
      98
      83
      90
      95
      97
      92
      82
      95
      97
      87
     110
     111
      88
      79
      99
      89
     107
      83
      86
      99
      87
      89
      98
     100
     102
      81
      86
     108
      91
      74
      92
      95
     111
      96
      95
      92
     109
     101
      88
      92
      95
     103
      84
      89
      86
     107
     104
     106
      82
      96
     102
     106
      85
      99
     103
      90
      97
      99
      91
      87
      97
     102
      87
      98
     101
      86
      98
      96
     100
      93
     100
     110
     101
      82
      81
      91
      90
     107
      97
      80
      88
     110
     104
     111
     116
      83
      91
      93
      94
     121
      90
      90
     111
      84
     108
      92
      98
      96
      87
      92
     103
      94
      99
      93
     100
     102
     114
      91
     100
      90
     108
      95
      83
     107
     111
     109
     106
      88
      99
     105
      96
     105
      99
      79
      88
     105
     108
      89
     103
     104
      94
     117
     111
     102
      89
      95
     107
      99
     109
      95
      80
     103
     101
      96
      91
     115
     108
     103
      95
      94
      84
     115
     111
     105
      90
      94
     106
      92
     108
      93
     100
     110
     114
     119
     112
     107
     119
      83
     110
     103
      79
      92
      99
     117
     113
     105
     106
     120
      90
     119
      99
     130
      97
     103
     114
     113
     101
     119
      97
     109
     121
      86
     105
     115
     100
     114
     113
     111
     129
      93
     117
      93
     103
     106
     105
      98
     111
      98
     115
     110
      97
     126
     109
     107
      94
     118
      93
      88
      96
     126
     106
      97
     111
     117
     114
     118
      96
     109
     129
      91
     104
     141
     114
     136
     107
      92
     107
     100
     105
     113
     130
     101
     123
     119
     105
     115
     118
     131
     118
     136
     107
     115
     116
     107
      98
     108
     125
     111
     102
     113
     116
     110
     116
     115
     100
     110
     112
     115
     109
     116
     120
     118
     102
      97
     114
     109
     113
     120
     115
      95
     116
     121
     115
     114
     109
     121
     136
     121
     121
     122
     121
     115
     122
     113
     118
     121
     127
     132
     123
     145
     125
     112
     106
      88
     120
     117
     119
     108
     121
     114
     125
     107
     104
     124
     116
     126
     122
     124
     108
     111
     114
     118
     126
     117
     110
     129
     112
     117
     119
     107
     117
     116
     103
     126
     142
     110
     136
     108
     117
     121
     122
     126
     132
     128
     112
     121
     134
     110
     119
     115
     122
     119
     112
     117
     112
     125
     108
     124
     133
     131
     111
     139
     115
     102
     119
     137
      99
     116
     122
     108
     127
     112
     122
     118
      99
     110
     111
     118
     122
     124
     115
     122
     105
     110
     103
     111
     121
     115
     105
     108
     112
     110
     112
      83
      84
      89
      89
      94
      86
      92
      85
     102
      78
     103
     121
      79
      72
      87
      98
      88
      79
      81
      75
      73
      87
      94
      70
      81
      69
      71
      72
      63
      77
      84
      73
      76
      77
      81
      76
      73
      76
      71
      63
      69
      69
      77
      78
      70
      71
      67
      66
      71
      77
      81
      74
      59
      58
      61
      65
      81
      73
      77
      80
      53
      61
      79
      53
      65
      66
      71
      64
      72
      64
      52
      75
      68
      73
      68
      84
      63
      64
      61
      74
      53
      57
      57
      59
      69
      55
      62
      62
      62
      63
      49
      50
      59
      56
      62
      63
      58
      65
      65
      60
      49
      63
      58
      51
      50
      50
      49
      43
      68
      65
      69
      50
      49
      50
      68
      51
      44
      46
      48
      56
      52
      61
      55
      42
      63
      67
      52
      54
      53
      55
      63
      41
      55
      61
      60
      68
      56
      42
      56
      54
      50
      45
      79
      55
      57
      66
      52
      43
      49
      48
      62
      47
      57
      55
      49
      58
      45
      61
      62
      55
      61
      39
      52
      39
      71
      58
      60
      57
      55
      44
      50
      58
      49
      47
      44
      55
      46
      56
      38
      44
      49
      56
      44
      48
      47
      47
      67
      49
      51
      56
      42
      35
      45
      47
      40
      43
      45
      57
      42
      48
      52
      49
      42
      41
      54
      50
      43
      60
      44
      52
      40
      32
      35
      39
      43
      46
      53
      50
      52
      42
      42
      58
      44
      29
      37
      37
      51
      42
      39
      49
      44
      43
      48
      42
      41
      42
      36
      51
      33
      34
      36
      42
      42
      58
      44
      33
      39
      45
      40
      42
      42
      42
      50
      45
      41
      38
      33
      30
      33
      56
      36
      47
      48
      44
      43
      35
      43
      47
      40
      38
      52
      37
      44
      27
      51
      41
      32
      48
      35
      44
      34
      49
      33
      35
      39
      34
      27
      47
      31
      43
      46
      38
      39
      37
      35
      38
      34
      38
      39
      35
      33
      36
      45
      28
      28
      37
      41
      39
      34
      41
      53
      30
      31
      29
      25
      42
      34
      32
      33
      36
      33
      23
      23
      41
      27
      34
      29
      42
      30
      36
      29
      34
      38
      33
      29
      28
      35
      27
      42
      35
      31
      26
      28
      28
      34
      41
      35
      27
      34
      20
      31
      38
      32
      31
      35
      34
      39
      36
      20
      34
      26
      30
      36
      33
      31
      30
      25
      26
      36
      23
      31
      31
      36
      26
      32
      52
      27
      23
      29
      24
      26
      31
      30
      31
      24
      31
      36
      25
      32
      27
      34
      28
      19
      31
      29
      28
      26
      28
      29
      36
      31
      27
      30
      35
      28
      22
      28
      27
      33
      31
      45
      27
      27
      19
      32
      40
      24
      30
      27
      37
      20
      28
      25
      25
      34
      39
      20
      25
      25
      33
      21
      30
      27
      26
      23
      25
      35
      41
      21
      26
      25
      31
      26
      37
      35
      27
      18
      39
      30
      22
      30
      31
      27
      27
      31
      23
      21
      15
      24
      28
      23
      28
      28
      19
      26
      26
      29
      33
      27
      25
      25
      28
      17
      16
      32
      21
      29
      21
      28
      28
      36
      29
      25
      18
      26
      25
      36
      20
      22
      27
      19
      22
      27
      15
      30
      22
      35
      32
      25
      20
      25
      27
      34
      21
      28
      29
      23
      26
      28
      30
      28
      39
      30
      28
      40
      19
      25
      36
      32
      23
      17
      19
      22
      35
      30
      31
      21
      21
      20
      17
      32
      24
      19
      34
      23
      36
      22
      19
      24
      25
      34
      22
      25
      28
      32
      24
      17
      37
      23
      24
      37
      28
      16
      19
      21
      24
      21
      22
      22
      26
      23
      16
      24
      19
      21
      22
      22
      23
      26
      23
      29
      23
      22
      22
      24
      26
      18
      16
      20
      26
      31
      26
      20
      26
      22
      31
      19
      19
      25
      30
      22
      24
      18
      32
      23
      21
      28
      32
      26
      28
      21
      15
      23
      23
      27
      25
      21
      25
      19
      22
      28
      27
      24
      29
      12
      21
      34
      18
      24
      14
      18
      24
      25
      16
      22
      24
      25
      23
      25
      14
      20
      20
      19
      19
      26
      24
      22
      23
      35
      23
      28
      19
      28
      20
      23
      21
      21
      24
      30
      23
      29
      19
      30
      23
      29
      33
      23
      16
      28
      22
      24
      24
      17
      33
      19
      30
      27
      20
      24
      20
      27
      35
      21
      19
      24
      25
      30
      22
      16
      26
      22
      17
      25
      28
      20
      22
      27
      33
      19
      17
      23
      20
      23
      17
      17
      23
      24
      22
      29
      28
      20
      25
      23
      24
      23
      19
      24
      26
      30
      21
      17
      28
      30
      27
      19
      25
      18
      15
      23
      23
      24
      26
      24
      21
      18
      17
      12
      18
      12
      27
      19
      27
      24
      21
      26
      26
      25
      25
      19
      25
      25
      20
      21
      22
      18
      16
      22
      26
      24
      15
      19
      27
      29
      23
      30
      27
      22
      25
      31
      19
      12
      23
      16
      25
      30
      31
      19
      30
      22
      23
      25
      20
      22
      23
      19
      28
      18
      22
      18
      23
      11
      21
      19
      22
      19
      17
      15
      23
      30
      23
      21
      26
      17
      27
      19
      22
      21
      22
      22
      19
      22
      22
      27
      31
      28
      21
      24
      17
      28
      17
      21
      19
      25
      13
      30
      20
      17
      20
      22
      24
      19
      21
      25
      20
      28
      20
       9
      18
      18
      20
      23
      25
      25
      19
      26
      20
      22
      21
      20
      24
      24
      20
      28
      19
      24
      24
      27
      29
      16
      13
      32
      25
      23
      23
      27
      27
      24
      25
      26
      33
      29
      24
      24
      27
      25
      38
      29
      26
      30
      32
      37
      43
      33
      49
      27
      40
      37
      47
      46
      50
      51
      67
      64
      71
      75
      89
      88
      82
     116
     117
     133
     167
     173
     225
     231
     243
     269
     293
     333
     400
     412
     482
     506
     541
     575
     648
     753
     818
     862
     903
     951
    1112
    1079
    1193
    1192
    1253
    1262
    1418
    1404
    1409
    1493
    1491
    1524
    1423
    1543
    1449
    1510
    1377
    1366
    1339
    1343
    1274
    1215
    1190
    1098
    1023
     946
     878
     824
     767
     692
     646
     604
     547
     451
     392
     391
     339
     310
     260
     220
     181
     173
     157
     128
     135
      86
      92
      81
      70
      59
      54
      42
      46
      31
      37
      25
      14
      14
      25
      29
      18
      19
      12
      20
      15
      12
      16
      16
      14
      12
      18
       8
      10
      15
      16
       7
       9
      12
       7
      14
      14
      14
      13
      13
       9
      16
      16
      17
      10
      10
      14
      15
       4
       9
       7
      13
      10
      10
      12
       8
      17
      11
       7
       7
      13
       9
       8
      14
      20
      15
      11
      12
      13
      13
      13
       6
       7
       9
      13
      10
      17
      11
      13
       6
      12
       7
      11
       6
      20
      16
      16
      11
      10
      11
      11
      17
      12
      15
      12
      13
       6
      12
       8
      13
      18
      10
      18
      10
      11
      16
      10
       5
      10
      21
      10
      10
      13
      12
      14
      10
      16
      11
      18
      16
       7
      21
      15
      14
      15
       9
      11
      10
       7
      13
      14
      14
      14
       8
      15
       9
       9
      12
      16
      13
       9
      10
      17
      11
      14
      15
      11
      11
      16
      15
       7
       9
      12
       8
       9
      12
       6
      12
      15
       8
       8
      12
      20
       7
       6
      10
      14
      10
      10
       7
      16
       8
      13
      10
      13
       9
      13
       8
      11
       5
      14
      16
       7
      10
      15
      16
      10
       7
       9
      11
      12
      14
       6
      12
       7
       7
      14
       8
      12
      12
      17
      11
      10
       8
      12
       5
      12
      15
      12
       8
       8
       9
      12
       7
      12
      14
       9
      13
      11
      11
      11
      16
      10
       6
       4
      12
       8
       9
      13
      13
      10
      12
       7
       9
      10
       8
       9
       4
      13
       6
      15
      10
      14
      11
      15
      10
      17
       7
       6
      18
       7
       9
       7
      10
      19
      12
       7
       7
      12
      11
       8
      13
      13
      16
      10
      15
      13
      19
      14
      11
      15
      15
       6
      12
       7
       9
      12
      15
       8
       9
       7
       8
      17
       5
       7
      15
       6
      11
      13
       7
       7
      16
       8
      15
      15
      16
      11
      10
      11
      14
      15
       7
       5
      18
      17
      15
      11
       9
       8
      18
      11
      15
       9
      13
      12
      11
      13
       5
      12
      15
       8
       7
       8
       3
      11
      14
      11
      14
       8
      10
       9
      13
      11
      12
      15
       9
      10
       9
      10
      11
      12
      10
      14
       8
       8
       9
      13
      13
      12
      14
      12
      11
      17
      15
      13
       8
      11
       7
       9
       7
      12
       9
       4
      10
      12
      15
      13
       7
       8
      10
      14
      10
      10
      15
      15
       9
       6
       7
      15
      11
      11
       7
      10
       9
      12
       5
       6
       9
       9
      14
       8
      12
      14
       9
       7
      12
      13
       9
      10
       9
       6
      17
      16
      15
       6
      10
      13
      12
      13
       5
       7
      11
      16
      11
       8
      11
       7
      14
      12
      12
      16
       8
      11
       8
       9
      13
      14
      10
      12
       9
      10
       8
      12
       8
      12
      14
      18
      11
       9
       8
      13
      12
      11
       9
       8
      10
       6
      10
      12
       6
       6
      14
      10
      10
      14
      15
      11
       8
      10
      10
       5
      12
      13
       7
      10
      10
      14
      16
      11
      12
      14
       9
       8
       6
      13
      15
      11
       7
      10
       5
      10
       5
       8
       9
       9
       9
       9
      12
      10
       9
      14
       9
       6
       6
      13
      12
       5
      11
       4
      12
       8
      14
      10
      12
      10
       7
      16
      19
       9
      12
      10
      13
      12
      13
      16
      13
       5
       4
      12
      12
      10
      11
      11
       5
      10
      11
       9
      12
      12
      12
      11
      11
      13
       7
       8
       7
       8
      12
       4
      12
      12
      12
      14
       9
       8
      12
      12
      14
       8
      14
      10
      13
      10
      11
       5
       8
       7
      14
       9
       7
      10
      13
      12
       9
      15
      14
      14
      17
      14
      15
      10
       9
      13
       9
       7
      14
       8
      12
      13
      11
      18
       6
      12
      11
       9
      13
       9
      17
      12
      12
       6
      10
      13
      10
      13
      11
      17
       6
      10
      12
      10
      11
      11
      10
       9
      12
      12
       8
       6
       7
       7
       8
       7
      12
      15
       7
      12
      12
      11
      10
      11
      14
       9
      14
      11
      12
      20
       8
      13
       6
      11
      15
       9
       9
      14
      10
      15
      16
      10
       7
       4
      12
      10
       9
      13
       5
       9
       6
      14
       9
      11
      14
      10
      21
       9
       7
      13
      15
       7
      13
       7
      11
      10
      12
      10
       8
      11
      12
      14
      19
      14
       7
       6
       8
      12
       9
       9
      12
      15
      12
      11
      16
       8
      17
      14
      13
       7
      13
      13
      12
       7
       7
      17
       9
       9
      12
       6
      14
       7
      22
       7
      18
       7
      11
      12
      15
      14
      10
       8
      15
      11
       9
      10
       6
       8
      11
      11
       9
      12
      10
      12
      12
      12
       7
      14
      14
      11
       6
       9
      11
      12
       8
      14
      15
       6
      11
       9
       7
      18
      10
      11
      11
       9
       9
      12
       8
       9
      18
      13
      13
       8
       6
      15
      17
      11
       8
      12
       8
      20
       9
      13
      15
       9
      14
       4
       8
       8
      10
      11
       7
       9
      17
      13
      11
      15
      14
       4
       7
      14
      14
      13
       4
       8
       9
      12
       7
       9
      18
      12
      16
       6
       7
      14
      10
      17
      12
       7
      10
      11
      15
      12
      15
      14
       7
       8
       5
      12
      15
      15
      11
      15
      12
       5
      11
       8
       8
      12
      11
       6
       6
      13
      15
       6
       8
      10
      12
       9
      10
       8
       5
       7
      11
       6
       8
      14
      13
       9
      17
      12
       8
       8
       9
      17
      18
      13
       5
       9
      10
       6
       7
      11
       8
      14
      12
      12
       9
      14
      17
       9
      10
       9
      12
      11
      14
      14
      11
      10
      14
      15
       8
      13
       8
      11
       4
       9
      12
       9
      17
      11
      10
       9
      12
      10
      12
       9
       9
       6
       9
      10
      11
      12
      14
      11
      13
      11
      11
       9
      12
      11
      12
      14
      14
      14
      10
       8
      16
       9
      11
      14
      11
      12
      15
       8
      15
       9
       9
      16
      10
       9
      12
      18
      11
      16
       6
      13
      10
       9
      11
      18
       6
      10
      10
      11
       9
      11
       9
      11
       9
      14
      13
      12
      10
      11
      11
       6
       8
       9
       3
      10
      11
       5
       6
       9
      11
       8
      14
       9
       9
      11
      11
       9
      10
      10
      12
      10
      12
      12
      13
      11
      11
       7
      13
       8
       8
      13
      15
      10
      19
      10
      12
      10
       7
       6
      10
       9
       8
       5
      21
      14
      12
      15
      11
       9
      13
       9
       9
      11
      13
       8
      12
      11
      12
      10
      12
      15
      13
       8
       4
       6
      11
      17
      10
      10
      15
      10
       5
      12
      11
       8
       5
      12
      12
      11
       9
      12
      10
       7
       8
       6
      12
      13
      14
      10
      15
       7
       8
      10
       9
      12
      11
      11
       4
       8
      12
       9
      13
       7
       5
       8
      10
      13
       9
      11
      18
       8
      13
       1
       9
      11
      12
       9
      16
      14
      10
      13
      16
      12
      14
      19
       9
      12
      12
      10
       4
      13
      14
       9
      10
       7
       6
      13
      11
      16
       8
      10
       6
      13
      10
       9
       8
       7
      11
      12
       7
      17
      11
      13
       8
      12
      16
      12
      18
      13
      11
      16
       9
      10
      10
      10
      11
       9
       9
       9
      11
      12
      18
       7
      17
       5
       4
      10
      16
       9
      10
      14
      15
      11
       9
      13
       9
      10
       9
      12
      13
       7
       9
      13
      10
      13
       7
      13
      10
       7
      14
      12
      10
      10
      16
      13
      14
      11
      11
      11
       8
      10
      14
       7
       9
      10
      16
       8
      13
       5
      12
       8
       8
       9
      17
       9
      12
      16
       8
      14
      13
      14
      14
       9
       7
      13
      12
       7
      13
       6
      19
      14
       8
      20
      12
      11
       8
       8
      13
      14
      13
       9
      13
      10
      13
       8
      10
       9
      20
      13
      18
       6
      13
       9
      14
      12
      17
      10
       8
      10
      13
      10
      11
      11
      10
       6
      10
       9
      13
      15
      19
       9
      12
       8
      15
      11
      13
      11
       9
      10
      12
      12
      14
      14
      11
      10
       7
      13
      14
      10
       9
       8
       9
      13
      13
      11
       9
      13
      15
      13
      13
      10
      18
      14
       6
       7
       8
      12
      12
      16
       6
       9
      19
      12
      19
      10
      13
      10
       8
      11
       8
      13
       8
      10
       9
      10
      15
      19
       8
      14
      15
       9
      13
      11
      11
       9
      13
      11
       7
      14
      10
      11
      17
      14
       8
      10
      18
      10
       9
      10
       9
      10
       9
      17
      13
      10
      15
      16
       5
      12
      12
       9
      20
       6
       9
      11
      11
      14
      15
      11
      14
      13
      20
      13
      12
      10
       7
       9
      12
      10
      12
      12
       4
      13
      15
       9
      14
       8
      10
       7
      14
       7
      13
       8
       9
       7
      17
      12
      10
       8
      11
      11
      16
       9
      15
      17
      10
      14
       9
      14
      10
       9
      10
      18
      11
       9
       7
       6
       9
      10
      13
       7
       6
      12
       9
       7
      11
      10
      10
       7
       9
       4
      11
      12
      13
       6
      14
      14
      16
      16
      13
      12
      11
      13
       5
      11
      10
      13
       9
      12
      16
      11
      10
      12
      13
       6
      14
      10
      16
      14
      11
      10
      15
      10
       8
       7
      11
       8
      10
       7
      10
       8
       8
      10
       9
      12
       8
      12
      10
      10
      11
      13
      14
      23
      13
       7
       7
      11
       6
       9
      16
      11
       9
       9
      12
      10
      11
       5
      11
      18
      13
      12
      10
      13
       3
      18
      11
      16
       8
       8
       9
      11
      14
       6
      16
      18
      11
      13
      11
      12
      11
       5
      12
       7
      14
      17
      15
      10
      18
      13
      10
       7
       7
      12
      17
      15
      11
      12
      10
      17
      13
      10
      10
       9
      12
      12
       7
      11
      11
      11
       9
      16
      11
       6
       9
      10
      15
      20
      11
      12
      12
       7
       9
      14
      11
       8
      13
      10
      15
       9
      11
      10
      10
       8
      12
       6
      11
      16
       9
      10
       8
      17
      15
       8
      18
      11
      10
      17
      11
      11
       7
       8
      10
       3
      11
      14
      17
      11
       8
      10
      10
      11
      15
       5
      12
      16
      11
       9
       9
       8
       7
       9
       7
       9
      12
      13
      14
      13
      15
      12
       9
      15
      11
      14
       5
      10
       9
      12
      11
       8
       9
      11
      10
       5
      10
      13
      11
      10
       8
       8
      12
      18
       8
      14
      10
      10
      13
      10
      10
      12
       7
      13
      18
       7
      11
      12
      13
       6
      11
      15
       6
       8
       9
       8
      10
      17
      12
      14
      14
      13
      11
      11
      11
      11
      14
      12
      12
      18
       9
      16
       8
       9
      11
      10
      15
      19
       9
      10
      16
      15
      10
       9
       8
      10
       6
      11
       8
      17
      10
      12
      12
       9
      15
      16
      14
      17
      16
      10
      11
       9
      15
      16
      10
      15
      15
      17
      12
      12
      13
      11
      10
      16
      14
      10
       7
      15
      11
      16
       8
      19
      13
      13
      14
      17
      20
      10
      16
      13
      12
       5
      16
      20
      15
      13
       8
      18
      12
      13
      15
      14
      12
       8
      13
      18
      11
      13
      10
      13
       8
      17
       8
      13
      10
      18
      11
      10
      17
      11
      11
       8
      16
      16
      13
      12
      12
      11
      16
      12
      22
      10
      16
      12
      14
       9
      15
      19
      20
      13
      13
      10
      11
       7
      13
      14
      12
      17
      12
      17
      16
      15
      14
      12
      15
       8
      11
      12
      16
      11
       8
      15
      16
       9
      13
       9
      11
      14
      10
      14
      14
      12
       7
      20
       9
      12
      18
      14
       7
       8
      12
      12
      11
      14
      10
      10
       8
      15
      17
      12
      13
      24
      12
      10
      16
      10
      11
       8
      16
      18
      14
      16
      16
      16
       8
      12
      15
      14
       9
      12
      11
      10
      17
      12
      18
       9
       8
      13
      12
      17
      11
       7
       9
      10
      13
      11
      12
      10
      14
       8
      11
      19
      21
       9
       8
      13
      15
      12
      13
      14
      11
      18
      17
       6
      12
      13
      13
      16
      16
      17
      16
      13
      15
       8
      12
      18
      10
       6
      17
       9
      15
      13
      13
       9
      12
      17
      13
      11
      19
      13
      12
      17
      15
      14
      10
      13
       7
       9
      11
      11
      11
      12
      15
      15
      17
      17
       6
      11
      16
      13
      19
      10
      14
      12
      22
      13
      10
       7
      11
      11
      12
      10
       7
       6
      14
      11
      13
      16
      13
      12
      17
       5
      18
      12
       8
      11
      14
      10
      10
      12
       8
       8
      13
      16
      17
      14
      15
      18
      12
      16
      12
      15
      15
       7
      13
      20
       9
      16
       7
      13
      10
       6
      14
      11
      14
      11
      14
      14
      13
      15
      11
      15
      14
      18
      11
      14
      14
      12
      14
      11
       9
      11
      12
      13
      10
      12
      15
      15
      11
      13
      11
      18
      17
      15
      10
      12
       9
      17
      11
      16
      15
      13
      17
      12
      10
      16
      19
      16
      12
      15
      12
      14
      13
       9
       8
      20
      12
      18
      11
      14
      16
      13
      12
      17
      12
      17
      10
      10
      20
       8
       7
      13
      13
      11
      24
      17
      13
      14
      18
      14
      13
       8
      10
      12
       9
      12
      20
      12
      13
      15
      13
      15
       4
      14
      25
      12
      11
      13
      10
      12
      21
      17
       8
      13
      13
      12
       9
      13
      11
      15
      14
       7
      12
      10
      11
      14
       7
      15
      12
      20
      10
      14
      11
      10
      14
      14
      17
      15
      21
      17
      18
      12
      11
      10
       8
      14
      12
      18
      14
      12
      13
      13
      11
      18
      19
      11
      11
      11
      12
      10
      19
      13
      13
      17
      12
      12
      15
      17
      17
      13
      16
       9
      15
      10
      20
      13
      21
      13
      10
      11
      18
      15
      11
      14
      11
      14
      13
      15
      12
      20
      13
       8
      16
      13
      12
      14
      14
      13
      14
      10
      17
      12
      12
       6
      13
      17
      12
      11
      12
      10
      19
      15
      13
      17
      19
      14
       9
      12
      18
      12
      13
       8
      12
       7
      12
      11
      17
      12
      10
      12
      11
      14
      20
      11
      12
       6
      10
      10
      20
      22
      17
      11
      17
      19
      19
      14
      23
      16
      18
      11
      14
      15
      13
      10
      13
      17
      16
      15
      12
      11
       8
      14
      14
      10
      11
       9
      16
      18
      12
      13
      13
      16
      14
      13
      18
      12
      11
      13
      12
      23
      14
      14
      14
      12
      14
      11
      17
      19
      10
      17
      16
      14
      13
      17
      15
      15
      13
      15
       9
      19
      15
      21
      13
      16
      12
      13
      14
      12
      13
      22
      12
      16
      12
      10
      11
      14
      16
      15
      17
      17
      13
      14
      19
      12
      12
      21
      15
      19
      21
      16
      10
      15
      17
      15
      16
      14
      12
      22
      16
      19
      20
      17
       8
      18
      13
      16
      13
       6
       8
      11
      16
      20
      11
      17
      14
      14
      12
      15
      11
      19
      23
      17
      14
      21
       6
      19
      21
      14
      15
      14
      10
      17
      11
      14
      11
      10
      13
      13
      17
      13
      12
      17
      11
       6
      12
      16
      12
      17
      18
      18
       9
      15
      16
      16
      16
      15
      11
      28
      24
      17
       9
       9
      18
      19
      10
      22
      21
      17
      19
      12
      15
       9
      14
      24
      13
      14
      18
      15
      13
      14
      13
      17
      14
      18
      13
      18
      24
      10
      19
      13
      18
      11
      14
      16
      15
      15
      18
      20
      17
      12
      13
      12
      16
       8
      13
      15
      14
      18
      13
      13
      22
       7
      16
      15
      14
      22
      19
      15
      17
      12
      16
      19
      17
      20
      13
      12
      13
      13
      16
      13
      15
      20
      12
      17
      20
      17
      15
      12
      12
      21
      16
      17
      19
      21
      18
      19
      19
      14
      16
      17
      19
      20
      14
      19
      16
      16
      16
      15
       8
      18
      20
      14
      15
      16
      13
      12
      10
      15
      26
      18
      21
      14
      17
      22
      18
      21
      15
       9
      13
      22
      10
      27
       8
      17
      20
      15
       8
      24
      19
      15
      17
      16
      20
      17
      11
      18
      20
      22
      17
      19
      12
      17
      19
      17
      23
      22
      11
      20
      19
      13
      24
      14
      19
      12
      11
      17
      14
      20
      15
      17
      14
      20
      22
      12
      18
      23
      21
      19
      15
      15
      12
      13
      15
      26
      14
      23
      22
      20
      18
      10
      16
      15
      21
      19
      18
      18
      12
      13
      13
      22
      14
      19
      25
      15
      18
      14
      27
      13
      21
      22
      14
      21
      19
      14
      17
      25
      21
      24
      16
      21
      20
      16
      17
      20
      18
      14
      19
      21
      10
      18
      17
      23
      16
      19
      16
      20
      30
      21
      23
      23
      23
      17
      22
      19
      19
      25
      24
      15
      22
      10
      20
      20
       6
      21
      24
      28
      16
      31
      21
      23
      14
      18
      19
      21
      22
      23
      19
      25
      20
      19
      14
      23
      19
      16
      17
      20
      18
      20
      17
      24
      16
      24
      18
      18
      19
      21
      18
      17
      22
      25
      16
      11
      18
      25
      22
      15
      24
      17
      19
      22
      18
      19
      17
      14
      20
      19
      20
      21
      16
      23
      21
      19
      23
      19
      19
      16
      20
      13
      20
      24
      19
      15
      21
      19
      14
      25
      24
      18
      23
      17
      19
      22
      24
      16
      16
      23
      21
      27
      18
      22
      19
      15
      27
      19
      18
      20
      24
      23
      13
      19
      16
      20
      20
      14
      18
      31
      27
      18
      22
      17
      21
      13
      26
      15
      18
      23
      15
      21
      24
      23
      16
      23
      21
      22
      17
      21
      18
      24
      27
      23
      19
      27
      21
      22
      26
      18
      18
      17
      18
      28
      16
      12
      17
      22
      24
      12
      19
      31
      20
      28
      21
      24
      23
      29
      23
      29
      26
      27
      22
      29
      19
      21
      16
      18
      29
      25
      20
      22
      25
      20
      18
      24
      23
      20
      26
      21
      19
      27
      13
      16
      27
      28
      21
      30
      25
      17
      27
      25
      26
      29
      25
      18
      19
      17
      15
      24
      16
      30
      27
      24
      16
      22
      27
      25
      18
      20
      24
      25
      29
      27
      30
      25
      27
      26
      25
      24
      23
      27
      24
      21
      26
      25
      21
      24
      29
      21
      27
      22
      24
      19
      33
      23
      29
      26
      25
      24
      20
      20
      30
      23
      23
      22
      23
      23
      18
      23
      29
      20
      23
      22
      17
      28
      20
      17
      29
      24
      21
      18
      26
      21
      27
      29
      27
      22
      35
      19
      24
      17
      34
      24
      30
      27
      22
      31
      19
      34
      21
      21
      24
      26
      17
      21
      24
      22
      14
      17
      30
      25
      23
      29
      23
      35
      22
      23
      21
      33
      21
      29
      28
      25
      23
      27
      23
      27
      24
      23
      30
      14
      16
      20
      20
      27
      28
      22
      28
      27
      21
      27
      21
      24
      29
      25
      28
      35
      21
      24
      21
      21
      24
      22
      21
      24
      33
      25
      17
      25
      22
      24
      20
      28
      29
      19
      27
      23
      16
      22
      25
      26
      25
      29
      23
      23
      18
      22
      20
      20
      19
      20
      13
      21
      18
      16
      25
      21
      16
      25
      16
      19
      31
      22
      15
      24
      16
      17
      13
      10
      18
      18
      22
      19
      18
      18
      18
      22
      14
      14
      18
      20
      16
      19
      16
      14
      19
      19
      23
      22
      14
      20
      14
      13
      15
      20
      16
      10
      18
      15
      17
      12
       4
      12
      11
      15
       7
      16
      19
      13
      12
      13
      26
       6
      16
      21
      13
      20
      14
      15
      15
      10
      20
      15
       8
      20
      16
      18
      15
      19
      19
      17
      18
      19
      10
      14
       8
      15
      17
      12
      10
       8
       8
       9
       7
      13
      11
      16
      13
      18
      12
      14
      11
      11
      10
      11
      18
      19
      14
      22
      11
      10
      15
      17
      17
      15
      11
      20
       8
       9
      10
      14
      16
      10
       5
      11
      16
      12
      13
      14
      12
      15
      20
       7
      14
      10
      21
       8
      21
      14
      17
      11
      10
      16
       9
      14
      17
      11
       6
      12
      13
       8
       9
      14
      12
      10
       5
      11
      12
      10
      14
      11
       9
       5
       9
       8
      15
      14
       8
      12
      19
      10
      15
       9
      16
      12
       9
      16
       9
       9
      15
      15
      11
       7
      10
       5
      10
      15
      12
      12
      10
       9
      11
      10
       9
      14
      12
      17
      10
      13
      13
      11
      12
      10
      14
      10
      12
       9
       3
       8
       8
      14
      12
      10
       8
       8
      13
      12
      14
      10
      17
      10
      13
      10
       7
      13
       8
       4
      10
      13
       4
      11
       6
       9
      15
       6
      12
       9
       8
      10
      18
       6
      12
      13
       9
       6
      15
       9
      13
      19
       6
      10
      10
       7
      15
       7
       9
       6
       7
       9
      14
      15
       9
      10
      15
      11
      10
       8
      12
       8
      12
      10
      12
       8
      15
       9
      11
       9
       9
       9
      11
      14
       5
       9
       5
      13
       9
      17
       6
      11
       9
       3
       6
      16
      12
       4
      12
       8
      11
       8
      10
      10
      17
      12
      10
       9
      10
       6
      10
      10
       9
       4
       8
       6
      11
       7
       8
      13
      13
      10
       7
      10
      14
       7
       9
       5
      11
       6
      11
       5
       7
      12
      11
      13
       8
       7
      13
       5
      10
      10
       8
       4
       7
      10
      10
      10
       5
       8
       8
       9
       8
       7
       9
       8
       7
       4
      10
       6
       9
       8
       9
      10
      12
      17
       9
       5
       6
      14
       8
       9
       8
      14
       6
       5
       6
       7
       5
       7
       7
       8
       9
       4
       6
       9
      11
       5
      10
       7
       5
       5
       6
      13
       7
       8
       4
      12
       9
      13
       5
       7
       8
       7
       8
       5
      12
      10
       5
       6
       3
       7
       7
       5
       5
       2
       7
       3
      13
       6
       6
       3
       7
      17
       4
       4
       9
       9
       3
       2
       4
       5
       4
       6
       2
       9
       5
       2
       9
       5
      10
      13
      10
       6
       5
       3
      10
       9
       4
       3
       4
       5
       9
      11
       3
       8
       6
       5
      10
       9
       8
       6
       9
       3
       4
       5
       3
       6
       8
       4
       6
       8
       3
       4
       5
       9
       9
       5
       5
       3
       3
      11
      10
      10
       4
       5
       7
       6
       4
       7
       6
       9
       5
       7
       5
       5
       2
       8
      10
       3
       4
       8
       5
       6
       6
       3
       4
       6
       7
       9
       4
       5
       6
       5
       7
       6
       7
       4
       2
       6
       5
       6
       4
       5
       5
       6
       5
       2
       4
       4
       1
       4
       7
       4
       8
       5
       5
       5
       3
       5
       5
       4
       3
       6
       1
       4
       7
       6
       4
       4
       2
       4
       5
       4
       3
       6
       3
       3
       2
       5
       5
       0
       3
       3
       3
       7
       2
       6
       3
       7
       2
       4
       3
       3
       6
       5
       6
       7
       2
       4
       2
       7
       7
       5
       3
       6
       6
       4
       3
       5
       4
       7
       3
       1
       1
       5
       3
       4
       6
       4
       1
       3
       2
       2
       2
       3
       3
       5
       7
       3
       4
       4
       4
       2
       4
       3
       5
       1
       4
       6
       0
       3
       3
       6
       2
       6
       2
       2
       1
       7
       4
       3
       3
       0
       1
       1
       4
       2
       6
       3
       5
       6
       0
       3
       1
       0
       6
       4
       6
       4
       1
       4
       4
       3
       2
       5
       4
       5
       2
       1
       2
       1
       4
       5
       2
       2
       1
       3
       0
       1
       1
       3
       5
       3
       7
       7
       5
       4
       2
       1
       3
       2
       1
       2
       3
       5
       4
       5
       2
       2
       4
       2
       5
       0
       1
       2
       7
       1
       2
       0
       5
       2
       1
       4
       1
       0
       2
       4
       3
       3
       6
       4
       2
       2
       1
       3
       0
       1
       3
       2
       2
       4
       4
       4
       4
       3
       5
       2
       5
       2
       0
       3
       5
       3
       1
       3
       4
       6
       2
       3
       4
       1
       1
       3
       2
       0
       2
       1
       2
       2
       1
       0
       0
       2
       2
       3
       6
       3
       4
       2
       0
       2
       0
       4
       1
       2
       3
       1
       1
       3
       5
       4
       5
       2
       3
       2
       3
       5
       3
       3
       2
       1
       2
       3
       2
       2
       7
       3
       0
       2
       3
       0
       3
       1
       2
       3
       0
       3
       1
       0
       1
       3
       2
       3
       2
       0
       2
       0
       3
       1
       1
       0
       1
       3
       0
       0
       3
       3
       3
       3
       3
       4
       1
       0
       3
       2
       2
       1
       5
       2
       4
       0
       1
       1
       4
       3
       3
       5
       2
       4
       0
       0
       1
       5
       0
       3
       6
       1
       2
       0
       3
       3
       1
       1
       2
       2
       5
       1
       1
       2
       1
       1
       2
       3
       2
       4
       2
       4
       1
       2
       0
       2
       6
       2
       3
       1
       1
       3
       2
       0
       2
       3
       1
       3
       3
       5
       3
       1
       5
       4
       3
       0
       2
       2
       2
       1
       3
       0
       3
       0
       1
       2
       2
       2
       2
       1
       2
       0
       4
       0
       2
       5
       1
       2
       3
       0
       3
       1
       2
       2
       1
       2
       1
       4
       2
       3
       1
       1
       5
       2
       0
       2
       0
       0
       2
       4
       1
       3
       3
       1
       4
       0
       1
       3
       0
       1
       3
       1
       3
       1
       2
       1
       3
       1
       2
       1
       1
       2
       0
       1
       2
       5
       3
       1
       2
       2
       3
       2
       0
       3
       3
       1
       3
       2
       1
       2
       0
       1
       5
       5
       1
       3
       0
       4
       1
       4
       2
       1
       1
       0
       0
       3
       4
       1
       0
       4
       2
       3
       1
       1
       0
       1
       1
       2
       2
       2
       3
       3
       1
       4
       1
       4
       2
       2
       2
       0
       2
       0
       1
       2
       0
       3
       3
       0
       2
       2
       6
       0
       2
       2
       5
       4
       3
       2
       2
       0
       2
       3
       3
       2
       1
       4
       5
       2
       3
       2
       2
       0
       1
       1
       2
       1
       4
       3
       1
       5
       3
       2
       4
       4
       1
       2
       9
       1
       6
       3
       3
       4
       3
       4
       4
       6
       5
       4
       1
       2
       6
       7
       5
      10
       3
       7
       3
       5
       5
       1
      12
      10
      10
      11
       4
       3
      10
      11
       7
       4
       7
      12
      11
      11
       9
       4
       6
      12
       9
      21
      14
      12
      15
      10
      20
      15
      20
      17
      17
      34
      22
      37
      30
      33
      26
      28
      31
      40
      52
      46
      58
      57
      58
      66
      73
      73
      82
      89
     112
      88
     109
     104
      95
     112
     124
     129
     133
     124
     124
     133
     164
     154
     183
     156
     189
     175
     179
     176
     189
     158
     177
     193
     181
     181
     197
     183
     172
     206
     173
     198
     216
     198
     209
     180
     206
     209
     193
     199
     188
     218
     194
     202
     186
     187
     187
     209
     208
     198
     158
     153
     168
     165
     149
     135
     115
     100
     119
      98
      85
      80
      56
      67
      61
      45
      44
      43
      32
      42
      29
      28
      18
      21
      16
      11
       6
       9
       6
       6
       8
       3
       6
       8
       4
       2
       4
       4
       6
       2
       4
       2
       0
       0
       2
       0
       1
       1
       0
       0
       1
       1
       2
       0
       2
       0
       1
       0
       2
       0
       0
       2
       1
       2
       0
       0
       0
       2
       1
       1
       0
       0
       0
       1
       1
       0
       1
       2
       1
       2
       1
       0
       0
       0
       2
       0
       0
       0
       1
       0
       0
       0
       0
       0
       2
       1
       0
       1
       0
       0
       0
       0
       1
       1
       0
       2
       0
       1
       0
       0
       1
       2
       2
       2
       0
       1
       0
       1
       1
       0
       0
       1
       1
       2
       0
       1
       0
       0
       1
       0
       0
       0
       0
       1
       2
       1
       0
       2
       0
       0
       0
       0
       1
       0
       0
       2
       0
       0
       2
       0
       1
       2
       0
       0
       1
       0
       0
       0
       1
       2
       0
       0
       0
       2
       0
       0
       0
       2
       0
       1
       1
       0
       0
       0
       0
       0
       0
       0
       0
       0
       0
       0
       1
       1
       0
       0
       1
       0
       0
       4
       1
       1
       0
       0
       2
       3
       0
       1
       1
       0
       0
       1
       0
       1
       0
       1
       0
       0
       0
       1
       2
       0
       1
       2
       0
       2
       1
       0
       1
       0
       1
       0
       0
       0
       1
       0
       1
       0
       0
       1
       0
       0
       0
       1
       0
       1
       2
       0
       2
       3
       0
       0
       1
       0
       0
       0
       0
       1
       0
       1
       1
       0
       0
       2
       2
       0
       0
       0
       0
       0
       1
       0
       0
       0
       0
       3
       0
       0
       1
       1
       1
       0
       0
       0
       0
       0
       0
       1
       1
       1
       0
       1
       0
       2
       0
       1
       1
       0
       0
       1
       1
       1
       0
       0
       1
       1
       0
       0
       1
       1
       0
       1
       1
       1
       2
       1
       0
       1
       0
       1
       0
       0
       0
       0
       0
       0
       0
       2
       0
       2
       0
       0
       1
       0
       0
       0
       1
       1
       0
       1
       1
       1
       1
       1
       1
       0
       0
       0
       2
       1
       0
       0
       1
       1
       0
       0
       0
       1
       2
       1
       1
       0
       0
       0
       0
       1
       0
       1
       1
       0
       4
       1
       0
       3
       3
       2
       1
       1
       0
       1
       0
       3
       1
       0
       1
       0
       2
       1
       2
       2
       0
       1
       1
       0
       0
       0
       0
       1
       0
       0
       4
       0
       1
       2
       0
       2
       0
       0
       0
       0
       1
       0
       0
       2
       3
       1
       1
       0
       2
       1
       1
       0
       0
       1
       0
       0
       1
       3
       1
       0
       1
       0
       2
       0
       0
       0
       1
       1
       1
       0
       1
       1
       0
       1
       1
       0
       0
       1
       0
       0
       0
       1
       0
       0
       0
       0
       2
       1
       1
       3
       1
       1
       0
       0
       0
       1
       1
       1
       0
       0
       0
       0
       0
       1
       0
       0
       0
       3
       0
       1
       1
       0
       0
       0
       0
       0
       0
       1
       0
       1
       0
       0
       0
       0
       0
       1
       1
       0
       1
       0
       0
       0
       0
       1
       0
       1
       0
       0
       0
       1
       0
       1
       3
       1
       2
       1
       0
       1
       1
       0
       0
       0
       1
       0
       0
       1
       0
       0
       0
       0
       1
       0
       0
       2
       1
       2
       1
       1
       0
       0
       1
       0
       0
       2
       1
       1
       1
       0
       0
       0
       1
       0
       1
       0
       0
       0
       0
       1
       0
       1
       0
       0
       2
       1
       1
       0
       0
       0
       0
       0
       0
       0
       0
       0
       1
       0
       0
       0
       0
       0
       1
       0
       1
       0
       2
       0
       0
       0
       1
       0
       0
       0
       1
       0
       1
       0
       0
       1
       1
       0
       1
       0
       0
       0
       1
       0
       1
       0
       0
       0
       1
       0
       0
       0
       0
       0
       1
       0
       0
       0
       0
       1
       1
       0
       1
       0
       1
       2
       1
       0
       1
       1
       0
       0
       0
       1
       0
       0
       0
       0
       0
       0
       1
       1
       0
       1
       0
       0
       0
       1
       1
       1
       0
       2
       1
       0
       2
       0
       1
       0
       2
       0
       0
       1
       0
       1
       1
       0
       0
       1
       0
       0
       0
       0
       2
       0
       1
       0
       0
       0
       1
       0
       1
       0
       0
       0
       2
       0
       0
       1
       0
       0
       1
       1
       0
       0
       1
       0
       1
       1
       0
       0
       0
       1
       0
       0
       0
       0
       1
       1
       0
       0
       1
       1
       0
       0
       0
       1
       0
       0
       0
       0
       0
       0
       0
       0
       1
       1
       0
       0
       1
       0
       0
       0
       1
       0
       0
       0
       0
       3
       0
       1
       0
       1
       1
       0
       2
       0
       0
       0
       2
       0
       0
       2
       1
       1
       1
       1
       2
       0
       1
       2
       0
       0
       1
       0
       0
       0
       1
       1
       0
       0
       1
       0
       0
       0
       0
       0
       0
       0
       0
       1
       1
       1
       2
       0
       1
       2
       1
       1
       1
       2
       1
       0
       1
       2
       1
       0
       1
       0
       2
       0
       0
       1
       0
       0
       2
       0
       2
       2
       0
       1
       1
       0
       1
       0
       0
       2
       0
       1
       0
       1
       0
       1
       0
       0
       0
       1
       0
       1
       1
       1
       0
       3
       0
       0
       0
       1
       1
       1
       2
       1
       0
       0
       0
       1
       1
       0
       0
       0
       0
       0
       1
       1
       1
       2
       1
       0
       1
       2
       2
       1
       0
       1
       3
       1
       2
       1
       0
       2
       1
       1
       1
       1
       1
       0
       1
       2
       4
       3
       0
       2
       2
       0
       1
       0
       1
       4
       2
       0
       2
       2
       3
       1
       0
       3
       2
       1
       0
       1
       0
       4
       0
       3
       0
       1
       2
       3
       2
       0
       0
       2
       0
       1
       0
       1
       1
       0
       2
       0
       0
       1
       0
       1
       0
       1
       1
       1
       0
       0
       0
       1
       1
       0
       0
       0
       1
       0
       3
       1
       1
       2
       0
       3
       1
       1
       0
       2
       1
       0
       0
       1
       1
       1
       0
       0
       3
       3
       1
       1
       0
       0
       2
       1
       1
       0
       1
       1
       0
       1
       0
       2
       1
       1
       2
       2
       0
       0
       2
       3
       0
       1
       2
       0
       1
       2
       0
       1
       1
       0
       2
       1
       3
       0
       3
       2
       0
       0
       1
       3
       1
       2
       1
       2
       2
       0
       2
       2
       2
       2
       2
       2
       2
       1
       0
       0
       0
       0
       1
       0
       2
       1
       3
       2
       0
       2
       3
       1
       2
       0
       2
       3
       0
       4
       1
       1
       1
       1
       0
       1
       1
       1
       0
       0
       0
       1
       2
       3
       2
       1
       2
       1
       0
       2
       0
       4
       1
       1
       3
       1
       2
       0
       0
       0
       0
       0
       1
       0
       0
       0
       2
       1
       2
       3
       0
       1
       0
       3
       0
       2
       0
       2
       1
       0
       1
       0
       0
       1
       3
       2
       2
       2
       1
       0
       1
       1
       2
       3
       0
       2
       2
       0
       0
       0
       1
       1
       1
       0
       0
       1
       3
       1
       0
       2
       0
       2
       2
       1
       2
       2
       1
       1
       1
       2
       1
       0
       1
       2
       0
       1
       1
       2
       2
       0
       2
       0
       2
       0
       1
       2
       2
       1
       1
       0
       1
       1
       2
       1
       3
       1
       1
       0
       0
       3
       1
       1
       1
       2
       2
       1
       2
       3
       2
       4
       3
       7
       3
       3
       4
       3
       1
       5
       5
       4
       1
       3
       4
       2
       2
       2
       1
       1
       3
       3
       6
       4
       6
       2
       1
       2
       2
       5
       2
       7
       3
       2
       5
       2
       4
       3
       1
       1
       3
       3
       3
       1
       3
       1
       1
       5
       3
       2
       3
       1
       3
       1
       6
       1
       2
       1
       3
       3
       1
       3
       3
       2
       1
       1
       3
       0
       3
       2
       2
       3
       3
       4
       2
       1
       2
       2
       0
       2
       3
       1
       0
       4
       1
       1
       2
       1
       1
       2
       1
       2
       2
       1
       1
       0
       1
       1
       0
       1
       1
       2
       1
       2
       3
       1
       2
       2
       1
       1
       2
       2
       0
       2
       2
       2
       4
       2
       1
       3
       2
       1
       3
       1
       2
       2
       0
       1
       3
       3
       2
       2
       4
       1
       0
       2
       0
       1
       2
       2
       4
       2
       2
       0
       0
       1
       2
       0
       2
       1
       0
       3
       0
       3
       0
       2
       1
       3
       3
       3
       0
       0
       1
       0
       1
       1
       0
       1
       1
       1
       0
       1
       1
       3
       1
       2
       1
       3
       1
       0
       1
       3
       3
       2
       2
$ROI:
5
349 399
960 988
992 1050
1491 1501
5157 5169
$PRESETS:
None
0
0
$ENER_FIT:
0.000000 0.186875
$MCA_CAL:
3
0.000000E+000 1.868748E-001 0.000000E+000 keV
$SHAPE_CAL:
3
0.000000E+000 0.000000E+000 0.000000E+000
