$SPEC_ID:
No sample description was entered.
$SPEC_REM:
DET# 1
DETDESC# DLAB-PHY-L3-49 926 Right
AP# Maestro Version 7.01
$DATE_MEA:
10/18/2024 16:27:26
$MEAS_TIM:
133 145
$DATA:
0 8191
       0
       0
       0
       0
       0
       0
       0
       0
       0
       0
       0
       1
       3
       0
       6
       7
      10
      12
       9
      15
      15
      17
      21
      14
       7
      10
      16
      17
      24
      20
      21
      30
      45
      42
      59
      65
      80
      80
     116
     128
     124
     117
     137
     156
     170
     151
     165
     156
     152
     170
     147
     175
     166
     145
     145
     137
     124
     138
     131
     136
     152
     150
     157
     167
     116
     153
     148
     146
     145
     157
     130
     123
     151
     141
     111
     144
     143
     135
     124
     136
     132
     127
     139
     137
     132
     113
     154
     141
     155
     128
     127
     153
     118
     128
     137
     137
     139
     144
     138
     123
     123
     120
     125
     128
     132
     136
     135
     128
     137
     117
     140
     145
     109
     101
     118
     126
     103
     119
     141
     120
     140
     148
     136
     103
     111
     119
     123
     100
     111
     108
     147
     123
     117
     118
     116
     123
     129
     139
     119
     124
     123
     114
     120
     114
     115
     123
     125
     108
     118
     116
     115
     103
     114
     113
     119
     112
     131
     106
     105
     104
     128
     114
     104
     118
     127
     110
     118
     115
     131
     128
     141
     106
     110
     106
     124
     112
     117
     125
     105
     106
     105
     110
      87
     105
     125
     112
     101
     115
     117
     108
     115
     105
     121
     120
     103
     137
     111
     116
     112
     104
     117
      95
     102
      97
     109
     111
     106
      98
     103
     111
     102
      90
     114
     113
     116
     103
     120
     108
     107
     104
     121
     110
     126
     119
     110
     112
     105
      94
      93
     124
     105
      99
     124
     111
     109
     116
     100
     109
     119
     113
      98
     102
      98
     112
     108
     101
     100
     108
      95
     101
     113
     114
     140
     105
     118
     129
      98
      98
     106
     101
     103
     103
     108
     116
      97
     102
     120
     103
     102
     105
     111
      93
     116
     109
     104
     111
     102
     120
      93
     117
      86
     119
     106
     118
      86
     101
      91
     126
     121
     133
      93
     122
     112
     101
     110
     106
     113
     106
     125
     111
     107
      99
     105
     103
     110
      81
     106
     114
     121
     103
     120
     101
      97
     130
     108
     110
      99
     107
     117
      91
     116
     104
     109
      93
     120
      88
     107
      98
     114
     130
      95
     123
     102
      95
     118
     126
     118
     100
     109
     125
     121
     114
     142
     116
     149
     131
     144
     149
     147
     164
     130
     151
     143
     145
     146
     142
     162
     162
     157
     143
     132
     154
     169
     157
     137
     146
     165
     136
     147
     169
     144
     122
     132
     126
     131
     126
     110
     116
     124
      90
     101
      86
     115
     101
     108
      96
     127
     112
     106
     109
      91
     100
      97
     104
      98
      79
      99
     108
     110
     107
     113
     111
     107
     109
     104
     118
     120
     116
     106
     129
     125
     120
     127
     129
     140
     123
     113
     154
     106
     103
     130
     122
     122
     110
     112
     148
     101
     111
     117
     112
     117
     111
     108
     117
      91
      96
     103
     108
     120
     102
     112
      90
      97
      90
     100
     102
      92
      86
      98
     118
      95
     107
     102
     100
      96
      83
     122
     112
      85
      98
     106
     102
      98
      98
      95
     109
      93
      99
      87
     102
     109
     107
      80
      96
     108
      91
      89
     110
     108
      87
     105
      88
     116
      73
     105
     110
      87
     101
      99
      88
     101
     101
      82
     109
      94
      93
      94
      87
      92
     117
     107
     106
      95
     124
      82
      89
     100
     104
      72
      95
      94
      98
      97
      86
      96
      94
      94
      95
      99
      99
     101
      86
      79
     101
      92
     101
      94
     106
      87
     112
     108
     105
      97
      90
      97
     105
      89
      95
      96
     108
      89
     100
      99
      93
      86
      93
      77
     116
      84
      91
      82
      93
      98
      98
      88
      78
     102
      87
     109
      94
     103
      85
      97
      95
     104
     107
      91
      98
      90
     104
     112
      90
     104
      90
      95
      81
     110
      92
      90
      97
      91
      93
      88
     112
     105
      88
      89
      97
      90
      97
      92
      95
      90
     103
      89
      88
      83
     113
      90
      98
      76
     106
      86
     110
      86
     112
      81
      97
     107
     115
      88
      92
      84
      71
      96
      75
     104
      98
      92
     108
      83
      93
     107
     112
     105
     108
      82
     103
      81
      91
     101
      94
     107
     108
      85
     109
      87
      82
     101
      94
      97
      86
      94
      95
     103
     100
      95
      90
      84
     118
      87
     111
      98
     104
      96
     104
      89
      89
     102
     121
      82
      99
      86
      89
      97
     109
      87
      87
      92
      84
     100
     103
      86
      73
     101
      96
     103
      87
      80
     111
      99
      97
     108
     101
     103
     100
     104
     115
      91
      95
     108
      90
     101
     101
     104
      84
      95
      89
      85
      94
      80
     104
     100
     106
     104
      94
      97
      91
      84
     101
     112
      88
     105
      99
      89
      82
      94
     107
      99
      95
      81
     101
      88
      78
      85
     107
      91
     104
      75
      96
      91
      89
      90
     106
     103
     104
      93
     102
      93
      82
      96
      95
      80
      83
      84
      79
      89
      90
     101
      90
      96
      93
      99
      82
     102
      79
      89
      81
      84
      76
      94
      86
      98
     100
     103
     101
     100
      95
      87
      70
      97
      82
      85
     107
     104
      98
     104
      96
      99
      93
      96
      88
      84
      94
     107
      91
      84
      98
     102
     106
      93
      92
      85
      97
      91
      96
      98
     109
      92
      96
      93
      86
      87
      97
      98
      87
     100
      94
      94
      93
      82
      91
      98
      87
      88
     106
     114
      99
      90
      93
     101
      88
     106
      92
      98
      94
      95
     109
     103
      90
      89
      82
      87
      93
      87
      99
      87
      91
     111
      92
      77
      99
      77
     103
     104
     117
      88
      86
     111
     107
      95
     107
     111
      96
      92
     102
     105
     105
     100
     108
      95
     119
     114
     115
     102
     103
     122
     104
     105
     105
     113
     124
      84
     111
     117
      99
     106
     106
     114
      89
     109
     116
     113
     114
     120
     102
     123
     121
      97
     123
      91
     139
     107
     104
     107
     122
     106
     111
      98
     112
      97
     109
     123
      91
      99
      99
     124
      97
     104
     114
     109
     105
      87
      98
     116
     110
      88
      99
     117
     108
      95
     113
     111
     105
      98
     110
     115
     101
     105
      89
     117
      97
     118
     114
     113
     121
      98
     100
     114
     101
      98
      93
     102
     109
     118
      98
     106
     123
      99
     103
     107
      96
      95
     112
     110
     101
     113
     115
     101
      94
     104
      99
     104
     105
     112
     108
      95
     112
      86
      85
      86
     107
     114
      88
      89
     113
      96
      94
     100
      91
     113
      88
      80
     106
     107
      95
     108
      89
      85
      95
      98
      95
     104
     102
     126
     103
     128
      91
      96
      85
      99
     103
     106
     104
      96
     103
      99
     113
      90
     101
     105
      87
     113
     103
     108
     117
     115
      98
     110
     101
     104
      89
     102
     103
      86
     110
      89
     104
      86
      88
      97
     108
     105
     108
     109
      83
     102
     103
      98
     106
     102
     120
     111
     106
      92
      92
     105
      87
     108
     114
     105
      91
     103
      99
      89
      84
     109
      97
     105
     110
      94
     107
     109
      94
     105
      94
     113
     106
     101
      86
      88
     125
     118
     104
     102
     115
     118
     105
     107
      92
      97
     107
     103
      91
      95
     125
      78
     107
      84
      86
      96
     105
     109
      97
     101
     125
     115
      96
     113
     102
     107
     119
     112
     110
     121
     123
     103
     115
      99
      97
     105
      99
     119
     123
     120
     106
     108
     107
      95
     115
      83
      89
     101
      88
      91
      99
     106
     104
     122
     104
     115
     111
      94
     109
     102
      88
     122
     110
     110
      77
     116
      96
     105
     119
     111
     111
      94
     100
     102
     102
      97
     101
      89
     111
      90
     111
     103
      90
      94
      99
      89
     100
      99
      95
      85
      99
     106
      94
     108
      94
     115
     121
     100
      99
     110
      96
     104
      90
     116
      89
     105
     106
     113
     125
     104
      96
     104
     114
     104
     121
      95
     105
     104
      90
     108
     108
     116
      89
     100
      99
      96
      98
      98
     100
      96
     104
      99
     106
      87
     128
      98
      99
      99
      90
     101
      95
     111
      85
     108
     114
     107
      94
     117
     112
     102
      95
     103
     104
     108
      95
      91
     125
     101
     106
     104
     101
      86
     103
      91
     113
     103
     110
     121
     112
      98
     122
      86
      90
      84
      95
     119
      95
      88
     108
      94
     112
      91
      98
      95
     121
     100
     122
     109
      91
      93
     104
     106
     102
     101
     109
     106
     100
     113
     111
      88
      94
      95
     113
     110
     110
      82
     106
     107
      95
      98
      93
      98
      95
     114
      98
     104
     115
      98
     102
     110
     107
     101
     102
     100
      86
     117
     107
     108
     115
      97
      89
     106
      98
      98
     107
     116
      98
     107
      91
      98
     107
     113
     111
     103
     106
      85
      90
     117
      94
     105
     102
     124
     107
      98
      89
     121
      83
     100
     103
     102
     108
     103
      98
      97
     121
     100
     114
      97
     102
     107
     111
      98
     110
     109
     108
      96
      89
      96
     103
     106
      76
     109
      98
      98
     103
     119
     104
     116
      89
      85
      90
     104
     109
     120
     110
     105
     100
      99
     105
      98
     101
      98
     105
     109
     111
     110
      90
     115
     108
     113
     108
     106
     101
     112
     102
     112
     114
     111
     103
      92
     110
     110
      94
     108
      95
     103
      98
     113
     100
      88
      83
     118
      99
     118
      99
     107
     115
     111
     120
     103
     119
     108
      98
      91
      93
      99
     106
      98
     108
      88
     111
      90
     106
     112
      92
     113
      92
     107
     114
     104
     112
      91
      95
      99
     114
      79
     106
     108
     113
     102
     101
     118
      97
      98
     108
     110
     103
      92
     124
     106
     102
     111
      99
     112
     104
      98
     112
     117
     109
     111
     117
     108
     103
      97
      96
     108
     109
      94
     100
      94
     114
     106
      85
     100
      93
     128
     109
      96
     122
     100
     132
     100
     126
     118
     100
     103
     104
     105
     115
     110
     128
     101
     110
     110
     103
     115
     108
     108
     122
     116
      85
     104
     105
      96
     111
     130
     103
     125
     107
     105
     103
     110
     113
     112
      89
     123
     106
     103
     118
      88
     114
     106
     120
     107
     109
     131
     111
     103
      96
     135
     126
     112
     107
     127
     103
      94
     107
      97
     106
     113
      99
     132
      91
     122
     116
     113
     115
     125
     116
     122
      96
     139
     115
     113
     104
     129
     124
     103
     112
     119
     115
     122
     135
     119
      96
     108
     109
     113
     101
     141
     100
     109
     118
     108
     134
     108
     125
     129
     114
     128
     132
     117
     112
     117
     116
      89
     103
     111
      88
     105
     128
     116
     114
     103
     116
     116
     122
     118
     106
     118
     134
     118
     122
     137
     114
     109
     109
     109
     126
     117
     127
     114
     133
     119
     109
     117
     112
     111
     131
     127
     133
     130
     124
     121
      96
     110
     140
     123
     118
     108
     118
     128
     117
     131
     109
     118
     134
     115
     122
     125
     119
     129
     118
     110
     124
     114
     133
     111
     125
     108
     139
     126
     132
     136
     120
     126
     122
     136
     113
     131
     118
     142
     146
     107
     127
     115
     145
     107
     110
      98
     126
     129
     144
     119
     131
     117
     130
     118
     157
     152
     140
     130
     140
     123
     124
     133
     117
     121
     121
     113
     120
     130
     118
     131
     124
     133
     119
     126
     153
     130
     120
     135
     122
     119
     117
     155
     119
     137
     122
     110
     125
     131
     133
     135
     144
     143
     144
     131
     121
     125
     107
     152
     131
     124
     122
     139
     120
     133
     116
     129
     109
     121
     128
     131
     150
     131
     125
     152
     118
     141
     140
     127
     137
     131
     122
     130
     138
     126
     130
     147
     149
     150
     141
     111
     130
     138
     137
     114
     126
     105
     155
     130
     139
     136
     125
     137
     112
     105
     132
     135
     123
     141
     123
     118
     120
     122
     101
     122
     122
     120
     109
     127
     114
     112
     102
     120
     117
      87
     108
     112
      99
     110
      97
      98
      96
     103
     111
      95
      95
      81
      84
      86
      80
     104
      95
      92
      80
      82
      93
     102
      80
      86
      76
      92
      87
      91
      83
      74
     105
      83
      90
      67
      97
      86
      76
      86
      88
      90
      85
      59
      80
      75
      71
      86
      73
      69
      87
      72
      67
      71
      64
      69
      69
      74
      73
      69
      71
      55
      90
      67
      55
      88
      72
      81
      69
      89
      75
      73
      74
      78
      45
      67
      65
      67
      58
      63
      63
      72
      65
      80
      74
      58
      68
      70
      75
      59
      55
      68
      78
      63
      67
      69
      69
      65
      86
      56
      67
      70
      60
      56
      58
      64
      50
      68
      55
      67
      64
      79
      60
      59
      71
      77
      72
      56
      51
      67
      78
      48
      57
      63
      51
      56
      64
      69
      60
      52
      57
      57
      70
      61
      48
      70
      67
      63
      62
      58
      67
      60
      64
      50
      66
      64
      48
      57
      53
      65
      37
      58
      59
      48
      79
      52
      65
      75
      69
      55
      64
      56
      61
      71
      73
      59
      58
      64
      55
      64
      36
      53
      51
      52
      45
      46
      42
      37
      51
      56
      59
      46
      35
      49
      54
      66
      51
      60
      56
      59
      60
      46
      41
      63
      59
      50
      53
      42
      57
      56
      69
      57
      55
      39
      42
      49
      49
      49
      39
      70
      51
      45
      47
      55
      38
      48
      64
      51
      42
      51
      43
      56
      48
      40
      66
      42
      70
      55
      46
      47
      56
      43
      54
      50
      42
      46
      46
      61
      36
      40
      49
      47
      43
      45
      52
      30
      44
      58
      40
      43
      36
      47
      43
      50
      39
      45
      35
      51
      44
      46
      35
      33
      46
      40
      46
      51
      43
      48
      47
      39
      48
      44
      36
      34
      40
      42
      38
      33
      35
      40
      42
      36
      34
      37
      31
      38
      45
      44
      33
      53
      40
      43
      51
      38
      32
      36
      42
      43
      40
      31
      49
      34
      35
      33
      40
      35
      30
      47
      39
      33
      35
      31
      39
      39
      29
      40
      33
      36
      40
      38
      41
      41
      44
      35
      37
      41
      38
      35
      35
      26
      31
      24
      36
      36
      47
      32
      27
      33
      39
      35
      35
      33
      30
      27
      32
      34
      30
      32
      36
      29
      31
      28
      39
      39
      36
      29
      36
      38
      38
      36
      35
      27
      30
      23
      24
      23
      48
      23
      28
      45
      28
      37
      23
      38
      32
      42
      44
      30
      41
      38
      34
      23
      36
      25
      24
      26
      36
      33
      41
      36
      36
      32
      24
      32
      19
      18
      23
      37
      32
      16
      39
      35
      31
      43
      31
      41
      27
      36
      36
      32
      34
      26
      28
      37
      26
      32
      26
      32
      32
      28
      32
      22
      28
      29
      26
      32
      17
      36
      24
      40
      33
      29
      23
      30
      25
      23
      32
      33
      31
      36
      34
      37
      24
      22
      20
      30
      25
      23
      32
      29
      34
      39
      23
      32
      23
      20
      39
      25
      23
      29
      29
      31
      30
      22
      33
      33
      28
      28
      29
      28
      33
      35
      26
      21
      27
      24
      25
      25
      27
      30
      27
      35
      27
      25
      27
      24
      39
      30
      29
      32
      25
      41
      33
      34
      36
      21
      18
      30
      33
      22
      20
      35
      29
      29
      30
      25
      28
      23
      22
      29
      32
      24
      34
      24
      31
      23
      21
      28
      25
      23
      24
      32
      31
      32
      31
      37
      34
      23
      25
      30
      33
      19
      34
      22
      19
      27
      28
      26
      28
      25
      22
      29
      28
      29
      28
      29
      23
      30
      30
      30
      34
      30
      34
      30
      33
      36
      19
      29
      26
      28
      21
      31
      30
      15
      25
      27
      26
      30
      27
      32
      37
      21
      24
      18
      25
      30
      23
      31
      18
      16
      28
      28
      26
      26
      29
      20
      22
      23
      32
      28
      32
      23
      24
      20
      27
      22
      29
      23
      26
      24
      21
      26
      25
      29
      31
      26
      24
      21
      25
      30
      32
      20
      24
      31
      22
      32
      28
      26
      21
      24
      28
      31
      19
      32
      13
      29
      24
      28
      26
      27
      24
      30
      14
      26
      23
      30
      28
      31
      27
      26
      31
      28
      22
      29
      23
      23
      25
      32
      40
      19
      26
      32
      23
      23
      35
      27
      27
      29
      29
      29
      21
      27
      26
      24
      27
      18
      27
      25
      25
      25
      35
      28
      27
      27
      27
      31
      23
      22
      22
      21
      20
      26
      29
      25
      19
      19
      24
      23
      32
      30
      26
      26
      20
      18
      24
      34
      22
      32
      29
      15
      24
      27
      24
      29
      17
      17
      26
      24
      16
      23
      19
      24
      26
      19
      33
      20
      24
      24
      23
      23
      16
      28
      15
      31
      19
      28
      28
      27
      23
      26
      23
      25
      33
      19
      23
      29
      24
      24
      24
      30
      18
      27
      22
      29
      23
      17
      20
      21
      22
      19
      33
      19
      23
      27
      29
      26
      18
      30
      24
      25
      16
      25
      32
      31
      26
      25
      15
      20
      20
      17
      28
      15
      31
      18
      17
      17
      27
      25
      23
      29
      24
      18
      23
      21
      16
      23
      27
      22
      23
      17
      34
      19
      24
      23
      16
      41
      22
      31
      30
      22
      24
      24
      33
      27
      16
      31
      24
      24
      26
      20
      19
      23
      37
      23
      27
      31
      20
      25
      24
      19
      25
      28
      26
      21
      22
      22
      23
      13
      26
      26
      22
      22
      23
      21
      27
      19
      18
      35
      23
      26
      24
      33
      23
      25
      32
      40
      21
      19
      24
      25
      29
      27
      38
      23
      29
      35
      32
      22
      20
      22
      37
      33
      42
      38
      35
      53
      36
      33
      45
      45
      53
      47
      52
      62
      54
      74
      73
      72
       74
      63
      71
      53
      51
      42
      37
      34
      38
      27
      20
      24
      28
      14
      14
      19
      24
      12
      17
       8
      13
       9
      12
      14
      17
       8
       7
      12
      10
      20
      12
      13
      13
      15
      14
      19
      18
      15
      16
      13
      10
      16
      17
      12
      16
       9
      17
      14
      16
      19
      14
      11
      12
      16
      13
       7
       6
      11
      15
       8
      14
      11
      13
      22
      17
       8
      13
       7
      10
      13
      15
      11
      15
      14
      13
       8
      16
      90
      74
      63
      71
      53
      51
      42
      37
      34
      38
      27
      20
      24
      28
      14
      14
      19
      24
      12
      17
       8
      13
       9
      12
      14
      17
       8
       7
      12
      10
      20
      12
      13
      13
      15
      14
      19
      18
      15
      16
      13
      10
      16
      17
      12
      16
       9
      17
      14
      16
      19
      14
      11
      12
      16
      13
       7
       6
      11
      15
       8
      14
      11
      13
      22
      17
       8
      13
       7
      10
      13
      15
      11
      15
      14
      13
       8
      16
      12
      13
       8
       9
      10
      11
      11
      14
      11
      10
      11
      10
      12
      12
      15
      15
      18
       8
      11
      16
      12
      12
      14
      16
      10
      10
      14
      12
      12
      14
      13
      13
      17
      15
       9
       7
      12
      16
      10
       8
       8
      12
       8
      14
      23
      11
      11
       9
      12
      13
      16
      16
      13
      12
       5
      12
      12
       7
      20
      15
      18
      18
      13
       4
      11
       7
      13
      13
       7
      14
      15
       4
      13
      10
      17
       4
       9
      10
      10
      18
      12
       9
      13
       8
      14
      12
      11
      18
       7
      13
      17
      10
      14
      17
      10
      10
       9
      10
      11
      10
      10
      12
      10
      12
      16
      16
      17
      14
       5
      11
      15
      15
      16
      16
      10
      11
       8
      16
      14
       9
      13
       9
      15
      11
      13
      14
      21
      14
      15
      13
      12
      13
      11
       9
      16
      12
       9
      14
       9
      19
      13
      15
      17
      13
      10
      13
      15
      17
       8
      14
      17
      11
      15
      12
      11
       8
      12
      15
      14
      15
       8
       9
      14
      11
      15
      12
      14
       9
      15
      12
      12
      12
      13
      10
      12
       9
       8
       9
      21
      13
      11
      10
       8
      14
      11
      12
       8
       8
      10
      10
      13
      17
      22
       9
      15
      13
       6
      20
      13
       9
      14
      15
      14
      19
      16
      13
      11
      11
      13
      12
      14
      18
      10
       6
      13
      11
      12
      15
      12
      13
      13
       8
      11
       9
       8
      15
       8
      15
      15
      16
      11
      11
      14
      14
      11
      11
      11
      15
       9
      13
      13
      16
      16
       8
      10
      13
       7
      17
      16
      11
      13
      13
       7
      17
      10
       9
      14
      11
      17
      12
       9
      12
       9
      10
      11
       7
       7
      15
      16
      17
      10
       9
      10
      10
      12
      14
      15
      17
      10
      15
      13
      12
      10
       7
      10
      16
      10
      14
      14
      16
      15
       5
      12
      11
       8
      13
      12
      12
       9
      12
      10
      10
      10
      11
      12
      15
      15
      12
       9
      11
       8
      10
      18
      10
      12
      17
      10
      10
      15
      18
      10
      16
      15
      16
      18
      10
      12
      18
      13
       8
      14
      12
      10
      16
      15
      16
      13
       7
      15
      14
      12
       7
       8
      14
      14
      10
      15
      19
       7
      14
       9
      12
      12
      14
      12
      10
      10
      13
      14
      11
      11
      14
      17
      11
      16
      19
      13
      16
      11
      13
      11
      14
      15
      10
      11
       9
       8
      12
      15
       7
       9
      11
      14
       9
      13
      11
       8
      14
      20
      13
      15
      13
       9
      16
      20
       9
      15
      17
      11
      11
      10
      19
      11
      10
      14
       8
      11
      24
      10
      14
      16
      17
      14
      14
      13
      11
      15
       9
      13
      13
      13
      16
      13
      14
      11
       7
       5
      12
       6
      12
       7
      12
      14
       9
      12
      15
      15
      10
       8
      11
      14
       7
      12
      14
       5
      16
       8
       9
      18
      11
      13
      11
      13
       8
      10
      10
      13
       6
      16
      11
      11
       7
      18
      10
      16
      11
       6
      10
      16
      14
      11
      14
       6
       8
      11
      10
      17
      16
      13
      12
      20
       8
      20
      11
       9
      14
      10
      15
       9
       8
      13
       5
      11
       8
      15
      14
      11
      10
      15
       8
      17
      12
      11
      12
      10
      20
      16
      11
      10
      18
      13
      11
      15
       9
       8
      12
       6
      11
      13
       8
      16
      11
      19
      19
      14
      12
      14
      10
      15
       9
      10
      14
       7
      14
      13
       9
      18
      13
       7
      16
       6
       8
      18
      13
      10
      13
      14
      13
      11
       9
      14
       9
       9
      14
      11
       9
      10
      11
      15
      11
      20
      16
      14
      11
      14
      19
      12
      12
      11
      15
      15
      15
      15
      19
      15
      12
      11
      20
      11
       9
      15
      17
       8
       7
      13
      10
      15
      15
       7
       4
      11
       7
      13
      10
      12
      13
       9
      11
      13
      12
       7
      14
      15
      11
      13
       7
      11
      11
      18
      15
      12
      13
       9
      12
      23
      19
       8
       6
      24
      12
      10
      16
      16
      12
      24
      13
      13
      18
      10
      15
      13
      12
      11
       5
       9
      18
      17
       1
      12
      15
      15
      12
      12
      18
       9
      14
       8
      13
      20
      11
      14
      19
       8
      11
       9
      13
      10
      13
      12
      17
      12
       8
       9
      18
      22
       9
      14
      18
      11
      16
       9
      14
       5
       9
      15
      11
      13
       9
      10
      11
      19
      14
       5
      12
       7
      12
      12
      15
       8
       7
      16
      10
      10
       9
      16
      15
       4
      12
      10
      14
      11
      12
       9
      14
      10
      11
       9
      11
       6
       8
      17
       6
      10
      10
      18
       8
       8
      13
      11
      18
      17
      11
      12
      13
      10
      11
      14
       6
      10
      15
       8
       9
      14
       8
       7
      10
       7
       8
       6
       8
      14
      13
      14
      13
      11
      11
      10
      10
      16
      11
      14
      15
      17
      14
      16
       5
       9
       8
      13
      14
      10
       8
      11
      15
      17
       8
      16
       6
       8
      10
      11
      14
       9
      14
       7
       9
       8
      12
       8
      10
      13
       9
      14
       9
      14
      13
      10
      13
       8
      13
      12
      16
      16
       9
      11
      12
      13
      14
       6
       9
       9
      11
      11
      12
      21
       9
       9
      14
      15
      17
      17
       9
      13
      16
       9
      13
       9
      11
      17
       7
      11
      11
      10
      19
       9
      12
      13
      15
      17
       8
      14
       7
      14
      14
      11
       9
       8
      19
      13
       6
      10
      15
      13
      12
      16
      14
      13
      14
      12
      14
      10
      19
      13
      14
      13
       6
      16
      14
       8
      10
      11
      12
      18
      13
      14
      13
       6
      11
      12
      13
      14
      12
      10
       9
      12
      12
      20
       8
      18
      16
       8
      10
      18
      14
       8
      12
       8
      10
      16
      18
      13
      14
      10
      13
      20
      13
      17
      15
      13
       9
      12
      17
      15
      13
      10
      15
      14
      18
      16
       8
      17
       7
      15
      13
      13
      11
      13
      15
      10
      11
      10
      13
      17
      11
      12
      16
      17
       9
      10
       9
      12
       9
       9
      17
       6
       7
      10
      10
      15
      12
      13
      13
      16
      18
       9
       6
       9
      14
      11
      14
      11
      11
       9
      14
      13
      13
       9
      10
      18
       8
      10
       7
      10
      19
      11
      12
       7
      15
      13
      13
      11
      14
      10
      16
      12
       9
      19
       6
       8
      14
      20
      13
      12
      16
      17
       7
      14
      12
       8
       6
      16
      13
       9
       8
      12
       9
       9
      13
      15
       9
      15
      12
      12
      15
       9
      13
       8
      12
      13
      16
      17
      16
      10
       7
      11
      11
       8
      12
      11
      14
      15
      19
       8
      12
      13
       9
      15
      15
      19
      12
      13
       8
      15
      12
      12
      10
       9
       6
      11
      14
      13
      10
      12
      12
      13
       9
      11
       6
      16
      13
      11
      16
       8
      10
      14
      11
      14
       8
       8
       7
      17
      13
      14
      12
      13
      13
      15
      13
       9
      12
       4
      16
      16
      13
      10
       9
      10
      17
      17
       9
       6
      16
       7
      10
      15
       9
      10
       8
       5
      11
      11
       7
       5
      11
      12
      10
       9
      14
      11
       8
      12
      10
      11
       7
      11
      21
      15
      16
      14
      20
      13
      14
      13
      11
       8
      13
      13
      13
      14
       8
      15
      12
      10
      14
      14
      10
      14
      13
       7
      13
      14
      14
      10
      12
      12
       9
       5
       8
      16
      19
      18
       6
       9
      21
      12
      16
      19
      15
      12
      10
      13
       8
      15
      12
       7
      11
      13
      21
       7
      15
      14
      12
      16
      11
      11
      16
      20
      15
      12
      14
      11
      10
       8
      13
       9
      10
       8
      10
       9
       9
      16
      13
       8
      10
      17
      13
      13
      15
      11
      12
      11
      13
      11
       6
      13
      16
      18
       8
       8
      10
      11
      15
       8
      12
      16
      18
      10
      10
      18
      20
      14
       9
       8
      11
      10
      17
       9
       7
      12
      11
      15
       8
      10
      12
      14
      16
      15
      13
      20
      17
       9
      17
      10
       6
      10
      21
      13
      10
      11
      15
      19
       9
      13
      14
      11
      15
      13
      20
      17
      14
      10
      18
      15
      22
      20
      14
      15
      12
       8
      13
       6
       8
      13
      12
      12
      15
      11
      15
      20
      11
      15
      15
       7
      12
      14
       9
      10
      13
       8
      17
      15
       7
      17
      19
      11
      10
      12
      14
      14
      12
      11
      13
       4
      11
      18
      11
      12
      16
      16
      15
      12
      13
      11
       9
       5
      17
      12
      12
      10
      13
      11
      14
      15
      11
      14
      12
      16
      14
      14
       7
      10
      13
      11
      14
      12
      14
       9
      17
      17
      13
      10
       5
      13
      13
       6
      12
      19
       9
      12
      14
      20
      15
      18
      20
      10
       5
      15
       9
      14
       9
       8
      14
      13
      14
      13
      16
       8
      11
      13
      12
      18
      14
      18
      13
      11
      15
      14
      13
      12
      11
      11
      11
      19
       8
       9
      10
      13
      11
      11
       9
      15
       8
      16
       8
      12
      12
      18
      13
      14
       8
       9
      15
      11
       8
      14
      12
      13
       9
      15
      12
      15
      13
      16
      10
      11
      11
      15
      14
      17
       9
      12
      14
      13
       6
      13
      17
       9
       9
      11
      18
      20
      13
      17
       8
      11
      12
      14
      15
      15
      11
      13
      20
       5
      15
      14
       7
       9
      12
      10
      20
      17
       8
      15
      14
      11
      14
      11
      16
      10
      18
      16
      13
      15
      10
      12
       8
      21
       6
      17
      18
       6
      12
      15
      16
      14
      16
      10
      11
      12
      10
      14
       8
      10
      16
      16
      11
      10
      12
      10
      17
      11
      12
      17
      12
      10
      10
      11
      13
      17
      12
      11
      16
       7
      12
      18
       8
      13
       7
      13
      13
       9
      11
      12
      11
      10
      20
      15
      13
      13
       9
      16
       9
       9
      13
       8
      12
      13
       9
      13
      18
      16
       9
       7
      16
      13
      12
      15
      10
      16
      11
      16
       7
      13
      18
      16
       8
      21
      11
      18
      16
      15
      16
      12
      12
      12
      11
      15
      11
      12
       9
       9
      14
      15
      10
      13
      12
      15
      11
      13
      10
      19
      12
      11
      14
       9
      14
      12
      10
      11
      13
      10
      12
      13
       5
       6
      18
      14
      13
       7
       9
      12
      14
      11
      13
      14
      16
      10
      14
       8
      18
      11
      12
      17
      12
      11
      13
      16
      14
      13
      13
       8
      16
       8
       7
      18
      17
      11
      13
       9
      13
       9
       9
      13
      10
      13
      17
      13
      11
       9
      17
      13
      16
      14
       9
      19
      16
      10
      12
      20
      13
      14
      16
      15
      19
       7
      20
      11
      21
      21
      15
      16
      18
      12
      29
      17
      12
      12
      13
       9
      13
      11
      14
       8
      11
      12
      15
      11
      14
      21
      13
      12
      16
      20
      16
      11
      17
      12
      12
      16
       7
       8
      16
      13
      13
      18
      15
      17
      21
       7
      14
      15
      12
      17
      13
       8
      20
      18
       9
      17
      18
      12
      16
      16
      16
      20
       8
      15
      13
      11
      12
      13
      15
      14
      19
      17
      13
       7
      13
      13
      16
      13
      10
      15
      14
      16
      20
      14
      16
      13
      13
      10
       9
      13
      11
      10
      11
      11
      13
      20
      12
      15
      10
      21
       8
      18
      11
      11
      14
      12
      21
      12
       6
      16
      13
      14
      16
      14
      16
      14
      19
      15
      12
      19
      15
      15
      19
      12
      15
      16
      15
      18
      11
      23
      15
      12
       9
      10
      22
      13
       8
      10
      12
      13
      20
      11
      16
      17
      14
      16
      10
      15
      15
      14
      14
      13
      13
      11
      15
      16
      14
      13
      18
       9
      15
      11
      15
      11
      17
      15
      12
      16
      17
      22
      11
       9
      18
      10
      20
      19
      15
      11
      12
      16
      15
      18
      20
      10
      16
      18
      17
      10
      16
      15
      12
      10
       8
      20
      14
      10
      11
      17
      16
      15
      17
      17
      19
      15
      19
      17
      21
      13
      11
      12
      19
      13
      16
      13
      16
      19
      13
      13
      15
       7
      11
       9
      12
       9
      13
      20
       8
      17
      15
      13
      14
      12
       6
      13
      15
      17
      16
      13
      16
      11
      15
      23
      10
      13
      15
      23
      12
      14
      13
      11
      12
      20
      16
      11
      10
      14
      13
      21
      21
      17
      12
      13
      22
      17
      13
      16
      13
       8
      16
      15
      19
      19
      13
      13
      14
      17
      14
      19
       7
      16
       6
      15
      18
      14
      15
      22
      15
      10
      13
      21
      11
      17
      11
       7
      15
      16
      18
      13
      22
      18
      10
      13
       7
      16
      23
       9
      15
      14
       8
      18
      12
       7
      15
      17
       9
       9
      13
      10
      13
      17
      17
      13
      14
      18
      18
      11
      19
      16
      24
      18
      15
      21
      15
      11
      14
      15
      13
      15
      15
      15
      19
      17
      16
      17
      11
      17
      17
      18
      21
      11
      16
      21
      12
      12
      19
      15
      11
       8
      15
      17
      12
      16
      17
      13
      11
      17
      13
      17
      21
      20
      19
      14
      14
      18
      12
      19
      14
      10
      12
      11
      12
      14
      15
      14
      17
      23
      17
      15
      11
      17
      10
      16
      14
      24
      18
      20
      11
      12
      10
      16
      13
      11
      15
      14
      13
      16
      19
      14
      18
      25
      17
      12
      15
      17
      28
      13
      18
      11
      11
      22
      25
      24
      20
      18
      20
      14
      12
      12
      11
      11
      13
      13
      22
      16
      14
      16
      16
      19
      11
      16
      12
      14
      18
      13
      11
      16
      14
      12
      11
      20
      18
      18
      17
      14
      21
      20
      13
      16
      18
      17
      16
      11
      12
      14
      18
      22
      13
      17
      20
      21
      17
      16
      17
      20
      10
      15
       9
      20
      14
      11
      14
      14
      18
      21
      10
      19
      15
      18
      20
      14
      25
      11
      15
      20
      20
      15
      15
      20
       9
      18
      13
      24
      17
      17
      17
      12
      23
      12
      22
      18
      12
      20
      18
      18
      14
      18
      12
      15
      13
      14
      13
      15
      17
      16
      16
      16
      19
      14
      19
      22
      16
      14
      18
      22
      14
      19
      18
       9
      12
      12
      10
      14
      22
      16
      17
      14
      10
      22
      21
       9
      14
      20
      17
      16
      18
      13
      14
      15
      19
      25
      20
      21
      14
      21
      15
      11
      20
      24
      23
      20
      17
      22
      20
      12
      22
      17
      11
       9
      12
      21
      15
      25
      19
      15
      18
      18
      13
      14
      19
      14
      18
      18
      13
      14
      11
      21
      19
      22
      17
      17
      14
      23
      19
      16
      23
      20
      13
      18
      12
      13
      17
      17
      14
      17
      12
      19
      14
      23
      16
      23
      19
      17
      16
      14
       9
      20
      17
      20
      22
      18
      15
      11
      15
      17
      19
      19
      12
      19
      19
      12
      22
      16
      18
      15
      18
      19
      22
      17
      16
      23
       7
      17
      17
      16
      12
      15
      13
      14
      13
      26
      15
      22
      15
      18
      26
      24
      10
      15
      14
      12
      18
      16
      23
      24
      21
      14
      13
      19
      20
      17
      14
      20
      20
      17
      21
      14
      18
      26
      15
      21
      23
      19
      19
      30
      21
      14
      14
      25
      17
      14
      26
      19
      22
      26
      25
      14
      19
      21
      19
      14
      16
      17
      27
      20
       9
      15
      20
      19
      26
      22
      17
      27
      23
      19
      15
      12
      23
      21
      25
      19
      20
      14
      17
      23
      24
      23
      18
      22
      13
      17
      22
      12
      19
      14
      17
      15
      12
       8
      12
      18
      21
      20
      16
      27
      28
      17
      22
      24
      23
      25
      26
      15
      20
      16
      22
      26
      15
      33
      24
      16
      11
      19
      12
      13
      18
      28
      19
      17
      15
      26
      12
      26
      22
      14
      17
      21
      26
      15
      22
      22
      27
      13
      20
       9
      19
      27
      16
      11
      23
      16
      16
      27
      19
      18
      15
      17
      25
      29
      17
      19
      13
      23
      20
      15
      23
      14
      35
      27
      25
      26
      16
      16
      15
      24
      14
      17
      24
      23
      19
      23
      26
      19
      23
      15
      19
      14
      13
      25
      26
      25
      17
      20
      21
      16
      17
      21
      16
      24
      20
      19
      17
      21
      19
      15
      23
      20
      19
      28
      24
      25
      15
      20
      30
      22
      18
      29
      26
      25
      28
      23
      23
      15
      14
      25
      27
      22
      16
      20
      18
      16
      18
      31
      14
      19
      13
      28
      25
      23
      22
      22
      25
      30
      32
      22
      19
      27
      27
      19
      29
      24
      21
      26
      30
      20
      29
      28
      23
      24
      20
      21
      22
      20
      21
      21
      15
      24
      23
      17
      22
      26
      22
      23
      24
      24
      20
      18
      15
      25
      22
      21
      19
      19
      17
      19
      16
      19
      24
      18
      23
      26
      27
      24
      29
      19
      26
      23
      22
      19
      24
      27
      24
      16
      27
      23
      14
      24
      22
      24
      18
      25
      23
      29
      18
      20
      23
      20
      27
      26
      15
      22
      19
      23
      25
      19
      21
      30
      22
      19
      21
      31
      24
      29
      27
      29
      20
      20
      23
      27
      13
      28
      19
      25
      29
      24
      16
      32
      23
      28
      26
      19
      26
      23
      30
      25
      28
      28
      34
      20
      33
      35
      21
      17
      26
      22
      28
      28
      19
      22
      24
      28
      24
      28
      25
      23
      22
      30
      24
      30
      21
      25
      30
      26
      13
      25
      23
      25
      18
      26
      26
      23
      28
      27
      27
      29
      20
      22
      19
      24
      30
      29
      21
      28
      35
      21
      24
      26
      29
      22
      21
      28
      28
      22
      39
      32
      21
      26
      23
      22
      29
      18
      30
      25
      23
      24
      22
      21
      27
      25
      29
      28
      25
      25
      18
      20
      26
      36
      36
      25
      28
      33
      32
      24
      32
      24
      31
      26
      22
      31
      27
      27
      32
      28
      20
      24
      19
      35
      36
      16
      31
      25
      21
      26
      28
      33
      29
      21
      34
      29
      30
      29
      36
      21
      35
      29
      29
      38
      30
      25
      29
      19
      23
      29
      20
      27
      28
      24
      36
      40
      33
      29
      22
      28
      27
      30
      18
      34
      37
      31
      35
      24
      25
      22
      27
      21
      26
      30
      24
      23
      26
      27
      22
      20
      29
      27
      27
      24
      32
      29
      36
      26
      28
      25
      26
      30
      24
      27
      16
      28
      28
      33
      18
      28
      22
      26
      23
      32
      28
      27
      22
      28
      31
      23
      21
      21
      21
      22
      24
      25
      23
      35
      26
      20
      17
      19
      24
      26
      22
      26
      30
      28
      25
      23
      28
      25
      15
      18
      23
      29
      28
      23
      16
       9
      24
      33
      26
      11
      12
      19
      13
      21
      18
      18
      15
      10
      20
      12
      17
      26
      24
      22
      18
      13
      16
      25
      20
      22
      17
      12
      22
      15
      23
      14
      21
      17
      25
      16
      18
      17
      23
      13
      16
      18
      27
      20
      18
      20
      19
       8
      14
      15
      17
      12
      19
      25
      14
      16
       8
      12
      14
      17
      11
      11
      11
      16
      11
      13
      17
      13
      19
      13
      12
      18
      10
      11
      14
      17
      14
      23
      16
       9
      14
      13
      22
      11
      19
      15
      17
      12
      19
      18
       7
      17
      13
      17
      11
      15
      10
      12
      19
      13
      17
      12
      14
      15
      14
      16
       9
      15
      17
      17
      12
      13
      23
      10
      17
      13
      12
      23
      16
      15
      13
      11
      11
      23
      12
      17
      14
       9
      11
      14
      11
       6
      15
      17
      12
      10
      15
      11
       9
      11
      12
      20
      14
      12
      15
      12
      11
      10
      10
      15
      12
      15
      17
      13
      10
      11
      18
      14
      16
       6
      17
       9
      11
      12
       8
      22
      14
      12
      16
      17
      16
      12
      13
       9
       6
      25
       9
       8
      11
      16
      10
       9
      13
      18
       9
       9
       9
      20
      16
      17
       5
      15
      12
      11
      13
      19
      11
       9
      16
      13
      11
       7
      18
      13
      14
      10
      11
      12
      11
      10
      13
       4
       7
       9
       8
      10
      11
       9
       9
      10
      12
      11
       8
      10
       9
      13
       5
       9
      13
      15
      16
      13
      13
      10
      15
       9
      15
      10
      17
      11
      12
       8
      12
       7
      15
      11
      16
      14
      12
      11
      13
      13
       9
      14
      14
       5
      11
      11
      15
      13
       9
      11
       7
      11
      12
      11
      13
      10
      13
      15
      12
       9
       9
      11
      13
       6
       7
      11
      13
      13
       9
      11
      11
      14
       8
       8
      10
      11
       9
      11
      13
       8
      14
      10
      12
      10
      11
      12
      11
       6
       9
       8
      11
      10
      11
      12
       7
      11
       7
      10
      11
       6
       7
       8
      14
      15
      13
       9
      11
       8
       8
       6
       7
       8
      10
       8
       7
      11
       3
       8
       8
       9
       5
       5
       8
      11
      10
       7
       9
       9
      12
       8
       8
       9
       9
       5
       7
      12
      14
      10
      13
      10
       7
       8
      12
       9
       8
      10
      14
      14
      12
       7
       7
      10
       8
      14
       7
      10
       6
      12
       7
       7
       9
       8
       9
       4
       9
      12
       5
       3
       8
       9
      12
       8
      14
       4
      14
       8
       4
      13
      14
       4
       8
      10
      11
       9
       9
       6
       4
       4
       6
       8
       8
       8
       8
      13
       7
      11
       8
       7
       9
      10
       7
       7
      11
       7
      15
       5
      10
       9
       8
       6
      10
       6
      10
       6
       6
       5
      11
       7
       9
       8
       7
       7
       7
       6
       6
       4
       2
       8
       3
       4
       8
       9
       7
       6
       8
       5
       4
       9
       7
       8
      12
       9
       4
       8
       3
       9
       8
      11
       4
       3
       6
       5
       2
       7
       7
       4
       6
       6
       9
      11
      11
       3
       1
      10
       7
       4
       5
       3
       4
       7
       5
       8
       3
       8
       4
       4
       9
       4
       3
       7
       4
       1
       4
       4
      10
       8
       3
       2
       8
       5
       5
       4
       8
       8
       4
       4
       0
       6
       3
       4
       1
       4
       3
       7
       7
       9
       6
       3
       3
       5
       3
      10
       5
       7
       5
       6
       4
       4
       5
       7
       4
       5
       1
       8
       5
       5
       7
       3
       5
       5
       6
       6
       5
       3
       3
       6
       7
       5
       7
       2
       8
       4
       7
       5
       7
       4
       3
       4
       6
       4
       0
       3
       2
       8
       7
       5
       2
       2
       2
       2
       2
       4
       8
       1
       7
       4
       4
       6
       3
       7
       1
       2
       3
       0
       1
       2
       5
       4
       3
       3
       0
       3
       3
       5
       3
       2
       2
       4
       5
       6
       4
       6
       5
       7
       2
       2
       3
       5
       1
       5
       3
       5
       2
       5
       3
       1
       2
       4
       2
       6
       0
       2
       4
       4
       1
       1
       9
       3
       3
       4
       2
       3
       3
       4
       2
       5
       2
       3
       2
       6
       6
       2
       3
       2
       1
       1
       2
       9
       3
       7
       6
       4
       2
       5
       1
       5
       4
       1
       2
       2
       2
       4
       2
       2
       2
       7
       2
       6
       7
       5
       3
       3
       0
       6
       3
       0
       3
       1
       5
       2
       4
       7
       2
       2
       3
       4
       3
       3
       4
       7
       5
       1
       5
       2
       2
       2
       6
       3
       5
       4
       3
       0
       3
       2
       1
       3
       6
       1
       4
       0
       3
       5
       1
       9
       4
       2
       2
       0
       6
       1
       1
       3
       4
       2
       1
       3
       2
       1
       0
       6
       2
       3
       4
       2
       4
       2
       3
       1
       3
       1
       2
       3
       3
       1
       2
       1
       4
       3
       2
       1
       0
       0
       2
       4
       3
       5
       2
       1
       0
       4
       1
       2
       2
       2
       2
       4
       1
       2
       3
       5
       2
       2
       1
       3
       2
       1
       2
       3
       1
       0
       1
       3
       0
       3
       0
       3
       3
       1
       1
       2
       2
       3
       2
       2
       4
       3
       1
       1
       2
       1
       2
       3
       3
       1
       3
       1
       2
       2
       3
       1
       2
       3
       2
       2
       3
       2
       1
       1
       1
       1
       2
       3
       0
       1
       5
       2
       1
       0
       2
       3
       2
       3
       0
       0
       0
       3
       1
       1
       1
       3
       2
       2
       4
       0
       0
       4
       0
       1
       2
       2
       6
       5
       2
       3
       4
       2
       4
       1
       0
       4
       2
       1
       3
       2
       6
       2
       3
       2
       1
       2
       1
       2
       2
       2
       3
       2
       0
       2
       2
       4
       2
       4
       1
       1
       5
       1
       2
       2
       4
       2
       2
       2
       6
       4
       4
       1
       5
       4
       1
       3
       1
       3
       0
       3
       2
       3
       3
       1
       5
       3
       0
       3
       0
       2
       0
       3
       3
       2
       1
       1
       5
       0
       2
       4
       2
       2
       3
       3
       2
       2
       1
       2
       4
       4
       3
       2
       0
       4
       2
       3
       2
       2
       5
       2
       2
       0
       3
       1
       3
       2
       1
       4
       2
       1
       3
       1
       1
       2
       1
       3
       1
       4
       3
       5
       3
       2
       1
       3
       1
       2
       3
       2
       0
       5
       2
       4
       4
       1
       3
       0
       2
       1
       1
       3
       2
       1
       2
       2
       4
       2
       5
       1
       4
       0
       1
       3
       1
       2
       6
       1
       3
       3
       3
       1
       1
       0
       4
       0
       3
       3
       3
       1
       2
       0
       4
       1
       3
       6
       2
       2
       4
       2
       1
       1
       2
       1
       1
       3
       2
       2
       3
       4
       0
       3
       2
       5
       3
       2
       7
       2
       4
       3
       5
       5
       6
       2
       5
       4
       9
       7
       5
       9
       5
       8
       3
       5
       8
       3
       6
       4
      10
       4
       4
       3
      11
       8
       9
       7
       5
      17
      12
       6
       8
      10
       8
      11
      12
      10
      11
      15
      15
      11
      14
      23
      15
      19
      31
      21
      11
      18
      20
      35
      25
      15
      33
      35
      28
      39
      19
      29
      38
      34
      36
      52
      37
      58
      70
      62
      55
      70
      75
      86  74
      63
      71
      53
      51
      42
      37
      34
      38
      27
      20
      24
      28
      14
      14
      19
      24
      12
      17
       8
      13
       9
      12
      14
      17
       8
       7
      12
      10
      20
      12
      13
      13
      15
      14
      19
      18
      15
      16
      13
      10
      16
      17
      12
      16
       9
      17
      14
      16
      19
      14
      11
      12
      16
      13
       7
       6
      11
      15
       8
       8
      14
      11
      13
      22
      17
       8
      13
       7
      10
      13
      15
      11
      15
      14
      13
       8
      16
      36
      31
      38
      32
      27
      34
      25
      20
      19
      15
       7
       7
      11
       6
       8
       2
       6
       1
       5
       6
       2
       3
       0
       1
       2
       1
       0
       1
       1
       1
       0
       2
       1
       0
       1
       1
       1
       0
       0
       0
       2
       1
       1
       1
       0
       2
       0
       2
       1
       0
       2
       1
       0
       1
       1
       0
       1
       0
       0
       3
       1
       0
       0
       1
       1
       2
       0
       1
       1
       1
       2
       1
       2
       0
       2
       3
       0
       3
       0
       0
       1
       1
       0
       1
       2
       1
       0
       2
       0
       2
       2
       1
       0
       3
       0
       0
       3
       2
       1
       0
       0
       1
       0
       0
       0
       2
       1
       1
       0
       0
       0
       0
       4
       0
       0
       1
       2
       1
       1
       0
       1
       3
       1
       1
       0
       2
       0
       0
       2
       1
       1
       4
       3
       0
       0
       0
       0
       2
       0
       0
       2
       2
       0
       2
       0
       1
       1
       0
       0
       0
       2
       0
       0
       2
       2
       0
       2
       3
       0
       1
       0
       0
       1
       0
       1
       0
       1
       1
       0
       1
       1
       1
       0
       0
       0
       0
       0
       0
       0
       1
       0
       0
       0
       0
       2
       1
       0
       2
       0
       1
       0
       0
       0
       1
       1
       1
       1
       1
       1
       0
       1
       0
       1
       0
       2
       1
       0
       2
       4
       0
       2
       1
       1
       3
       0
       0
       0
       0
       2
       0
       0
       2
       0
       3
       1
       1
       2
       1
       1
       1
       0
       0
       2
       0
       1
       1
       0
       2
       0
       1
       3
       1
       0
       0
       1
       1
       2
       0
       2
       0
       0
       2
       2
       1
       0
       0
       1
       0
       0
       0
       0
       0
       1
       1
       1
       0
       1
       1
       1
       0
       0
       1
       2
       1
       1
       2
       1
       0
       2
       1
       0
       1
       1
       0
       3
       1
       1
       2
       0
       0
       0
       0
       0
       0
       0
       1
       1
       2
       0
       1
       1
       0
       2
       0
       0
       3
       0
       1
       0
       2
       0
       1
       1
       1
       0
       0
       1
       0
       0
       0
       1
       1
       1
       0
       1
       0
       1
       0
       0
       1
       1
       2
       3
       0
       0
       1
       1
       1
       2
       0
       1
       0
       0
       0
       0
       1
       0
       1
       3
       1
       2
       0
       0
       0
       0
       3
       0
       1
       1
       2
       1
       0
       1
       1
       1
       0
       1
       0
       0
       0
       1
       0
       0
       1
       0
       1
       1
       0
       1
       2
       0
       0
       0
       1
       1
       1
       0
       1
       0
       0
       0
       0
       0
       0
       1
       0
       0
       0
       0
       3
       1
       1
       0
       0
       0
       1
       0
       2
       1
       0
       2
       0
       2
       1
       2
       0
       1
       2
       0
       0
       0
       0
       0
       1
       4
       0
       0
       1
       1
       1
       1
       1
       0
       1
       0
       1
       1
       0
       2
       2
       1
       1
       0
       1
       1
       0
       1
       0
       1
       1
       0
       1
       0
       1
       1
       0
       0
       1
       0
       0
       0
       0
       3
       1
       0
       2
       2
       0
       1
       2
       0
       0
       0
       2
       0
       0
       2
       0
       1
       0
       1
       0
       0
       1
       1
       1
       0
       1
       0
       1
       1
       0
       1
       0
       1
       0
       0
       0
       0
       1
       0
       0
       0
       0
       0
       1
       0
       0
       1
       0
       1
       1
       1
       2
       0
       1
       0
       0
       0
       1
       1
       1
       1
       1
       1
       1
       1
       0
       1
       1
       1
       0
       0
       0
       0
       0
       0
       0
       0
       0
       0
       0
       1
       0
       0
       2
       0
       1
       1
       1
       0
       0
       0
       1
       1
       2
       1
       0
       0
       0
       0
       0
       1
       2
       0
       0
       0
       1
       0
       0
       1
       1
       0
       0
       0
       1
       0
       1
       0
       0
       1
       0
       0
       0
       0
       0
       2
       0
       1
       0
       0
       2
       1
       0
       0
       0
       1
       3
       1
       0
       0
       0
       0
       0
       0
       0
       0
       0
       1
       0
       1
       0
       0
       0
       0
       0
       1
       0
       0
       0
       1
       0
       1
       1
       0
       1
       0
       0
       0
       0
       1
       0
       1
       0
       1
       0
       1
       0
       0
       0
       1
       0
       1
       0
       1
       2
       1
       0
       0
       0
       1
       1
       1
       0
       1
       0
       0
       0
       0
       1
       1
       1
       0
       0
       0
       0
       1
       2
       0
       0
       0
       0
       1
       0
       0
       1
       0
       1
       0
       0
       1
       1
       2
       0
       1
       0
       1
       1
       0
       0
       1
       1
       1
       0
       0
       1
       2
       2
       0
       0
       0
       0
       1
       2
       0
       1
       1
       0
       0
       0
       0
       0
       2
       1
       2
       3
       1
       0
       0
       2
       0
       0
       1
       0
       1
       0
       1
       0
       1
       0
       1
       1
       3
       1
       1
       2
       1
       2
       0
       0
       0
       1
       2
       0
       0
       2
       1
       1
       2
       1
       3
       0
       1
       0
       0
       3
       0
       0
       1
       0
       1
       2
       0
       0
       0
       0
       2
       0
       0
       0
       0
       2
       1
       0
       1
       2
       0
       0
       1
       0
       1
       0
       1
       0
       3
       0
       0
       0
       1
       3
       1
       0
       0
       0
       1
       0
       0
       3
       0
       0
       0
       0
       0
       0
       1
       1
       2
       2
       2
       2
       2
       2
       1
       0
       1
       1
       1
       0
       0
       4
       0
       0
       0
       0
       0
       1
       1
       0
       0
       0
       1
       1
       1
       1
       2
       1
       2
       1
       0
       1
       1
       1
       3
       2
       0
       1
       2
       1
       2
       3
       0
       1
       2
       1
       4
       1
       0
       1
       2
       2
       1
       4
       2
       1
       0
       0
       1
       1
       1
       2
       1
       1
       3
       3
       1
       3
       2
       1
       2
       1
       2
       0
       2
       2
       1
       0
       1
       3
       1
       1
       0
       1
       0
       1
       1
       1
       1
       1
       1
       0
       0
       1
       0
       1
       0
       1
       1
       2
       0
       1
       1
       2
       1
       2
       2
       0
       0
       0
       4
       1
       1
       0
       0
       0
       4
       1
       1
       0
       0
       1
       0
       0
       0
       1
       1
       0
       1
       0
       2
       0
       1
       0
       1
       0
       0
       2
       3
       1
       1
       1
       1
       3
       2
       2
       0
       2
       0
       0
       0
       0
       1
       2
       1
       1
       1
       1
       0
       1
       2
       0
       3
       0
       3
       2
       0
       1
       4
       0
       0
       1
       2
       0
       4
       1
       0
       1
       0
       1
       2
       0
       1
       2
       0
       0
       0
       3
       1
       0
       0
       0
       1
       0
       2
       1
       3
       0
       1
       0
       0
       1
       0
       3
       0
       2
       2
       2
       1
       1
       1
       1
       3
       3
       0
       2
       1
       3
       0
       2
       4
       1
       2
       1
       1
       3
       2
       1
       2
       2
       2
       1
       3
       1
       3
       1
       1
       0
       1
       3
       2
       1
       2
       3
       3
       2
       0
       2
       2
       2
       1
       1
       0
       0
       2
       1
       1
       1
       2
       1
       2
       1
       0
       1
       3
       0
       2
       1
       2
       1
       3
       4
       3
       2
       2
       1
       3
       0
       1
       1
       1
       1
       4
       0
       3
       1
       1
       1
       4
       1
       1
       0
       1
       2
       2
       2
       0
       1
       2
       2
       1
       0
       1
       0
       3
       4
       1
       2
       2
       2
       1
       1
       0
       1
       2
       2
       4
       4
       0
       0
       2
       0
       0
       1
       0
       1
       1
       0
       2
       1
       1
       2
       2
       2
       2
       5
       3
       7
       2
       0
       1
       4
       4
       3
       1
       3
       2
       1
       0
       1
       4
       2
       1
       4
       2
       2
       3
       1
       3
       4
       3
       2
       2
       2
       1
       2
       2
       1
       4
       0
       1
       4
       3
       3
       2
       5
       4
       1
       4
       2
       2
       0
       1
       1
       2
       0
       1
       0
       1
       0
       3
       1
       1
       3
       2
       1
       2
       0
       1
       2
       1
       0
       1
       3
       5
       2
       5
       1
       4
       2
       1
       2
       3
       3
       1
       1
       1
       1
       0
       1
       1
       2
       1
       2
       3
       1
       3
       1
       2
       2
       2
       1
       2
       1
       4
       1
       3
       2
       1
       0
       0
       4
       4
       2
       2
       3
       1
       2
       2
       2
       0
       2
       2
       3
       2
       2
       2
       3
       1
       5
       2
       3
       0
       0
       2
       1
       1
       3
       0
       0
       1
       1
       3
       3
       1
       1
       3
       3
       1
       1
       1
       1
       1
       2
       2
       1
       0
       2
       3
       1
       2
       0
       0
       3
       1
       1
       2
       2
       0
       1
       1
       0
       0
       0
       1
       0
       2
       1
       0
       0
       6
       2
       1
       1
       3
       0
$ROI:
5
349 399
960 988
992 1050
1491 1501
5157 5169
$PRESETS:
None
0
0
$ENER_FIT:
0.000000 0.186875
$MCA_CAL:
3
0.000000E+000 1.868748E-001 0.000000E+000 keV
$SHAPE_CAL:
3
0.000000E+000 0.000000E+000 0.000000E+000
